0 15.0 1893.0 685.0
12 15.0 1893.0 683.0
24 15.0 1893.0 683.0
36 15.0 1893.0 680.5
48 15.0 1896.0 680.5
60 15.0 1896.0 678.5
72 15.0 1896.0 678.5
84 15.0 1896.0 678.5
96 15.0 1898.5 676.0
108 15.0 1898.5 676.0
120 15.0 1898.5 674.0
132 15.0 1901.0 674.0
144 15.0 1901.0 671.5
156 15.0 1901.0 671.5
168 15.0 1901.0 671.5
180 15.0 1904.0 671.5
192 15.0 1904.0 671.5
204 15.0 1904.0 671.5
216 15.0 1904.0 671.5
228 15.0 1904.0 671.5
0 19.0 1788.0 757.5
12 19.0 1783.0 769.0
24 19.0 1777.0 780.5
36 19.0 1772.0 791.5
48 19.0 1769.0 803.0
60 19.0 1766.0 814.5
72 19.0 1763.5 825.5
84 19.0 1763.5 837.0
96 19.0 1763.5 846.0
108 19.0 1763.5 857.5
120 19.0 1766.0 866.5
132 19.0 1769.0 875.5
144 19.0 1772.0 884.5
156 19.0 1774.5 893.5
168 19.0 1777.0 905.0
180 19.0 1777.0 918.5
192 19.0 1777.0 932.5
204 19.0 1777.0 943.5
216 19.0 1777.0 955.0
228 19.0 1777.0 964.0
0 21.0 1791.0 839.5
12 21.0 1791.0 837.0
24 21.0 1791.0 837.0
36 21.0 1791.0 837.0
48 21.0 1791.0 837.0
60 21.0 1791.0 835.0
72 21.0 1791.0 835.0
84 21.0 1791.0 835.0
96 21.0 1791.0 835.0
108 21.0 1791.0 835.0
120 21.0 1791.0 832.5
132 21.0 1791.0 832.5
144 21.0 1791.0 832.5
156 21.0 1791.0 832.5
168 21.0 1794.0 830.5
180 21.0 1794.0 830.5
192 21.0 1794.0 830.5
204 21.0 1794.0 830.5
216 21.0 1794.0 830.5
228 21.0 1794.0 828.0
0 25.0 1912.0 756.5
12 25.0 1918.0 759.0
24 25.0 1926.0 761.0
36 25.0 1934.0 763.5
48 25.0 1934.06 763.55
60 25.0 1934.13 763.61
72 25.0 1934.21 763.68
84 25.0 1934.29 763.74
96 25.0 1934.36 763.8
108 25.0 1934.44 763.87
120 25.0 1934.52 763.93
132 25.0 1934.59 764.0
144 25.0 1934.67 764.06
156 25.0 1934.75 764.12
168 25.0 1934.83 764.19
180 25.0 1934.9 764.25
192 25.0 1934.98 764.32
204 25.0 1935.06 764.38
216 25.0 1935.13 764.44
228 25.0 1935.21 764.51
0 27.0 1944.0 499.0
12 27.0 1944.0 499.0
24 27.0 1944.0 499.0
36 27.0 1944.0 502.0
48 27.0 1944.0 502.0
60 27.0 1945.0 504.0
72 27.0 1945.0 504.0
84 27.0 1946.5 506.0
96 27.0 1946.5 506.0
108 27.0 1948.0 508.0
120 27.0 1948.0 508.0
132 27.0 1948.0 511.0
144 27.0 1948.0 511.0
156 27.0 1951.0 513.0
168 27.0 1951.0 513.0
180 27.0 1951.0 515.0
192 27.0 1951.0 515.0
204 27.0 1952.5 517.0
216 27.0 1952.5 517.0
228 27.0 1953.5 520.0
0 29.0 988.0 33.5
12 29.0 994.0 29.0
24 29.0 999.0 25.5
36 29.0 1005.0 22.5
48 29.0 1013.0 18.5
60 29.0 1019.0 15.5
72 29.0 1024.0 12.0
84 29.0 1027.03 11.0
96 29.0 1027.12 11.0
108 29.0 1027.2 11.0
120 29.0 1027.29 11.0
132 29.0 1027.37 11.0
144 29.0 1027.45 11.0
156 29.0 1027.54 11.0
168 29.0 1027.62 11.0
180 29.0 1027.71 11.0
192 29.0 1027.79 11.0
204 29.0 1027.87 11.0
216 29.0 1027.96 11.0
228 29.0 1028.04 11.0
60 1.0 403.0 22.5
72 1.0 450.0 49.5
84 1.0 497.0 76.5
96 1.0 543.5 106.0
108 1.0 590.0 133.5
120 1.0 634.0 169.5
132 1.0 676.0 208.0
144 1.0 720.0 244.5
156 1.0 761.0 280.5
168 1.0 805.0 319.5
180 1.0 849.0 353.5
192 1.0 893.0 387.5
204 1.0 940.0 423.5
216 1.0 984.0 457.5
228 1.0 1028.0 491.5
240 1.0 1075.0 527.5
252 1.0 1119.0 552.5
264 1.0 1163.0 579.5
276 1.0 1207.0 604.5
288 1.0 1254.0 632.0
240 18.0 1937.0 668.5
252 18.0 1937.0 668.5
264 18.0 1934.0 668.5
276 18.0 1931.5 668.5
288 18.0 1931.5 666.0
300 18.0 1929.0 666.0
312 18.0 1926.0 666.0
324 18.0 1923.0 666.0
336 18.0 1923.0 666.0
348 18.0 1920.5 663.5
360 18.0 1918.0 663.5
372 18.0 1918.0 663.5
384 18.0 1915.0 663.5
396 18.0 1912.0 661.5
408 18.0 1909.5 661.5
420 18.0 1909.5 661.5
432 18.0 1907.0 661.5
444 18.0 1904.0 661.5
456 18.0 1904.0 659.0
468 18.0 1901.0 659.0
240 20.0 1776.96 972.45
252 20.0 1776.47 965.87
264 20.0 1775.98 959.29
276 20.0 1775.49 952.71
288 20.0 1775.0 946.13
300 20.0 1774.51 939.55
312 20.0 1774.01 932.97
324 20.0 1773.52 926.39
336 20.0 1773.03 919.81
348 20.0 1772.54 913.23
360 20.0 1772.05 906.65
372 20.0 1771.56 900.07
384 20.0 1771.07 893.49
396 20.0 1770.58 886.91
408 20.0 1770.09 880.33
420 20.0 1769.6 873.75
432 20.0 1769.11 867.17
444 20.0 1768.62 860.59
456 20.0 1768.13 854.01
468 20.0 1767.64 847.43
240 22.0 1794.0 828.0
252 22.0 1794.0 828.0
264 22.0 1794.0 828.0
276 22.0 1794.0 825.5
288 22.0 1794.0 825.5
300 22.0 1794.0 825.5
312 22.0 1794.0 825.5
324 22.0 1794.0 825.5
336 22.0 1796.5 823.5
348 22.0 1796.5 823.5
360 22.0 1796.5 823.5
372 22.0 1796.5 823.5
384 22.0 1796.5 821.0
396 22.0 1796.5 821.0
408 22.0 1796.5 821.0
420 22.0 1796.5 821.0
432 22.0 1796.5 821.0
444 22.0 1796.5 819.0
456 22.0 1796.5 819.0
468 22.0 1796.5 819.0
240 26.0 1935.29 764.57
252 26.0 1935.36 764.64
264 26.0 1935.44 764.7
276 26.0 1935.52 764.76
288 26.0 1935.59 764.83
300 26.0 1935.67 764.89
312 26.0 1935.75 764.96
324 26.0 1935.82 765.02
336 26.0 1935.9 765.08
348 26.0 1935.98 765.15
360 26.0 1936.05 765.21
372 26.0 1936.13 765.28
384 26.0 1936.21 765.34
396 26.0 1936.28 765.4
408 26.0 1936.36 765.47
420 26.0 1936.44 765.53
432 26.0 1936.51 765.59
444 26.0 1936.59 765.66
456 26.0 1936.67 765.72
468 26.0 1936.74 765.79
240 28.0 1953.5 520.0
252 28.0 1954.5 522.0
264 28.0 1954.5 522.0
276 28.0 1954.5 524.0
288 28.0 1954.5 524.0
300 28.0 1957.5 527.0
312 28.0 1957.5 527.0
324 28.0 1957.5 529.0
336 28.0 1957.5 529.0
348 28.0 1959.0 531.0
360 28.0 1959.0 531.0
372 28.0 1960.5 533.0
384 28.0 1960.5 533.0
396 28.0 1962.0 536.0
408 28.0 1962.0 536.0
420 28.0 1962.0 538.0
432 28.0 1962.0 538.0
444 28.0 1964.5 542.0
456 28.0 1964.5 547.0
468 28.0 1966.0 551.0
276 0.0 320.5 16.5
288 0.0 360.5 16.5
300 0.0 401.5 16.5
312 0.0 442.5 16.5
324 0.0 484.5 19.0
336 0.0 531.5 21.0
348 0.0 577.5 21.0
360 0.0 624.5 23.5
372 0.0 671.5 25.5
384 0.0 718.5 28.0
396 0.0 765.5 28.0
408 0.0 809.5 32.5
420 0.0 853.5 34.5
432 0.0 897.5 39.0
444 0.0 941.5 41.5
456 0.0 985.5 46.0
468 0.0 1029.5 48.5
480 0.0 1073.5 53.0
492 0.0 1117.5 55.0
504 0.0 1152.5 61.0
