   4.1000000e+01   1.5200000e+02
   5.0000000e+01   1.2400000e+02
   8.8000000e+01   1.2500000e+02
   1.2500000e+02   1.2500000e+02
   1.5900000e+02   1.2400000e+02
   1.4900000e+02   1.5200000e+02
   2.3300000e+02   1.6000000e+01
   2.6900000e+02   3.7000000e+01
   3.0400000e+02   5.4000000e+01
   3.6600000e+02   3.0000000e+01
   5.0900000e+02   1.5700000e+02
   9.2000000e+01   5.5600000e+02
   9.7000000e+01   5.1300000e+02
   7.5000000e+01   4.9100000e+02
   2.0000000e+01   4.9000000e+02
   4.1000000e+01   1.5200000e+02
