 5 6
 13 12
 14 15
 24 25
 41 40
 46 47
 52 53 54
 60 59
 65 64
 71 72
 75 76 78 81
 79 80
 85 86
 92 93
 90 89
 97 96
 101 102
 104 105
 107 106
 113 114
 120 119
 123 124
 138 139
 143 142
 156 157
 164 165
 174 175
 181 182
 194 195
 200 201
 207 208
 223 224
 231 232
 236 235
 252 253
 267 268 269
 280 281
 284 285
 291 295
 293 294
 296 297
 300 301
 315 317
 322 323
 340 341
 348 349
 358 359
 362 363
 366 365
 367 368
 369 371
 372 373
 375 376 377
 382 383
 394 393
 388 389
 398 399
 402 403
 404 405
