0.000000 1.000000 16.085000 13.733000
12.000000 1.000000 15.567000 13.889000
24.000000 1.000000 15.082000 14.027000
36.000000 1.000000 14.563000 14.166000
48.000000 1.000000 14.079000 14.304000
60.000000 1.000000 13.595000 14.442000
72.000000 1.000000 13.111000 14.581000
84.000000 1.000000 12.782000 14.719000
96.000000 1.000000 11.941000 14.981000
108.000000 1.000000 11.423000 15.137000
120.000000 1.000000 10.905000 15.293000
132.000000 1.000000 10.387000 15.449000
144.000000 1.000000 9.869000 15.605000
156.000000 1.000000 9.351000 15.761000
168.000000 1.000000 8.833000 15.917000
180.000000 1.000000 8.315000 16.073000
192.000000 1.000000 7.797000 16.229000
204.000000 1.000000 7.279000 16.385000
216.000000 1.000000 6.761000 16.541000
228.000000 1.000000 6.243000 16.697000
0.000000 5.000000 -18.455000 11.364000
12.000000 5.000000 -17.953000 11.364000
24.000000 5.000000 -17.435000 11.364000
36.000000 5.000000 -16.916000 11.364000
48.000000 5.000000 -16.397000 11.364000
60.000000 5.000000 -15.878000 11.364000
72.000000 5.000000 -15.359000 11.364000
84.000000 5.000000 -14.979000 11.364000
96.000000 5.000000 -14.439000 11.364000
108.000000 5.000000 -13.937000 11.364000
120.000000 5.000000 -13.435000 11.364000
132.000000 5.000000 -12.933000 11.364000
144.000000 5.000000 -12.431000 11.364000
156.000000 5.000000 -11.929000 11.364000
168.000000 5.000000 -11.427000 11.364000
180.000000 5.000000 -10.925000 11.364000
192.000000 5.000000 -10.423000 11.364000
204.000000 5.000000 -9.921000 11.364000
216.000000 5.000000 -9.419000 11.364000
228.000000 5.000000 -8.917000 11.364000
0.000000 7.000000 -19.977000 -5.275000
12.000000 7.000000 -19.839000 -5.552000
24.000000 7.000000 -19.718000 -5.690000
36.000000 7.000000 -19.597000 -5.967000
48.000000 7.000000 -19.458000 -6.106000
60.000000 7.000000 -19.130000 -6.106000
72.000000 7.000000 -18.732000 -6.106000
84.000000 7.000000 -18.490000 -6.244000
96.000000 7.000000 -18.873000 -7.491000
108.000000 7.000000 -18.735000 -7.768000
120.000000 7.000000 -18.597000 -8.045000
132.000000 7.000000 -18.459000 -8.322000
144.000000 7.000000 -18.321000 -8.599000
156.000000 7.000000 -18.183000 -8.876000
168.000000 7.000000 -18.045000 -9.153000
180.000000 7.000000 -17.907000 -9.430000
192.000000 7.000000 -17.769000 -9.707000
204.000000 7.000000 -17.631000 -9.984000
216.000000 7.000000 -17.493000 -10.261000
228.000000 7.000000 -17.355000 -10.538000
0.000000 10.000000 16.501000 -0.017000
12.000000 10.000000 16.501000 -0.017000
24.000000 10.000000 16.501000 -0.017000
36.000000 10.000000 16.501000 -0.017000
48.000000 10.000000 16.501000 -0.017000
60.000000 10.000000 16.501000 -0.017000
72.000000 10.000000 16.501000 -0.017000
84.000000 10.000000 16.501000 -0.017000
96.000000 10.000000 16.501000 -0.017000
108.000000 10.000000 16.501000 -0.017000
120.000000 10.000000 16.501000 -0.017000
132.000000 10.000000 16.501000 -0.017000
144.000000 10.000000 16.501000 -0.017000
156.000000 10.000000 16.501000 -0.017000
168.000000 10.000000 16.501000 -0.017000
180.000000 10.000000 16.501000 -0.017000
192.000000 10.000000 16.501000 -0.017000
204.000000 10.000000 16.501000 -0.017000
216.000000 10.000000 16.501000 -0.017000
228.000000 10.000000 16.501000 -0.017000
0.000000 12.000000 6.002000 10.533000
12.000000 12.000000 6.382000 10.257000
24.000000 12.000000 6.832000 10.118000
36.000000 12.000000 7.299000 9.963000
48.000000 12.000000 7.766000 9.824000
60.000000 12.000000 8.147000 9.547000
72.000000 12.000000 8.596000 9.409000
84.000000 12.000000 9.046000 9.271000
96.000000 12.000000 9.042000 8.325000
108.000000 12.000000 9.422000 8.049000
120.000000 12.000000 9.802000 7.773000
132.000000 12.000000 10.182000 7.497000
144.000000 12.000000 10.562000 7.221000
156.000000 12.000000 10.942000 6.945000
168.000000 12.000000 11.322000 6.669000
180.000000 12.000000 11.702000 6.393000
192.000000 12.000000 12.082000 6.117000
204.000000 12.000000 12.462000 5.841000
216.000000 12.000000 12.842000 5.565000
228.000000 12.000000 13.222000 5.289000
108.000000 3.000000 -21.638000 44.157000
120.000000 3.000000 -21.361000 43.742000
132.000000 3.000000 -20.980000 43.586000
144.000000 3.000000 -20.600000 43.448000
156.000000 3.000000 -20.202000 43.310000
168.000000 3.000000 -19.804000 43.171000
180.000000 3.000000 -19.424000 43.033000
192.000000 3.000000 -19.043000 43.033000
204.000000 3.000000 -19.422000 40.837000
216.000000 3.000000 -19.145000 40.422000
228.000000 3.000000 -18.868000 40.007000
240.000000 3.000000 -18.591000 39.592000
252.000000 3.000000 -18.314000 39.177000
264.000000 3.000000 -18.037000 38.762000
276.000000 3.000000 -17.760000 38.347000
288.000000 3.000000 -17.483000 37.932000
300.000000 3.000000 -17.206000 37.517000
312.000000 3.000000 -16.929000 37.102000
324.000000 3.000000 -16.652000 36.687000
336.000000 3.000000 -16.375000 36.272000
240.000000 2.000000 6.555000 15.982000
252.000000 2.000000 6.036000 15.982000
264.000000 2.000000 5.517000 16.120000
276.000000 2.000000 5.050000 16.258000
288.000000 2.000000 4.532000 16.258000
300.000000 2.000000 4.220000 16.397000
312.000000 2.000000 3.892000 16.674000
324.000000 2.000000 3.632000 16.812000
336.000000 2.000000 2.403000 15.982000
348.000000 2.000000 1.884000 15.982000
360.000000 2.000000 1.365000 15.982000
372.000000 2.000000 0.846000 15.982000
384.000000 2.000000 0.327000 15.982000
396.000000 2.000000 -0.192000 15.982000
408.000000 2.000000 -0.711000 15.982000
420.000000 2.000000 -1.230000 15.982000
432.000000 2.000000 -1.749000 15.982000
444.000000 2.000000 -2.268000 15.982000
456.000000 2.000000 -2.787000 15.982000
468.000000 2.000000 -3.306000 15.982000
240.000000 6.000000 -10.343000 11.848000
252.000000 6.000000 -10.049000 11.848000
264.000000 6.000000 -9.686000 11.848000
276.000000 6.000000 -9.409000 11.848000
288.000000 6.000000 -9.046000 11.848000
300.000000 6.000000 -8.683000 11.917000
312.000000 6.000000 -7.956000 11.917000
324.000000 6.000000 -7.645000 11.917000
336.000000 6.000000 -7.991000 11.848000
348.000000 6.000000 -7.697000 11.848000
360.000000 6.000000 -7.403000 11.848000
372.000000 6.000000 -7.109000 11.848000
384.000000 6.000000 -6.815000 11.848000
396.000000 6.000000 -6.521000 11.848000
408.000000 6.000000 -6.227000 11.848000
420.000000 6.000000 -5.933000 11.848000
432.000000 6.000000 -5.639000 11.848000
444.000000 6.000000 -5.345000 11.848000
456.000000 6.000000 -5.051000 11.848000
468.000000 6.000000 -4.757000 11.848000
240.000000 8.000000 -18.282000 -6.659000
252.000000 8.000000 -18.282000 -6.659000
264.000000 8.000000 -18.282000 -6.659000
276.000000 8.000000 -18.282000 -6.659000
288.000000 8.000000 -18.282000 -6.659000
300.000000 8.000000 -18.282000 -6.659000
312.000000 8.000000 -18.282000 -6.659000
324.000000 8.000000 -18.282000 -6.659000
336.000000 8.000000 -18.282000 -6.659000
348.000000 8.000000 -18.282000 -6.659000
360.000000 8.000000 -18.282000 -6.659000
372.000000 8.000000 -18.282000 -6.659000
384.000000 8.000000 -18.282000 -6.659000
396.000000 8.000000 -18.282000 -6.659000
408.000000 8.000000 -18.282000 -6.659000
420.000000 8.000000 -18.282000 -6.659000
432.000000 8.000000 -18.282000 -6.659000
444.000000 8.000000 -18.282000 -6.659000
456.000000 8.000000 -18.282000 -6.659000
468.000000 8.000000 -18.282000 -6.659000
240.000000 11.000000 16.501000 -0.017000
252.000000 11.000000 16.501000 -0.017000
264.000000 11.000000 16.501000 -0.017000
276.000000 11.000000 16.501000 -0.017000
288.000000 11.000000 16.501000 -0.017000
300.000000 11.000000 16.501000 -0.017000
312.000000 11.000000 16.501000 -0.017000
324.000000 11.000000 16.501000 -0.017000
336.000000 11.000000 16.501000 -0.017000
348.000000 11.000000 16.501000 -0.017000
360.000000 11.000000 16.501000 -0.017000
372.000000 11.000000 16.501000 -0.017000
384.000000 11.000000 16.501000 -0.017000
396.000000 11.000000 16.501000 -0.017000
408.000000 11.000000 16.501000 -0.017000
420.000000 11.000000 16.501000 -0.017000
432.000000 11.000000 16.501000 -0.017000
444.000000 11.000000 16.501000 -0.017000
456.000000 11.000000 16.501000 -0.017000
468.000000 11.000000 16.501000 -0.017000
324.000000 9.000000 20.167000 41.494000
336.000000 9.000000 19.787000 41.494000
348.000000 9.000000 19.337000 41.494000
360.000000 9.000000 18.939000 41.494000
372.000000 9.000000 18.542000 41.078000
384.000000 9.000000 18.161000 40.802000
396.000000 9.000000 17.902000 40.231000
408.000000 9.000000 17.573000 39.747000
420.000000 9.000000 17.127000 41.494000
432.000000 9.000000 16.747000 41.494000
444.000000 9.000000 16.367000 41.494000
456.000000 9.000000 15.987000 41.494000
468.000000 9.000000 15.607000 41.494000
480.000000 9.000000 15.227000 41.494000
492.000000 9.000000 14.847000 41.494000
504.000000 9.000000 14.467000 41.494000
516.000000 9.000000 14.087000 41.494000
528.000000 9.000000 13.707000 41.494000
540.000000 9.000000 13.327000 41.494000
552.000000 9.000000 12.947000 41.494000
348.000000 4.000000 -14.131000 41.217000
360.000000 4.000000 -13.941000 40.940000
372.000000 4.000000 -13.750000 40.663000
384.000000 4.000000 -13.543000 40.387000
396.000000 4.000000 -13.543000 39.816000
408.000000 4.000000 -13.543000 39.401000
420.000000 4.000000 -13.543000 38.968000
432.000000 4.000000 -13.491000 38.553000
444.000000 4.000000 -12.611000 39.001000
456.000000 4.000000 -12.421000 38.724000
468.000000 4.000000 -12.231000 38.447000
480.000000 4.000000 -12.041000 38.170000
492.000000 4.000000 -11.851000 37.893000
504.000000 4.000000 -11.661000 37.616000
516.000000 4.000000 -11.471000 37.339000
528.000000 4.000000 -11.281000 37.062000
540.000000 4.000000 -11.091000 36.785000
552.000000 4.000000 -10.901000 36.508000
564.000000 4.000000 -10.711000 36.231000
576.000000 4.000000 -10.521000 35.954000