0.000000 14.000000 21.467000 -17.871000
12.000000 14.000000 20.844000 -17.956000
24.000000 14.000000 20.221000 -18.040000
36.000000 14.000000 19.711000 -18.040000
48.000000 14.000000 19.088000 -18.125000
60.000000 14.000000 18.465000 -18.125000
72.000000 14.000000 17.927000 -18.125000
84.000000 14.000000 17.332000 -18.125000
96.000000 14.000000 16.483000 -18.551000
108.000000 14.000000 15.860000 -18.636000
120.000000 14.000000 15.237000 -18.721000
132.000000 14.000000 14.614000 -18.806000
144.000000 14.000000 13.991000 -18.891000
156.000000 14.000000 13.368000 -18.976000
168.000000 14.000000 12.745000 -19.061000
180.000000 14.000000 12.122000 -19.146000
192.000000 14.000000 11.499000 -19.231000
204.000000 14.000000 10.876000 -19.316000
216.000000 14.000000 10.253000 -19.401000
228.000000 14.000000 9.630000 -19.486000
240.000000 15.000000 10.167000 -17.078000
252.000000 15.000000 9.629000 -16.993000
264.000000 15.000000 9.119000 -16.794000
276.000000 15.000000 8.496000 -16.709000
288.000000 15.000000 7.987000 -16.539000
300.000000 15.000000 7.590000 -16.370000
312.000000 15.000000 7.080000 -16.200000
324.000000 15.000000 6.542000 -16.001000
336.000000 15.000000 5.863000 -16.398000
348.000000 15.000000 5.325000 -16.313000
360.000000 15.000000 4.787000 -16.228000
372.000000 15.000000 4.249000 -16.143000
384.000000 15.000000 3.711000 -16.058000
396.000000 15.000000 3.173000 -15.973000
408.000000 15.000000 2.635000 -15.888000
420.000000 15.000000 2.097000 -15.803000
432.000000 15.000000 1.559000 -15.718000
444.000000 15.000000 1.021000 -15.633000
456.000000 15.000000 0.483000 -15.548000
468.000000 15.000000 -0.055000 -15.463000
348.000000 18.000000 9.006000 -18.295000
360.000000 18.000000 9.459000 -18.040000
372.000000 18.000000 10.082000 -17.786000
384.000000 18.000000 10.705000 -17.417000
396.000000 18.000000 11.300000 -17.163000
408.000000 18.000000 11.923000 -16.794000
420.000000 18.000000 12.461000 -16.709000
432.000000 18.000000 13.084000 -16.709000
444.000000 18.000000 12.630000 -16.255000
456.000000 18.000000 13.083000 -16.000000
468.000000 18.000000 13.536000 -15.745000
480.000000 18.000000 13.989000 -15.490000
492.000000 18.000000 14.442000 -15.235000
504.000000 18.000000 14.895000 -14.980000
516.000000 18.000000 15.348000 -14.725000
528.000000 18.000000 15.801000 -14.470000
540.000000 18.000000 16.254000 -14.215000
552.000000 18.000000 16.707000 -13.960000
564.000000 18.000000 17.160000 -13.705000
576.000000 18.000000 17.613000 -13.450000
588.000000 19.000000 20.986000 -16.313000
600.000000 19.000000 21.722000 -16.313000
612.000000 19.000000 22.544000 -16.313000
624.000000 19.000000 23.252000 -16.313000
636.000000 19.000000 23.875000 -16.426000
648.000000 19.000000 24.611000 -16.483000
660.000000 19.000000 25.347000 -16.681000
672.000000 19.000000 25.970000 -16.766000
684.000000 19.000000 26.874000 -16.313000
696.000000 19.000000 27.610000 -16.313000
708.000000 19.000000 28.346000 -16.313000
720.000000 19.000000 29.082000 -16.313000
732.000000 19.000000 29.818000 -16.313000
744.000000 19.000000 30.554000 -16.313000
756.000000 19.000000 31.290000 -16.313000
768.000000 19.000000 32.026000 -16.313000
780.000000 19.000000 32.762000 -16.313000
792.000000 19.000000 33.498000 -16.313000
804.000000 19.000000 34.234000 -16.313000
816.000000 19.000000 34.970000 -16.313000
1188.000000 0.000000 32.569000 -18.550000
1200.000000 0.000000 31.889000 -18.550000
1212.000000 0.000000 31.266000 -18.550000
1224.000000 0.000000 30.643000 -18.437000
1236.000000 0.000000 30.134000 -18.437000
1248.000000 0.000000 29.510000 -18.352000
1260.000000 0.000000 28.887000 -18.352000
1272.000000 0.000000 28.264000 -18.267000
1284.000000 0.000000 27.129000 -18.550000
1296.000000 0.000000 26.449000 -18.550000
1308.000000 0.000000 25.769000 -18.550000
1320.000000 0.000000 25.089000 -18.550000
1332.000000 0.000000 24.409000 -18.550000
1344.000000 0.000000 23.729000 -18.550000
1356.000000 0.000000 23.049000 -18.550000
1368.000000 0.000000 22.369000 -18.550000
1380.000000 0.000000 21.689000 -18.550000
1392.000000 0.000000 21.009000 -18.550000
1404.000000 0.000000 20.329000 -18.550000
1416.000000 0.000000 19.649000 -18.550000
1188.000000 1.000000 32.569000 -17.474000
1200.000000 1.000000 31.889000 -17.474000
1212.000000 1.000000 31.266000 -17.361000
1224.000000 1.000000 30.757000 -17.361000
1236.000000 1.000000 30.134000 -17.304000
1248.000000 1.000000 29.510000 -17.304000
1260.000000 1.000000 28.887000 -17.304000
1272.000000 1.000000 28.264000 -17.304000
1284.000000 1.000000 27.129000 -17.474000
1296.000000 1.000000 26.449000 -17.474000
1308.000000 1.000000 25.769000 -17.474000
1320.000000 1.000000 25.089000 -17.474000
1332.000000 1.000000 24.409000 -17.474000
1344.000000 1.000000 23.729000 -17.474000
1356.000000 1.000000 23.049000 -17.474000
1368.000000 1.000000 22.369000 -17.474000
1380.000000 1.000000 21.689000 -17.474000
1392.000000 1.000000 21.009000 -17.474000
1404.000000 1.000000 20.329000 -17.474000
1416.000000 1.000000 19.649000 -17.474000
1188.000000 2.000000 32.569000 -16.058000
1200.000000 2.000000 31.889000 -16.058000
1212.000000 2.000000 31.181000 -16.058000
1224.000000 2.000000 30.558000 -15.973000
1236.000000 2.000000 29.850000 -15.973000
1248.000000 2.000000 29.227000 -15.860000
1260.000000 2.000000 28.717000 -15.860000
1272.000000 2.000000 28.094000 -15.860000
1284.000000 2.000000 27.129000 -16.058000
1296.000000 2.000000 26.449000 -16.058000
1308.000000 2.000000 25.769000 -16.058000
1320.000000 2.000000 25.089000 -16.058000
1332.000000 2.000000 24.409000 -16.058000
1344.000000 2.000000 23.729000 -16.058000
1356.000000 2.000000 23.049000 -16.058000
1368.000000 2.000000 22.369000 -16.058000
1380.000000 2.000000 21.689000 -16.058000
1392.000000 2.000000 21.009000 -16.058000
1404.000000 2.000000 20.329000 -16.058000
1416.000000 2.000000 19.649000 -16.058000
1188.000000 34.000000 32.711000 -16.823000
1200.000000 34.000000 31.946000 -16.823000
1212.000000 34.000000 31.323000 -16.709000
1224.000000 34.000000 30.813000 -16.709000
1236.000000 34.000000 30.190000 -16.624000
1248.000000 34.000000 29.567000 -16.624000
1260.000000 34.000000 28.944000 -16.539000
1272.000000 34.000000 28.434000 -16.539000
1284.000000 34.000000 26.591000 -16.823000
1296.000000 34.000000 25.826000 -16.823000
1308.000000 34.000000 25.061000 -16.823000
1320.000000 34.000000 24.296000 -16.823000
1332.000000 34.000000 23.531000 -16.823000
1344.000000 34.000000 22.766000 -16.823000
1356.000000 34.000000 22.001000 -16.823000
1368.000000 34.000000 21.236000 -16.823000
1380.000000 34.000000 20.471000 -16.823000
1392.000000 34.000000 19.706000 -16.823000
1404.000000 34.000000 18.941000 -16.823000
1416.000000 34.000000 18.176000 -16.823000
1188.000000 36.000000 32.343000 -18.975000
1200.000000 36.000000 31.606000 -18.862000
1212.000000 36.000000 31.011000 -18.749000
1224.000000 36.000000 30.445000 -18.607000
1236.000000 36.000000 29.879000 -18.494000
1248.000000 36.000000 29.256000 -18.352000
1260.000000 36.000000 28.604000 -18.437000
1272.000000 36.000000 28.066000 -18.409000
1284.000000 36.000000 26.447000 -18.071000
1296.000000 36.000000 25.710000 -17.958000
1308.000000 36.000000 24.973000 -17.845000
1320.000000 36.000000 24.236000 -17.732000
1332.000000 36.000000 23.499000 -17.619000
1344.000000 36.000000 22.762000 -17.506000
1356.000000 36.000000 22.025000 -17.393000
1368.000000 36.000000 21.288000 -17.280000
1380.000000 36.000000 20.551000 -17.167000
1392.000000 36.000000 19.814000 -17.054000
1404.000000 36.000000 19.077000 -16.941000
1416.000000 36.000000 18.340000 -16.828000
1428.000000 35.000000 20.674000 -16.370000
1440.000000 35.000000 20.051000 -16.285000
1452.000000 35.000000 19.315000 -16.285000
1464.000000 35.000000 18.805000 -16.285000
1476.000000 35.000000 18.295000 -16.370000
1488.000000 35.000000 17.786000 -16.370000
1500.000000 35.000000 17.276000 -16.370000
1512.000000 35.000000 16.738000 -16.285000
1524.000000 35.000000 15.690000 -15.690000
1536.000000 35.000000 15.067000 -15.605000
1548.000000 35.000000 14.444000 -15.520000
1560.000000 35.000000 13.821000 -15.435000
1572.000000 35.000000 13.198000 -15.350000
1584.000000 35.000000 12.575000 -15.265000
1596.000000 35.000000 11.952000 -15.180000
1608.000000 35.000000 11.329000 -15.095000
1620.000000 35.000000 10.706000 -15.010000
1632.000000 35.000000 10.083000 -14.925000
1644.000000 35.000000 9.460000 -14.840000
1656.000000 35.000000 8.837000 -14.755000
1428.000000 37.000000 20.419000 -18.324000
1440.000000 37.000000 19.881000 -18.324000
1452.000000 37.000000 19.372000 -18.324000
1464.000000 37.000000 18.862000 -18.324000
1476.000000 37.000000 18.239000 -18.210000
1488.000000 37.000000 17.729000 -18.210000
1500.000000 37.000000 17.219000 -18.125000
1512.000000 37.000000 16.624000 -18.012000
1524.000000 37.000000 16.115000 -18.324000
1536.000000 37.000000 15.577000 -18.324000
1548.000000 37.000000 15.039000 -18.324000
1560.000000 37.000000 14.501000 -18.324000
1572.000000 37.000000 13.963000 -18.324000
1584.000000 37.000000 13.425000 -18.324000
1596.000000 37.000000 12.887000 -18.324000
1608.000000 37.000000 12.349000 -18.324000
1620.000000 37.000000 11.811000 -18.324000
1632.000000 37.000000 11.273000 -18.324000
1644.000000 37.000000 10.735000 -18.324000
1656.000000 37.000000 10.197000 -18.324000
1596.000000 28.000000 33.022000 -18.040000
1608.000000 28.000000 32.371000 -18.012000
1620.000000 28.000000 31.974000 -17.871000
1632.000000 28.000000 31.521000 -17.757000
1644.000000 28.000000 31.238000 -17.644000
1656.000000 28.000000 30.842000 -17.474000
1668.000000 28.000000 30.388000 -17.332000
1680.000000 28.000000 29.992000 -17.247000
1692.000000 28.000000 27.814000 -17.816000
1704.000000 28.000000 27.163000 -17.788000
1716.000000 28.000000 26.512000 -17.760000
1728.000000 28.000000 25.861000 -17.732000
1740.000000 28.000000 25.210000 -17.704000
1752.000000 28.000000 24.559000 -17.676000
1764.000000 28.000000 23.908000 -17.648000
1776.000000 28.000000 23.257000 -17.620000
1788.000000 28.000000 22.606000 -17.592000
1800.000000 28.000000 21.955000 -17.564000
1812.000000 28.000000 21.304000 -17.536000
1824.000000 28.000000 20.653000 -17.508000
1596.000000 47.000000 32.711000 -18.947000
1608.000000 47.000000 32.314000 -18.975000
1620.000000 47.000000 31.804000 -18.749000
1632.000000 47.000000 31.408000 -18.465000
1644.000000 47.000000 30.898000 -18.324000
1656.000000 47.000000 30.502000 -18.125000
1668.000000 47.000000 30.105000 -18.040000
1680.000000 47.000000 29.709000 -17.956000
1692.000000 47.000000 29.535000 -19.171000
1704.000000 47.000000 29.138000 -19.199000
1716.000000 47.000000 28.741000 -19.227000
1728.000000 47.000000 28.344000 -19.255000
1740.000000 47.000000 27.947000 -19.283000
1752.000000 47.000000 27.550000 -19.311000
1764.000000 47.000000 27.153000 -19.339000
1776.000000 47.000000 26.756000 -19.367000
1788.000000 47.000000 26.359000 -19.395000
1800.000000 47.000000 25.962000 -19.423000
1812.000000 47.000000 25.565000 -19.451000
1824.000000 47.000000 25.168000 -19.479000
1632.000000 20.000000 7.024000 -16.228000
1644.000000 20.000000 7.194000 -16.228000
1656.000000 20.000000 7.420000 -16.143000
1668.000000 20.000000 7.647000 -16.143000
1680.000000 20.000000 7.930000 -16.058000
1692.000000 20.000000 8.156000 -16.058000
1704.000000 20.000000 8.326000 -15.973000
1716.000000 20.000000 8.553000 -15.973000
1728.000000 20.000000 8.384000 -16.228000
1740.000000 20.000000 8.554000 -16.228000
1752.000000 20.000000 8.724000 -16.228000
1764.000000 20.000000 8.894000 -16.228000
1776.000000 20.000000 9.064000 -16.228000
1788.000000 20.000000 9.234000 -16.228000
1800.000000 20.000000 9.404000 -16.228000
1812.000000 20.000000 9.574000 -16.228000
1824.000000 20.000000 9.744000 -16.228000
1836.000000 20.000000 9.914000 -16.228000
1848.000000 20.000000 10.084000 -16.228000
1860.000000 20.000000 10.254000 -16.228000
1680.000000 25.000000 6.797000 -17.786000
1692.000000 25.000000 6.995000 -17.786000
1704.000000 25.000000 7.392000 -17.672000
1716.000000 25.000000 7.675000 -17.672000
1728.000000 25.000000 8.015000 -17.616000
1740.000000 25.000000 8.355000 -17.616000
1752.000000 25.000000 8.666000 -17.502000
1764.000000 25.000000 8.978000 -17.502000
1776.000000 25.000000 8.381000 -17.786000
1788.000000 25.000000 8.579000 -17.786000
1800.000000 25.000000 8.777000 -17.786000
1812.000000 25.000000 8.975000 -17.786000
1824.000000 25.000000 9.173000 -17.786000
1836.000000 25.000000 9.371000 -17.786000
1848.000000 25.000000 9.569000 -17.786000
1860.000000 25.000000 9.767000 -17.786000
1872.000000 25.000000 9.965000 -17.786000
1884.000000 25.000000 10.163000 -17.786000
1896.000000 25.000000 10.361000 -17.786000
1908.000000 25.000000 10.559000 -17.786000
1680.000000 38.000000 6.231000 -16.681000
1692.000000 38.000000 6.429000 -16.681000
1704.000000 38.000000 6.769000 -16.681000
1716.000000 38.000000 7.052000 -16.681000
1728.000000 38.000000 7.392000 -16.681000
1740.000000 38.000000 7.675000 -16.681000
1752.000000 38.000000 8.015000 -16.681000
1764.000000 38.000000 8.298000 -16.681000
1776.000000 38.000000 7.815000 -16.681000
1788.000000 38.000000 8.013000 -16.681000
1800.000000 38.000000 8.211000 -16.681000
1812.000000 38.000000 8.409000 -16.681000
1824.000000 38.000000 8.607000 -16.681000
1836.000000 38.000000 8.805000 -16.681000
1848.000000 38.000000 9.003000 -16.681000
1860.000000 38.000000 9.201000 -16.681000
1872.000000 38.000000 9.399000 -16.681000
1884.000000 38.000000 9.597000 -16.681000
1896.000000 38.000000 9.795000 -16.681000
1908.000000 38.000000 9.993000 -16.681000
1836.000000 29.000000 24.243000 -16.539000
1848.000000 29.000000 23.818000 -16.455000
1860.000000 29.000000 23.535000 -16.370000
1872.000000 29.000000 23.025000 -16.539000
1884.000000 29.000000 22.487000 -16.738000
1896.000000 29.000000 21.949000 -16.908000
1908.000000 29.000000 21.552000 -16.964000
1920.000000 29.000000 21.156000 -17.078000
1932.000000 29.000000 20.843000 -15.867000
1944.000000 29.000000 20.418000 -15.783000
1956.000000 29.000000 19.993000 -15.699000
1968.000000 29.000000 19.568000 -15.615000
1980.000000 29.000000 19.143000 -15.531000
1992.000000 29.000000 18.718000 -15.447000
2004.000000 29.000000 18.293000 -15.363000
2016.000000 29.000000 17.868000 -15.279000
2028.000000 29.000000 17.443000 -15.195000
2040.000000 29.000000 17.018000 -15.111000
2052.000000 29.000000 16.593000 -15.027000
2064.000000 29.000000 16.168000 -14.943000
1836.000000 48.000000 24.158000 -17.502000
1848.000000 48.000000 23.648000 -17.672000
1860.000000 48.000000 22.912000 -17.672000
1872.000000 48.000000 22.402000 -17.616000
1884.000000 48.000000 21.949000 -17.616000
1896.000000 48.000000 21.552000 -17.672000
1908.000000 48.000000 21.156000 -17.786000
1920.000000 48.000000 20.703000 -17.871000
1932.000000 48.000000 20.078000 -18.862000
1944.000000 48.000000 19.568000 -19.032000
1956.000000 48.000000 19.058000 -19.202000
1968.000000 48.000000 18.548000 -19.372000
1980.000000 48.000000 18.038000 -19.542000
1992.000000 48.000000 17.528000 -19.712000
2004.000000 48.000000 17.018000 -19.882000
2016.000000 48.000000 16.508000 -20.052000
2028.000000 48.000000 15.998000 -20.222000
2040.000000 48.000000 15.488000 -20.392000
2052.000000 48.000000 14.978000 -20.562000
2064.000000 48.000000 14.468000 -20.732000
1872.000000 21.000000 13.169000 -15.520000
1884.000000 21.000000 13.481000 -15.520000
1896.000000 21.000000 13.792000 -15.520000
1908.000000 21.000000 14.104000 -15.520000
1920.000000 21.000000 14.500000 -15.520000
1932.000000 21.000000 14.840000 -15.520000
1944.000000 21.000000 15.123000 -15.463000
1956.000000 21.000000 15.548000 -15.463000
1968.000000 21.000000 15.665000 -15.520000
1980.000000 21.000000 15.977000 -15.520000
1992.000000 21.000000 16.289000 -15.520000
2004.000000 21.000000 16.601000 -15.520000
2016.000000 21.000000 16.913000 -15.520000
2028.000000 21.000000 17.225000 -15.520000
2040.000000 21.000000 17.537000 -15.520000
2052.000000 21.000000 17.849000 -15.520000
2064.000000 21.000000 18.161000 -15.520000
2076.000000 21.000000 18.473000 -15.520000
2088.000000 21.000000 18.785000 -15.520000
2100.000000 21.000000 19.097000 -15.520000
1920.000000 26.000000 13.452000 -17.247000
1932.000000 26.000000 13.792000 -17.163000
1944.000000 26.000000 14.189000 -17.049000
1956.000000 26.000000 14.529000 -16.993000
1968.000000 26.000000 14.812000 -16.993000
1980.000000 26.000000 15.152000 -16.879000
1992.000000 26.000000 15.435000 -16.823000
2004.000000 26.000000 15.860000 -16.823000
2016.000000 26.000000 16.172000 -16.575000
2028.000000 26.000000 16.512000 -16.491000
2040.000000 26.000000 16.852000 -16.407000
2052.000000 26.000000 17.192000 -16.323000
2064.000000 26.000000 17.532000 -16.239000
2076.000000 26.000000 17.872000 -16.155000
2088.000000 26.000000 18.212000 -16.071000
2100.000000 26.000000 18.552000 -15.987000
2112.000000 26.000000 18.892000 -15.903000
2124.000000 26.000000 19.232000 -15.819000
2136.000000 26.000000 19.572000 -15.735000
2148.000000 26.000000 19.912000 -15.651000
1920.000000 39.000000 12.320000 -16.285000
1932.000000 39.000000 12.773000 -16.200000
1944.000000 39.000000 13.056000 -16.200000
1956.000000 39.000000 13.452000 -16.200000
1968.000000 39.000000 13.906000 -16.200000
1980.000000 39.000000 14.189000 -16.200000
1992.000000 39.000000 14.642000 -16.200000
2004.000000 39.000000 15.038000 -16.228000
2016.000000 39.000000 15.944000 -15.605000
2028.000000 39.000000 16.397000 -15.520000
2040.000000 39.000000 16.850000 -15.435000
2052.000000 39.000000 17.303000 -15.350000
2064.000000 39.000000 17.756000 -15.265000
2076.000000 39.000000 18.209000 -15.180000
2088.000000 39.000000 18.662000 -15.095000
2100.000000 39.000000 19.115000 -15.010000
2112.000000 39.000000 19.568000 -14.925000
2124.000000 39.000000 20.021000 -14.840000
2136.000000 39.000000 20.474000 -14.755000
2148.000000 39.000000 20.927000 -14.670000
2076.000000 30.000000 17.417000 -16.879000
2088.000000 30.000000 17.616000 -16.936000
2100.000000 30.000000 18.040000 -16.936000
2112.000000 30.000000 18.352000 -17.021000
2124.000000 30.000000 18.749000 -17.021000
2136.000000 30.000000 19.173000 -17.106000
2148.000000 30.000000 19.598000 -17.106000
2160.000000 30.000000 19.995000 -17.106000
2172.000000 30.000000 19.009000 -17.335000
2184.000000 30.000000 19.208000 -17.392000
2196.000000 30.000000 19.407000 -17.449000
2208.000000 30.000000 19.606000 -17.506000
2220.000000 30.000000 19.805000 -17.563000
2232.000000 30.000000 20.004000 -17.620000
2244.000000 30.000000 20.203000 -17.677000
2256.000000 30.000000 20.402000 -17.734000
2268.000000 30.000000 20.601000 -17.791000
2280.000000 30.000000 20.800000 -17.848000
2292.000000 30.000000 20.999000 -17.905000
2304.000000 30.000000 21.198000 -17.962000
2076.000000 49.000000 15.916000 -17.474000
2088.000000 49.000000 15.293000 -17.389000
2100.000000 49.000000 14.670000 -17.219000
2112.000000 49.000000 14.047000 -17.106000
2124.000000 49.000000 13.424000 -17.106000
2136.000000 49.000000 12.914000 -17.106000
2148.000000 49.000000 12.405000 -17.106000
2160.000000 49.000000 11.866000 -17.219000
2172.000000 49.000000 10.932000 -16.794000
2184.000000 49.000000 10.309000 -16.709000
2196.000000 49.000000 9.686000 -16.624000
2208.000000 49.000000 9.063000 -16.539000
2220.000000 49.000000 8.440000 -16.454000
2232.000000 49.000000 7.817000 -16.369000
2244.000000 49.000000 7.194000 -16.284000
2256.000000 49.000000 6.571000 -16.199000
2268.000000 49.000000 5.948000 -16.114000
2280.000000 49.000000 5.325000 -16.029000
2292.000000 49.000000 4.702000 -15.944000
2304.000000 49.000000 4.079000 -15.859000
2100.000000 23.000000 33.277000 -18.494000
2112.000000 23.000000 32.824000 -18.833000
2124.000000 23.000000 32.626000 -18.833000
2136.000000 23.000000 32.116000 -18.749000
2148.000000 23.000000 31.493000 -18.550000
2160.000000 23.000000 30.757000 -18.380000
2172.000000 23.000000 30.134000 -18.210000
2184.000000 23.000000 29.539000 -18.040000
2196.000000 23.000000 29.653000 -21.206000
2208.000000 23.000000 29.200000 -21.545000
2220.000000 23.000000 28.747000 -21.884000
2232.000000 23.000000 28.294000 -22.223000
2244.000000 23.000000 27.841000 -22.562000
2256.000000 23.000000 27.388000 -22.901000
2268.000000 23.000000 26.935000 -23.240000
2280.000000 23.000000 26.482000 -23.579000
2292.000000 23.000000 26.029000 -23.918000
2304.000000 23.000000 25.576000 -24.257000
2316.000000 23.000000 25.123000 -24.596000
2328.000000 23.000000 24.670000 -24.935000
2112.000000 22.000000 20.504000 -15.831000
2124.000000 22.000000 20.844000 -15.831000
2136.000000 22.000000 21.127000 -15.831000
2148.000000 22.000000 21.467000 -15.831000
2160.000000 22.000000 21.751000 -15.945000
2172.000000 22.000000 22.090000 -16.001000
2184.000000 22.000000 22.487000 -16.115000
2196.000000 22.000000 22.798000 -16.171000
2208.000000 22.000000 23.224000 -15.831000
2220.000000 22.000000 23.564000 -15.831000
2232.000000 22.000000 23.904000 -15.831000
2244.000000 22.000000 24.244000 -15.831000
2256.000000 22.000000 24.584000 -15.831000
2268.000000 22.000000 24.924000 -15.831000
2280.000000 22.000000 25.264000 -15.831000
2292.000000 22.000000 25.604000 -15.831000
2304.000000 22.000000 25.944000 -15.831000
2316.000000 22.000000 26.284000 -15.831000
2328.000000 22.000000 26.624000 -15.831000
2340.000000 22.000000 26.964000 -15.831000
2160.000000 27.000000 21.467000 -17.247000
2172.000000 27.000000 21.864000 -17.247000
2184.000000 27.000000 22.260000 -17.247000
2196.000000 27.000000 22.600000 -17.247000
2208.000000 27.000000 22.997000 -17.247000
2220.000000 27.000000 23.421000 -17.361000
2232.000000 27.000000 23.733000 -17.361000
2244.000000 27.000000 24.016000 -17.417000
2256.000000 27.000000 24.643000 -17.247000
2268.000000 27.000000 25.040000 -17.247000
2280.000000 27.000000 25.437000 -17.247000
2292.000000 27.000000 25.834000 -17.247000
2304.000000 27.000000 26.231000 -17.247000
2316.000000 27.000000 26.628000 -17.247000
2328.000000 27.000000 27.025000 -17.247000
2340.000000 27.000000 27.422000 -17.247000
2352.000000 27.000000 27.819000 -17.247000
2364.000000 27.000000 28.216000 -17.247000
2376.000000 27.000000 28.613000 -17.247000
2388.000000 27.000000 29.010000 -17.247000
2160.000000 40.000000 20.136000 -16.200000
2172.000000 40.000000 20.589000 -16.256000
2184.000000 40.000000 20.986000 -16.370000
2196.000000 40.000000 21.297000 -16.370000
2208.000000 40.000000 21.722000 -16.455000
2220.000000 40.000000 22.119000 -16.539000
2232.000000 40.000000 22.430000 -16.653000
2244.000000 40.000000 22.855000 -16.653000
2256.000000 40.000000 23.760000 -16.648000
2268.000000 40.000000 24.213000 -16.704000
2280.000000 40.000000 24.666000 -16.760000
2292.000000 40.000000 25.119000 -16.816000
2304.000000 40.000000 25.572000 -16.872000
2316.000000 40.000000 26.025000 -16.928000
2328.000000 40.000000 26.478000 -16.984000
2340.000000 40.000000 26.931000 -17.040000
2352.000000 40.000000 27.384000 -17.096000
2364.000000 40.000000 27.837000 -17.152000
2376.000000 40.000000 28.290000 -17.208000
2388.000000 40.000000 28.743000 -17.264000
2316.000000 31.000000 25.376000 -17.021000
2328.000000 31.000000 25.800000 -17.191000
2340.000000 31.000000 26.197000 -17.304000
2352.000000 31.000000 26.622000 -17.474000
2364.000000 31.000000 27.047000 -17.644000
2376.000000 31.000000 27.443000 -17.814000
2388.000000 31.000000 27.981000 -17.814000
2400.000000 31.000000 28.604000 -17.729000
2412.000000 31.000000 28.768000 -18.381000
2424.000000 31.000000 29.192000 -18.551000
2436.000000 31.000000 29.616000 -18.721000
2448.000000 31.000000 30.040000 -18.891000
2460.000000 31.000000 30.464000 -19.061000
2472.000000 31.000000 30.888000 -19.231000
2484.000000 31.000000 31.312000 -19.401000
2496.000000 31.000000 31.736000 -19.571000
2508.000000 31.000000 32.160000 -19.741000
2520.000000 31.000000 32.584000 -19.911000
2532.000000 31.000000 33.008000 -20.081000
2544.000000 31.000000 33.432000 -20.251000
2340.000000 24.000000 22.487000 -17.956000
2352.000000 24.000000 21.977000 -17.871000
2364.000000 24.000000 21.354000 -17.871000
2376.000000 24.000000 20.731000 -17.871000
2388.000000 24.000000 19.995000 -17.871000
2400.000000 24.000000 19.372000 -17.871000
2412.000000 24.000000 18.749000 -17.871000
2424.000000 24.000000 18.125000 -17.871000
2436.000000 24.000000 18.407000 -17.276000
2448.000000 24.000000 17.897000 -17.191000
2460.000000 24.000000 17.387000 -17.106000
2472.000000 24.000000 16.877000 -17.021000
2484.000000 24.000000 16.367000 -16.936000
2496.000000 24.000000 15.857000 -16.851000
2508.000000 24.000000 15.347000 -16.766000
2520.000000 24.000000 14.837000 -16.681000
2532.000000 24.000000 14.327000 -16.596000
2544.000000 24.000000 13.817000 -16.511000
2556.000000 24.000000 13.307000 -16.426000
2568.000000 24.000000 12.797000 -16.341000
2568.000000 11.000000 5.919000 -21.212000
2580.000000 11.000000 6.457000 -20.788000
2592.000000 11.000000 7.080000 -20.419000
2604.000000 11.000000 7.703000 -20.080000
2616.000000 11.000000 8.298000 -19.711000
2628.000000 11.000000 8.836000 -19.372000
2640.000000 11.000000 9.233000 -19.032000
2652.000000 11.000000 9.629000 -18.664000
2664.000000 11.000000 10.223000 -17.820000
2676.000000 11.000000 10.761000 -17.396000
2688.000000 11.000000 11.299000 -16.972000
2700.000000 11.000000 11.837000 -16.548000
2712.000000 11.000000 12.375000 -16.124000
2724.000000 11.000000 12.913000 -15.700000
2736.000000 11.000000 13.451000 -15.276000
2748.000000 11.000000 13.989000 -14.852000
2760.000000 11.000000 14.527000 -14.428000
2772.000000 11.000000 15.065000 -14.004000
2784.000000 11.000000 15.603000 -13.580000
2796.000000 11.000000 16.141000 -13.156000
2808.000000 12.000000 17.389000 -17.502000
2820.000000 12.000000 18.125000 -17.502000
2832.000000 12.000000 18.749000 -17.616000
2844.000000 12.000000 19.372000 -17.616000
2856.000000 12.000000 20.108000 -17.616000
2868.000000 12.000000 20.731000 -17.672000
2880.000000 12.000000 21.354000 -17.672000
2892.000000 12.000000 21.977000 -17.786000
2904.000000 12.000000 23.277000 -17.502000
2916.000000 12.000000 24.013000 -17.502000
2928.000000 12.000000 24.749000 -17.502000
2940.000000 12.000000 25.485000 -17.502000
2952.000000 12.000000 26.221000 -17.502000
2964.000000 12.000000 26.957000 -17.502000
2976.000000 12.000000 27.693000 -17.502000
2988.000000 12.000000 28.429000 -17.502000
3000.000000 12.000000 29.165000 -17.502000
3012.000000 12.000000 29.901000 -17.502000
3024.000000 12.000000 30.637000 -17.502000
3036.000000 12.000000 31.373000 -17.502000
2868.000000 13.000000 -9.544000 -15.010000
2880.000000 13.000000 -10.281000 -14.812000
2892.000000 13.000000 -10.790000 -14.642000
2904.000000 13.000000 -11.413000 -14.472000
2916.000000 13.000000 -11.923000 -14.302000
2928.000000 13.000000 -12.461000 -14.302000
2940.000000 13.000000 -12.886000 -14.302000
2952.000000 13.000000 -13.396000 -14.302000
2964.000000 13.000000 -15.440000 -13.426000
2976.000000 13.000000 -16.177000 -13.228000
2988.000000 13.000000 -16.914000 -13.030000
3000.000000 13.000000 -17.651000 -12.832000
3012.000000 13.000000 -18.388000 -12.634000
3024.000000 13.000000 -19.125000 -12.436000
3036.000000 13.000000 -19.862000 -12.238000
3048.000000 13.000000 -20.599000 -12.040000
3060.000000 13.000000 -21.336000 -11.842000
3072.000000 13.000000 -22.073000 -11.644000
3084.000000 13.000000 -22.810000 -11.446000
3096.000000 13.000000 -23.547000 -11.248000
4296.000000 41.000000 31.918000 10.479000
4308.000000 41.000000 31.918000 9.856000
4320.000000 41.000000 31.918000 9.233000
4332.000000 41.000000 31.918000 8.610000
4344.000000 41.000000 31.918000 7.987000
4356.000000 41.000000 31.918000 7.363000
4368.000000 41.000000 31.918000 6.740000
4380.000000 41.000000 31.804000 5.891000
4392.000000 41.000000 31.918000 5.495000
4404.000000 41.000000 31.918000 4.872000
4416.000000 41.000000 31.918000 4.249000
4428.000000 41.000000 31.918000 3.626000
4440.000000 41.000000 31.918000 3.003000
4452.000000 41.000000 31.918000 2.380000
4464.000000 41.000000 31.918000 1.757000
4476.000000 41.000000 31.918000 1.134000
4488.000000 41.000000 31.918000 0.511000
4500.000000 41.000000 31.918000 -0.112000
4512.000000 41.000000 31.918000 -0.735000
4524.000000 41.000000 31.918000 -1.358000
4344.000000 6.000000 33.362000 -11.923000
4356.000000 6.000000 33.362000 -11.555000
4368.000000 6.000000 33.362000 -11.187000
4380.000000 6.000000 33.362000 -10.847000
4392.000000 6.000000 33.419000 -10.507000
4404.000000 6.000000 33.419000 -10.224000
4416.000000 6.000000 33.419000 -9.941000
4428.000000 6.000000 33.305000 -9.488000
4440.000000 6.000000 33.362000 -8.979000
4452.000000 6.000000 33.362000 -8.611000
4464.000000 6.000000 33.362000 -8.243000
4476.000000 6.000000 33.362000 -7.875000
4488.000000 6.000000 33.362000 -7.507000
4500.000000 6.000000 33.362000 -7.139000
4512.000000 6.000000 33.362000 -6.771000
4524.000000 6.000000 33.362000 -6.403000
4536.000000 6.000000 33.362000 -6.035000
4548.000000 6.000000 33.362000 -5.667000
4560.000000 6.000000 33.362000 -5.299000
4572.000000 6.000000 33.362000 -4.931000
4536.000000 42.000000 32.258000 -2.804000
4548.000000 42.000000 32.258000 -3.427000
4560.000000 42.000000 32.059000 -4.333000
4572.000000 42.000000 32.484000 -4.673000
4584.000000 42.000000 32.258000 -5.126000
4596.000000 42.000000 31.748000 -5.749000
4608.000000 42.000000 31.635000 -6.401000
4620.000000 42.000000 31.748000 -6.797000
4632.000000 42.000000 32.258000 -7.788000
4644.000000 42.000000 32.258000 -8.411000
4656.000000 42.000000 32.258000 -9.034000
4668.000000 42.000000 32.258000 -9.657000
4680.000000 42.000000 32.258000 -10.280000
4692.000000 42.000000 32.258000 -10.903000
4704.000000 42.000000 32.258000 -11.526000
4716.000000 42.000000 32.258000 -12.149000
4728.000000 42.000000 32.258000 -12.772000
4740.000000 42.000000 32.258000 -13.395000
4752.000000 42.000000 32.258000 -14.018000
4764.000000 42.000000 32.258000 -14.641000
4584.000000 7.000000 32.682000 -7.052000
4596.000000 7.000000 32.682000 -7.052000
4608.000000 7.000000 32.796000 -7.137000
4620.000000 7.000000 32.796000 -7.250000
4632.000000 7.000000 32.881000 -7.307000
4644.000000 7.000000 32.881000 -7.647000
4656.000000 7.000000 32.881000 -7.930000
4668.000000 7.000000 32.881000 -8.100000
4680.000000 7.000000 32.682000 -7.052000
4692.000000 7.000000 32.682000 -7.052000
4704.000000 7.000000 32.682000 -7.052000
4716.000000 7.000000 32.682000 -7.052000
4728.000000 7.000000 32.682000 -7.052000
4740.000000 7.000000 32.682000 -7.052000
4752.000000 7.000000 32.682000 -7.052000
4764.000000 7.000000 32.682000 -7.052000
4776.000000 7.000000 32.682000 -7.052000
4788.000000 7.000000 32.682000 -7.052000
4800.000000 7.000000 32.682000 -7.052000
4812.000000 7.000000 32.682000 -7.052000
4596.000000 16.000000 32.824000 -18.494000
4608.000000 16.000000 32.201000 -18.324000
4620.000000 16.000000 31.804000 -18.210000
4632.000000 16.000000 31.380000 -18.125000
4644.000000 16.000000 30.983000 -17.956000
4656.000000 16.000000 30.360000 -17.956000
4668.000000 16.000000 29.935000 -17.871000
4680.000000 16.000000 29.822000 -17.871000
4692.000000 16.000000 27.840000 -17.134000
4704.000000 16.000000 27.217000 -16.964000
4716.000000 16.000000 26.594000 -16.794000
4728.000000 16.000000 25.971000 -16.624000
4740.000000 16.000000 25.348000 -16.454000
4752.000000 16.000000 24.725000 -16.284000
4764.000000 16.000000 24.102000 -16.114000
4776.000000 16.000000 23.479000 -15.944000
4788.000000 16.000000 22.856000 -15.774000
4800.000000 16.000000 22.233000 -15.604000
4812.000000 16.000000 21.610000 -15.434000
4824.000000 16.000000 20.987000 -15.264000
4776.000000 43.000000 31.861000 -11.753000
4788.000000 43.000000 31.804000 -12.036000
4800.000000 43.000000 31.804000 -12.291000
4812.000000 43.000000 31.918000 -12.575000
4824.000000 43.000000 31.974000 -12.886000
4836.000000 43.000000 31.635000 -13.226000
4848.000000 43.000000 31.635000 -13.934000
4860.000000 43.000000 31.635000 -14.302000
4872.000000 43.000000 31.405000 -14.017000
4884.000000 43.000000 31.348000 -14.300000
4896.000000 43.000000 31.291000 -14.583000
4908.000000 43.000000 31.234000 -14.866000
4920.000000 43.000000 31.177000 -15.149000
4932.000000 43.000000 31.120000 -15.432000
4944.000000 43.000000 31.063000 -15.715000
4956.000000 43.000000 31.006000 -15.998000
4968.000000 43.000000 30.949000 -16.281000
4980.000000 43.000000 30.892000 -16.564000
4992.000000 43.000000 30.835000 -16.847000
5004.000000 43.000000 30.778000 -17.130000
4824.000000 8.000000 32.796000 -12.631000
4836.000000 8.000000 32.796000 -12.971000
4848.000000 8.000000 32.796000 -13.764000
4860.000000 8.000000 32.796000 -13.934000
4872.000000 8.000000 32.796000 -14.104000
4884.000000 8.000000 32.682000 -14.274000
4896.000000 8.000000 32.682000 -14.840000
4908.000000 8.000000 32.428000 -15.350000
4920.000000 8.000000 32.796000 -15.351000
4932.000000 8.000000 32.796000 -15.691000
4944.000000 8.000000 32.796000 -16.031000
4956.000000 8.000000 32.796000 -16.371000
4968.000000 8.000000 32.796000 -16.711000
4980.000000 8.000000 32.796000 -17.051000
4992.000000 8.000000 32.796000 -17.391000
5004.000000 8.000000 32.796000 -17.731000
5016.000000 8.000000 32.796000 -18.071000
5028.000000 8.000000 32.796000 -18.411000
5040.000000 8.000000 32.796000 -18.751000
5052.000000 8.000000 32.796000 -19.091000
4836.000000 17.000000 22.912000 -17.417000
4848.000000 17.000000 22.600000 -17.531000
4860.000000 17.000000 22.289000 -17.531000
4872.000000 17.000000 21.354000 -17.531000
4884.000000 17.000000 20.618000 -17.531000
4896.000000 17.000000 20.306000 -17.531000
4908.000000 17.000000 19.683000 -17.417000
4920.000000 17.000000 19.060000 -17.417000
4932.000000 17.000000 20.416000 -18.329000
4944.000000 17.000000 20.104000 -18.443000
4956.000000 17.000000 19.792000 -18.557000
4968.000000 17.000000 19.480000 -18.671000
4980.000000 17.000000 19.168000 -18.785000
4992.000000 17.000000 18.856000 -18.899000
5004.000000 17.000000 18.544000 -19.013000
5016.000000 17.000000 18.232000 -19.127000
5028.000000 17.000000 17.920000 -19.241000
5040.000000 17.000000 17.608000 -19.355000
5052.000000 17.000000 17.296000 -19.469000
5064.000000 17.000000 16.984000 -19.583000
4944.000000 4.000000 32.937000 -17.644000
4956.000000 4.000000 32.428000 -17.814000
4968.000000 4.000000 32.031000 -17.814000
4980.000000 4.000000 31.918000 -17.814000
4992.000000 4.000000 31.295000 -17.814000
5004.000000 4.000000 30.672000 -17.842000
5016.000000 4.000000 30.190000 -17.729000
5028.000000 4.000000 29.680000 -17.644000
5040.000000 4.000000 28.865000 -19.004000
5052.000000 4.000000 28.356000 -19.174000
5064.000000 4.000000 27.847000 -19.344000
5076.000000 4.000000 27.338000 -19.514000
5088.000000 4.000000 26.829000 -19.684000
5100.000000 4.000000 26.320000 -19.854000
5112.000000 4.000000 25.811000 -20.024000
5124.000000 4.000000 25.302000 -20.194000
5136.000000 4.000000 24.793000 -20.364000
5148.000000 4.000000 24.284000 -20.534000
5160.000000 4.000000 23.775000 -20.704000
5172.000000 4.000000 23.266000 -20.874000
4944.000000 32.000000 32.739000 -18.437000
4956.000000 32.000000 32.229000 -18.437000
4968.000000 32.000000 31.493000 -18.607000
4980.000000 32.000000 30.870000 -18.352000
4992.000000 32.000000 30.558000 -18.267000
5004.000000 32.000000 30.303000 -18.324000
5016.000000 32.000000 29.935000 -18.324000
5028.000000 32.000000 29.624000 -18.352000
5040.000000 32.000000 28.659000 -18.437000
5052.000000 32.000000 28.149000 -18.437000
5064.000000 32.000000 27.639000 -18.437000
5076.000000 32.000000 27.129000 -18.437000
5088.000000 32.000000 26.619000 -18.437000
5100.000000 32.000000 26.109000 -18.437000
5112.000000 32.000000 25.599000 -18.437000
5124.000000 32.000000 25.089000 -18.437000
5136.000000 32.000000 24.579000 -18.437000
5148.000000 32.000000 24.069000 -18.437000
5160.000000 32.000000 23.559000 -18.437000
5172.000000 32.000000 23.049000 -18.437000
5016.000000 44.000000 31.181000 -16.511000
5028.000000 44.000000 31.238000 -16.483000
5040.000000 44.000000 31.351000 -16.455000
5052.000000 44.000000 31.351000 -16.455000
5064.000000 44.000000 31.408000 -16.455000
5076.000000 44.000000 31.408000 -16.426000
5088.000000 44.000000 31.181000 -16.455000
5100.000000 44.000000 30.785000 -16.539000
5112.000000 44.000000 31.637000 -16.287000
5124.000000 44.000000 31.694000 -16.259000
5136.000000 44.000000 31.751000 -16.231000
5148.000000 44.000000 31.808000 -16.203000
5160.000000 44.000000 31.865000 -16.175000
5172.000000 44.000000 31.922000 -16.147000
5184.000000 44.000000 31.979000 -16.119000
5196.000000 44.000000 32.036000 -16.091000
5208.000000 44.000000 32.093000 -16.063000
5220.000000 44.000000 32.150000 -16.035000
5232.000000 44.000000 32.207000 -16.007000
5244.000000 44.000000 32.264000 -15.979000
5064.000000 9.000000 31.550000 -17.332000
5076.000000 9.000000 31.436000 -17.389000
5088.000000 9.000000 31.351000 -17.502000
5100.000000 9.000000 31.238000 -17.559000
5112.000000 9.000000 31.125000 -17.701000
5124.000000 9.000000 30.615000 -17.729000
5136.000000 9.000000 30.162000 -17.814000
5148.000000 9.000000 29.680000 -17.899000
5160.000000 9.000000 30.638000 -17.788000
5172.000000 9.000000 30.524000 -17.845000
5184.000000 9.000000 30.410000 -17.902000
5196.000000 9.000000 30.296000 -17.959000
5208.000000 9.000000 30.182000 -18.016000
5220.000000 9.000000 30.068000 -18.073000
5232.000000 9.000000 29.954000 -18.130000
5244.000000 9.000000 29.840000 -18.187000
5256.000000 9.000000 29.726000 -18.244000
5268.000000 9.000000 29.612000 -18.301000
5280.000000 9.000000 29.498000 -18.358000
5292.000000 9.000000 29.384000 -18.415000
5184.000000 5.000000 23.421000 -16.539000
5196.000000 5.000000 22.940000 -16.539000
5208.000000 5.000000 22.487000 -16.539000
5220.000000 5.000000 22.062000 -16.511000
5232.000000 5.000000 21.382000 -16.455000
5244.000000 5.000000 20.929000 -16.455000
5256.000000 5.000000 20.731000 -16.539000
5268.000000 5.000000 20.193000 -16.455000
5280.000000 5.000000 19.573000 -16.539000
5292.000000 5.000000 19.092000 -16.539000
5304.000000 5.000000 18.611000 -16.539000
5316.000000 5.000000 18.130000 -16.539000
5328.000000 5.000000 17.649000 -16.539000
5340.000000 5.000000 17.168000 -16.539000
5352.000000 5.000000 16.687000 -16.539000
5364.000000 5.000000 16.206000 -16.539000
5376.000000 5.000000 15.725000 -16.539000
5388.000000 5.000000 15.244000 -16.539000
5400.000000 5.000000 14.763000 -16.539000
5412.000000 5.000000 14.282000 -16.539000
5184.000000 33.000000 23.053000 -17.644000
5196.000000 33.000000 22.628000 -17.559000
5208.000000 33.000000 22.119000 -17.474000
5220.000000 33.000000 21.779000 -17.446000
5232.000000 33.000000 21.326000 -17.219000
5244.000000 33.000000 20.816000 -17.219000
5256.000000 33.000000 20.306000 -17.219000
5268.000000 33.000000 19.796000 -17.219000
5280.000000 33.000000 19.653000 -16.964000
5292.000000 33.000000 19.228000 -16.879000
5304.000000 33.000000 18.803000 -16.794000
5316.000000 33.000000 18.378000 -16.709000
5328.000000 33.000000 17.953000 -16.624000
5340.000000 33.000000 17.528000 -16.539000
5352.000000 33.000000 17.103000 -16.454000
5364.000000 33.000000 16.678000 -16.369000
5376.000000 33.000000 16.253000 -16.284000
5388.000000 33.000000 15.828000 -16.199000
5400.000000 33.000000 15.403000 -16.114000
5412.000000 33.000000 14.978000 -16.029000
5232.000000 55.000000 7.194000 -19.428000
5244.000000 55.000000 7.732000 -19.145000
5256.000000 55.000000 8.156000 -18.975000
5268.000000 55.000000 8.553000 -18.692000
5280.000000 55.000000 8.949000 -18.437000
5292.000000 55.000000 9.516000 -18.182000
5304.000000 55.000000 10.026000 -18.012000
5316.000000 55.000000 10.649000 -17.899000
5328.000000 55.000000 11.498000 -17.164000
5340.000000 55.000000 12.036000 -16.881000
5352.000000 55.000000 12.574000 -16.598000
5364.000000 55.000000 13.112000 -16.315000
5376.000000 55.000000 13.650000 -16.032000
5388.000000 55.000000 14.188000 -15.749000
5400.000000 55.000000 14.726000 -15.466000
5412.000000 55.000000 15.264000 -15.183000
5424.000000 55.000000 15.802000 -14.900000
5436.000000 55.000000 16.340000 -14.617000
5448.000000 55.000000 16.878000 -14.334000
5460.000000 55.000000 17.416000 -14.051000
5256.000000 45.000000 25.404000 -17.247000
5268.000000 45.000000 24.866000 -17.163000
5280.000000 45.000000 24.328000 -17.163000
5292.000000 45.000000 23.818000 -17.163000
5304.000000 45.000000 23.421000 -17.049000
5316.000000 45.000000 22.912000 -17.049000
5328.000000 45.000000 22.487000 -16.993000
5340.000000 45.000000 22.062000 -16.879000
5352.000000 45.000000 21.100000 -16.575000
5364.000000 45.000000 20.562000 -16.491000
5376.000000 45.000000 20.024000 -16.407000
5388.000000 45.000000 19.486000 -16.323000
5400.000000 45.000000 18.948000 -16.239000
5412.000000 45.000000 18.410000 -16.155000
5424.000000 45.000000 17.872000 -16.071000
5436.000000 45.000000 17.334000 -15.987000
5448.000000 45.000000 16.796000 -15.903000
5460.000000 45.000000 16.258000 -15.819000
5472.000000 45.000000 15.720000 -15.735000
5484.000000 45.000000 15.182000 -15.651000
5304.000000 10.000000 23.535000 -18.069000
5316.000000 10.000000 22.912000 -18.069000
5328.000000 10.000000 22.289000 -18.069000
5340.000000 10.000000 21.949000 -18.125000
5352.000000 10.000000 21.552000 -18.125000
5364.000000 10.000000 21.156000 -18.125000
5376.000000 10.000000 20.816000 -18.125000
5388.000000 10.000000 20.306000 -18.069000
5400.000000 10.000000 18.551000 -18.069000
5412.000000 10.000000 17.928000 -18.069000
5424.000000 10.000000 17.305000 -18.069000
5436.000000 10.000000 16.682000 -18.069000
5448.000000 10.000000 16.059000 -18.069000
5460.000000 10.000000 15.436000 -18.069000
5472.000000 10.000000 14.813000 -18.069000
5484.000000 10.000000 14.190000 -18.069000
5496.000000 10.000000 13.567000 -18.069000
5508.000000 10.000000 12.944000 -18.069000
5520.000000 10.000000 12.321000 -18.069000
5532.000000 10.000000 11.698000 -18.069000
5472.000000 56.000000 17.163000 -18.069000
5484.000000 56.000000 17.672000 -18.069000
5496.000000 56.000000 18.069000 -18.069000
5508.000000 56.000000 18.550000 -18.069000
5520.000000 56.000000 19.088000 -18.040000
5532.000000 56.000000 19.485000 -17.956000
5544.000000 56.000000 19.995000 -17.927000
5556.000000 56.000000 20.476000 -17.871000
5568.000000 56.000000 21.235000 -18.069000
5580.000000 56.000000 21.744000 -18.069000
5592.000000 56.000000 22.253000 -18.069000
5604.000000 56.000000 22.762000 -18.069000
5616.000000 56.000000 23.271000 -18.069000
5628.000000 56.000000 23.780000 -18.069000
5640.000000 56.000000 24.289000 -18.069000
5652.000000 56.000000 24.798000 -18.069000
5664.000000 56.000000 25.307000 -18.069000
5676.000000 56.000000 25.816000 -18.069000
5688.000000 56.000000 26.325000 -18.069000
5700.000000 56.000000 26.834000 -18.069000
5496.000000 46.000000 15.237000 -16.455000
5508.000000 46.000000 14.812000 -16.539000
5520.000000 46.000000 14.444000 -16.624000
5532.000000 46.000000 13.934000 -16.624000
5544.000000 46.000000 13.424000 -16.624000
5556.000000 46.000000 12.914000 -16.624000
5568.000000 46.000000 12.405000 -16.624000
5580.000000 46.000000 11.951000 -16.624000
5592.000000 46.000000 11.837000 -17.127000
5604.000000 46.000000 11.412000 -17.211000
5616.000000 46.000000 10.987000 -17.295000
5628.000000 46.000000 10.562000 -17.379000
5640.000000 46.000000 10.137000 -17.463000
5652.000000 46.000000 9.712000 -17.547000
5664.000000 46.000000 9.287000 -17.631000
5676.000000 46.000000 8.862000 -17.715000
5688.000000 46.000000 8.437000 -17.799000
5700.000000 46.000000 8.012000 -17.883000
5712.000000 46.000000 7.587000 -17.967000
5724.000000 46.000000 7.162000 -18.051000
5712.000000 57.000000 26.622000 -16.709000
5724.000000 57.000000 27.245000 -16.709000
5736.000000 57.000000 27.755000 -16.709000
5748.000000 57.000000 28.293000 -16.709000
5760.000000 57.000000 28.916000 -16.709000
5772.000000 57.000000 29.312000 -16.709000
5784.000000 57.000000 29.737000 -16.709000
5796.000000 57.000000 30.134000 -16.709000
5808.000000 57.000000 31.606000 -16.709000
5820.000000 57.000000 32.229000 -16.709000
5832.000000 57.000000 32.852000 -16.709000
5844.000000 57.000000 33.475000 -16.709000
5856.000000 57.000000 34.098000 -16.709000
5868.000000 57.000000 34.721000 -16.709000
5880.000000 57.000000 35.344000 -16.709000
5892.000000 57.000000 35.967000 -16.709000
5904.000000 57.000000 36.590000 -16.709000
5916.000000 57.000000 37.213000 -16.709000
5928.000000 57.000000 37.836000 -16.709000
5940.000000 57.000000 38.459000 -16.709000
5760.000000 50.000000 24.724000 1.982000
5772.000000 50.000000 24.866000 1.784000
5784.000000 50.000000 25.064000 1.784000
5796.000000 50.000000 25.631000 1.982000
5808.000000 50.000000 26.254000 1.982000
5820.000000 50.000000 26.820000 1.982000
5832.000000 50.000000 27.358000 1.982000
5844.000000 50.000000 27.981000 1.982000
5856.000000 50.000000 25.860000 0.398000
5868.000000 50.000000 26.002000 0.200000
5880.000000 50.000000 26.144000 0.002000
5892.000000 50.000000 26.286000 -0.196000
5904.000000 50.000000 26.428000 -0.394000
5916.000000 50.000000 26.570000 -0.592000
5928.000000 50.000000 26.712000 -0.790000
5940.000000 50.000000 26.854000 -0.988000
5952.000000 50.000000 26.996000 -1.186000
5964.000000 50.000000 27.138000 -1.384000
5976.000000 50.000000 27.280000 -1.582000
5988.000000 50.000000 27.422000 -1.780000
6156.000000 51.000000 32.428000 -19.287000
6168.000000 51.000000 31.918000 -19.117000
6180.000000 51.000000 31.493000 -18.833000
6192.000000 51.000000 30.955000 -18.664000
6204.000000 51.000000 30.558000 -18.380000
6216.000000 51.000000 30.162000 -18.324000
6228.000000 51.000000 29.624000 -18.324000
6240.000000 51.000000 29.114000 -18.324000
6252.000000 51.000000 28.348000 -17.927000
6264.000000 51.000000 27.838000 -17.757000
6276.000000 51.000000 27.328000 -17.587000
6288.000000 51.000000 26.818000 -17.417000
6300.000000 51.000000 26.308000 -17.247000
6312.000000 51.000000 25.798000 -17.077000
6324.000000 51.000000 25.288000 -16.907000
6336.000000 51.000000 24.778000 -16.737000
6348.000000 51.000000 24.268000 -16.567000
6360.000000 51.000000 23.758000 -16.397000
6372.000000 51.000000 23.248000 -16.227000
6384.000000 51.000000 22.738000 -16.057000
6156.000000 53.000000 32.994000 -18.720000
6168.000000 53.000000 32.456000 -18.437000
6180.000000 53.000000 31.946000 -18.182000
6192.000000 53.000000 31.436000 -17.927000
6204.000000 53.000000 30.813000 -17.927000
6216.000000 53.000000 30.303000 -17.814000
6228.000000 53.000000 29.680000 -17.814000
6240.000000 53.000000 29.284000 -17.814000
6252.000000 53.000000 28.690000 -16.456000
6264.000000 53.000000 28.152000 -16.173000
6276.000000 53.000000 27.614000 -15.890000
6288.000000 53.000000 27.076000 -15.607000
6300.000000 53.000000 26.538000 -15.324000
6312.000000 53.000000 26.000000 -15.041000
6324.000000 53.000000 25.462000 -14.758000
6336.000000 53.000000 24.924000 -14.475000
6348.000000 53.000000 24.386000 -14.192000
6360.000000 53.000000 23.848000 -13.909000
6372.000000 53.000000 23.310000 -13.626000
6384.000000 53.000000 22.772000 -13.343000
6396.000000 54.000000 22.657000 -17.729000
6408.000000 54.000000 22.119000 -17.644000
6420.000000 54.000000 21.609000 -17.474000
6432.000000 54.000000 21.071000 -17.474000
6444.000000 54.000000 20.561000 -17.474000
6456.000000 54.000000 20.051000 -17.389000
6468.000000 54.000000 19.541000 -17.389000
6480.000000 54.000000 19.032000 -17.304000
6492.000000 54.000000 18.353000 -17.049000
6504.000000 54.000000 17.815000 -16.964000
6516.000000 54.000000 17.277000 -16.879000
6528.000000 54.000000 16.739000 -16.794000
6540.000000 54.000000 16.201000 -16.709000
6552.000000 54.000000 15.663000 -16.624000
6564.000000 54.000000 15.125000 -16.539000
6576.000000 54.000000 14.587000 -16.454000
6588.000000 54.000000 14.049000 -16.369000
6600.000000 54.000000 13.511000 -16.284000
6612.000000 54.000000 12.973000 -16.199000
6624.000000 54.000000 12.435000 -16.114000
8028.000000 52.000000 25.631000 -8.949000
8040.000000 52.000000 26.140000 -9.063000
8052.000000 52.000000 26.678000 -9.233000
8064.000000 52.000000 27.103000 -9.403000
8076.000000 52.000000 27.613000 -9.572000
8088.000000 52.000000 28.123000 -9.742000
8100.000000 52.000000 28.633000 -9.856000
8112.000000 52.000000 29.142000 -10.026000
8124.000000 52.000000 29.703000 -9.861000
8136.000000 52.000000 30.212000 -9.975000
8148.000000 52.000000 30.721000 -10.089000
8160.000000 52.000000 31.230000 -10.203000
8172.000000 52.000000 31.739000 -10.317000
8184.000000 52.000000 32.248000 -10.431000
8196.000000 52.000000 32.757000 -10.545000
8208.000000 52.000000 33.266000 -10.659000
8220.000000 52.000000 33.775000 -10.773000
8232.000000 52.000000 34.284000 -10.887000
8244.000000 52.000000 34.793000 -11.001000
8256.000000 52.000000 35.302000 -11.115000
8040.000000 58.000000 33.362000 -15.180000
8052.000000 58.000000 33.136000 -14.274000
8064.000000 58.000000 33.051000 -13.254000
8076.000000 58.000000 33.051000 -12.744000
8088.000000 58.000000 33.051000 -12.575000
8100.000000 58.000000 33.051000 -12.405000
8112.000000 58.000000 32.937000 -12.121000
8124.000000 58.000000 32.937000 -11.612000
8136.000000 58.000000 31.554000 -7.932000
8148.000000 58.000000 31.328000 -7.026000
8160.000000 58.000000 31.102000 -6.120000
8172.000000 58.000000 30.876000 -5.214000
8184.000000 58.000000 30.650000 -4.308000
8196.000000 58.000000 30.424000 -3.402000
8208.000000 58.000000 30.198000 -2.496000
8220.000000 58.000000 29.972000 -1.590000
8232.000000 58.000000 29.746000 -0.684000
8244.000000 58.000000 29.520000 0.222000
8256.000000 58.000000 29.294000 1.128000
8268.000000 58.000000 29.068000 2.034000
8280.000000 59.000000 32.003000 -4.531000
8292.000000 59.000000 32.003000 -4.022000
8304.000000 59.000000 32.003000 -3.455000
8316.000000 59.000000 32.003000 -2.860000
8328.000000 59.000000 32.116000 -2.266000
8340.000000 59.000000 32.116000 -1.643000
8352.000000 59.000000 32.116000 -1.076000
8364.000000 59.000000 32.116000 -0.566000
8376.000000 59.000000 32.003000 -0.459000
8388.000000 59.000000 32.003000 0.050000
8400.000000 59.000000 32.003000 0.559000
8412.000000 59.000000 32.003000 1.068000
8424.000000 59.000000 32.003000 1.577000
8436.000000 59.000000 32.003000 2.086000
8448.000000 59.000000 32.003000 2.595000
8460.000000 59.000000 32.003000 3.104000
8472.000000 59.000000 32.003000 3.613000
8484.000000 59.000000 32.003000 4.122000
8496.000000 59.000000 32.003000 4.631000
8508.000000 59.000000 32.003000 5.140000
9252.000000 60.000000 5.296000 -21.581000
9264.000000 60.000000 4.843000 -21.467000
9276.000000 60.000000 5.353000 -21.043000
9288.000000 60.000000 5.862000 -20.618000
9300.000000 60.000000 6.372000 -20.250000
9312.000000 60.000000 6.995000 -19.825000
9324.000000 60.000000 7.420000 -19.428000
9336.000000 60.000000 7.845000 -19.032000
9348.000000 60.000000 1.672000 -20.669000
9360.000000 60.000000 1.219000 -20.555000
9372.000000 60.000000 0.766000 -20.441000
9384.000000 60.000000 0.313000 -20.327000
9396.000000 60.000000 -0.140000 -20.213000
9408.000000 60.000000 -0.593000 -20.099000
9420.000000 60.000000 -1.046000 -19.985000
9432.000000 60.000000 -1.499000 -19.871000
9444.000000 60.000000 -1.952000 -19.757000
9456.000000 60.000000 -2.405000 -19.643000
9468.000000 60.000000 -2.858000 -19.529000
9480.000000 60.000000 -3.311000 -19.415000
9492.000000 61.000000 16.341000 -16.709000
9504.000000 61.000000 17.049000 -16.766000
9516.000000 61.000000 17.757000 -16.766000
9528.000000 61.000000 18.437000 -16.794000
9540.000000 61.000000 19.230000 -16.851000
9552.000000 61.000000 19.881000 -16.823000
9564.000000 61.000000 20.674000 -16.851000
9576.000000 61.000000 21.411000 -16.908000
9588.000000 61.000000 22.005000 -17.165000
9600.000000 61.000000 22.713000 -17.222000
9612.000000 61.000000 23.421000 -17.279000
9624.000000 61.000000 24.129000 -17.336000
9636.000000 61.000000 24.837000 -17.393000
9648.000000 61.000000 25.545000 -17.450000
9660.000000 61.000000 26.253000 -17.507000
9672.000000 61.000000 26.961000 -17.564000
9684.000000 61.000000 27.669000 -17.621000
9696.000000 61.000000 28.377000 -17.678000
9708.000000 61.000000 29.085000 -17.735000
9720.000000 61.000000 29.793000 -17.792000