0.000000 6.000000 -15.695000 34.138000
12.000000 6.000000 -15.695000 34.138000
24.000000 6.000000 -15.695000 34.138000
36.000000 6.000000 -15.695000 34.138000
48.000000 6.000000 -15.695000 34.138000
60.000000 6.000000 -15.695000 34.138000
72.000000 6.000000 -15.695000 34.138000
84.000000 6.000000 -15.695000 34.138000
96.000000 6.000000 -15.695000 34.138000
108.000000 6.000000 -15.695000 34.138000
120.000000 6.000000 -15.695000 34.138000
132.000000 6.000000 -15.695000 34.138000
144.000000 6.000000 -15.695000 34.138000
156.000000 6.000000 -15.695000 34.138000
168.000000 6.000000 -15.695000 34.138000
180.000000 6.000000 -15.695000 34.138000
192.000000 6.000000 -15.695000 34.138000
204.000000 6.000000 -15.695000 34.138000
216.000000 6.000000 -15.695000 34.138000
228.000000 6.000000 -15.695000 34.138000
0.000000 15.000000 -8.722000 41.385000
12.000000 15.000000 -8.665000 41.312000
24.000000 15.000000 -8.607000 41.312000
36.000000 15.000000 -8.549000 41.312000
48.000000 15.000000 -8.491000 41.312000
60.000000 15.000000 -8.433000 41.312000
72.000000 15.000000 -8.375000 41.312000
84.000000 15.000000 -8.317000 41.312000
96.000000 15.000000 -8.266000 40.801000
108.000000 15.000000 -8.209000 40.728000
120.000000 15.000000 -8.152000 40.655000
132.000000 15.000000 -8.095000 40.582000
144.000000 15.000000 -8.038000 40.509000
156.000000 15.000000 -7.981000 40.436000
168.000000 15.000000 -7.924000 40.363000
180.000000 15.000000 -7.867000 40.290000
192.000000 15.000000 -7.810000 40.217000
204.000000 15.000000 -7.753000 40.144000
216.000000 15.000000 -7.696000 40.071000
228.000000 15.000000 -7.639000 39.998000
0.000000 22.000000 -6.061000 28.786000
12.000000 22.000000 -5.829000 27.802000
24.000000 22.000000 -5.598000 26.847000
36.000000 22.000000 -5.381000 25.864000
48.000000 22.000000 -5.164000 24.894000
60.000000 22.000000 -4.875000 23.925000
72.000000 22.000000 -4.643000 22.942000
84.000000 22.000000 -4.643000 21.972000
96.000000 22.000000 -4.205000 20.914000
108.000000 22.000000 -3.973000 19.930000
120.000000 22.000000 -3.741000 18.946000
132.000000 22.000000 -3.509000 17.962000
144.000000 22.000000 -3.277000 16.978000
156.000000 22.000000 -3.045000 15.994000
168.000000 22.000000 -2.813000 15.010000
180.000000 22.000000 -2.581000 14.026000
192.000000 22.000000 -2.349000 13.042000
204.000000 22.000000 -2.117000 12.058000
216.000000 22.000000 -1.885000 11.074000
228.000000 22.000000 -1.653000 10.090000
0.000000 24.000000 6.929000 9.807000
12.000000 24.000000 7.218000 9.561000
24.000000 24.000000 7.565000 9.431000
36.000000 24.000000 7.912000 9.316000
48.000000 24.000000 8.260000 9.200000
60.000000 24.000000 8.607000 9.070000
72.000000 24.000000 8.925000 8.954000
84.000000 24.000000 9.272000 8.824000
96.000000 24.000000 9.241000 7.839000
108.000000 24.000000 9.530000 7.593000
120.000000 24.000000 9.819000 7.347000
132.000000 24.000000 10.108000 7.101000
144.000000 24.000000 10.397000 6.855000
156.000000 24.000000 10.686000 6.609000
168.000000 24.000000 10.975000 6.363000
180.000000 24.000000 11.264000 6.117000
192.000000 24.000000 11.553000 5.871000
204.000000 24.000000 11.842000 5.625000
216.000000 24.000000 12.131000 5.379000
228.000000 24.000000 12.420000 5.133000
0.000000 50.000000 -5.584000 17.532000
12.000000 50.000000 -5.627000 18.023000
24.000000 50.000000 -5.685000 18.631000
36.000000 50.000000 -5.743000 19.239000
48.000000 50.000000 -5.800000 19.730000
60.000000 50.000000 -5.858000 20.338000
72.000000 50.000000 -5.916000 20.945000
84.000000 50.000000 -5.974000 21.423000
96.000000 50.000000 -5.928000 21.460000
108.000000 50.000000 -5.971000 21.951000
120.000000 50.000000 -6.014000 22.442000
132.000000 50.000000 -6.057000 22.933000
144.000000 50.000000 -6.100000 23.424000
156.000000 50.000000 -6.143000 23.915000
168.000000 50.000000 -6.186000 24.406000
180.000000 50.000000 -6.229000 24.897000
192.000000 50.000000 -6.272000 25.388000
204.000000 50.000000 -6.315000 25.879000
216.000000 50.000000 -6.358000 26.370000
228.000000 50.000000 -6.401000 26.861000
36.000000 64.000000 -8.288000 40.083000
48.000000 64.000000 -8.578000 39.186000
60.000000 64.000000 -8.578000 38.578000
72.000000 64.000000 -8.636000 38.087000
84.000000 64.000000 -8.636000 37.609000
96.000000 64.000000 -8.694000 37.117000
108.000000 64.000000 -8.694000 36.582000
120.000000 64.000000 -8.737000 36.033000
132.000000 64.000000 -10.608000 32.907000
144.000000 64.000000 -10.898000 32.010000
156.000000 64.000000 -11.188000 31.113000
168.000000 64.000000 -11.478000 30.216000
180.000000 64.000000 -11.768000 29.319000
192.000000 64.000000 -12.058000 28.422000
204.000000 64.000000 -12.348000 27.525000
216.000000 64.000000 -12.638000 26.628000
228.000000 64.000000 -12.928000 25.731000
240.000000 64.000000 -13.218000 24.834000
252.000000 64.000000 -13.508000 23.937000
264.000000 64.000000 -13.798000 23.040000
240.000000 7.000000 -15.695000 34.138000
252.000000 7.000000 -15.695000 34.138000
264.000000 7.000000 -15.695000 34.138000
276.000000 7.000000 -15.695000 34.138000
288.000000 7.000000 -15.695000 34.138000
300.000000 7.000000 -15.695000 34.138000
312.000000 7.000000 -15.695000 34.138000
324.000000 7.000000 -15.695000 34.138000
336.000000 7.000000 -15.695000 34.138000
348.000000 7.000000 -15.695000 34.138000
360.000000 7.000000 -15.695000 34.138000
372.000000 7.000000 -15.695000 34.138000
384.000000 7.000000 -15.695000 34.138000
396.000000 7.000000 -15.695000 34.138000
408.000000 7.000000 -15.695000 34.138000
420.000000 7.000000 -15.695000 34.138000
432.000000 7.000000 -15.695000 34.138000
444.000000 7.000000 -15.695000 34.138000
456.000000 7.000000 -15.695000 34.138000
468.000000 7.000000 -15.695000 34.138000
240.000000 16.000000 -7.233000 37.175000
252.000000 16.000000 -7.117000 36.568000
264.000000 16.000000 -7.016000 35.960000
276.000000 16.000000 -6.958000 35.353000
288.000000 16.000000 -6.842000 34.745000
300.000000 16.000000 -6.726000 34.138000
312.000000 16.000000 -6.611000 33.530000
324.000000 16.000000 -6.495000 32.923000
336.000000 16.000000 -6.305000 32.319000
348.000000 16.000000 -6.189000 31.712000
360.000000 16.000000 -6.073000 31.105000
372.000000 16.000000 -5.957000 30.498000
384.000000 16.000000 -5.841000 29.891000
396.000000 16.000000 -5.725000 29.284000
408.000000 16.000000 -5.609000 28.677000
420.000000 16.000000 -5.493000 28.070000
432.000000 16.000000 -5.377000 27.463000
444.000000 16.000000 -5.261000 26.856000
456.000000 16.000000 -5.145000 26.249000
468.000000 16.000000 -5.029000 25.642000
240.000000 23.000000 -15.347000 11.630000
252.000000 23.000000 -16.881000 11.514000
264.000000 23.000000 -18.298000 11.138000
276.000000 23.000000 -19.456000 10.776000
288.000000 23.000000 -19.213000 11.064000
300.000000 23.000000 -18.485000 11.620000
312.000000 23.000000 -17.757000 12.177000
324.000000 23.000000 -17.029000 12.733000
336.000000 23.000000 -27.619000 10.702000
348.000000 23.000000 -29.153000 10.586000
360.000000 23.000000 -30.687000 10.470000
372.000000 23.000000 -32.221000 10.354000
384.000000 23.000000 -33.755000 10.238000
396.000000 23.000000 -35.289000 10.122000
408.000000 23.000000 -36.823000 10.006000
420.000000 23.000000 -38.357000 9.890000
432.000000 23.000000 -39.891000 9.774000
444.000000 23.000000 -41.425000 9.658000
456.000000 23.000000 -42.959000 9.542000
468.000000 23.000000 -44.493000 9.426000
240.000000 51.000000 -7.290000 29.089000
252.000000 51.000000 -7.392000 29.639000
264.000000 51.000000 -7.507000 30.246000
276.000000 51.000000 -7.623000 30.854000
288.000000 51.000000 -7.739000 31.389000
300.000000 51.000000 -7.855000 31.997000
312.000000 51.000000 -7.970000 32.561000
324.000000 51.000000 -8.086000 33.168000
336.000000 51.000000 -8.106000 33.489000
348.000000 51.000000 -8.208000 34.039000
360.000000 51.000000 -8.310000 34.589000
372.000000 51.000000 -8.412000 35.139000
384.000000 51.000000 -8.514000 35.689000
396.000000 51.000000 -8.616000 36.239000
408.000000 51.000000 -8.718000 36.789000
420.000000 51.000000 -8.820000 37.339000
432.000000 51.000000 -8.922000 37.889000
444.000000 51.000000 -9.024000 38.439000
456.000000 51.000000 -9.126000 38.989000
468.000000 51.000000 -9.228000 39.539000
276.000000 65.000000 -9.142000 29.263000
288.000000 65.000000 -9.142000 28.786000
300.000000 65.000000 -9.084000 28.308000
312.000000 65.000000 -9.026000 27.816000
324.000000 65.000000 -8.910000 27.209000
336.000000 65.000000 -8.795000 26.717000
348.000000 65.000000 -8.737000 26.109000
360.000000 65.000000 -8.636000 25.618000
372.000000 65.000000 -9.142000 25.447000
384.000000 65.000000 -9.142000 24.970000
396.000000 65.000000 -9.142000 24.493000
408.000000 65.000000 -9.142000 24.016000
420.000000 65.000000 -9.142000 23.539000
432.000000 65.000000 -9.142000 23.062000
444.000000 65.000000 -9.142000 22.585000
456.000000 65.000000 -9.142000 22.108000
468.000000 65.000000 -9.142000 21.631000
480.000000 65.000000 -9.142000 21.154000
492.000000 65.000000 -9.142000 20.677000
504.000000 65.000000 -9.142000 20.200000
312.000000 55.000000 5.439000 35.237000
324.000000 55.000000 5.410000 35.541000
336.000000 55.000000 5.352000 35.902000
348.000000 55.000000 5.294000 36.264000
360.000000 55.000000 5.236000 36.568000
372.000000 55.000000 5.179000 36.944000
384.000000 55.000000 4.672000 37.175000
396.000000 55.000000 4.209000 37.551000
408.000000 55.000000 5.207000 37.669000
420.000000 55.000000 5.178000 37.973000
432.000000 55.000000 5.149000 38.277000
444.000000 55.000000 5.120000 38.581000
456.000000 55.000000 5.091000 38.885000
468.000000 55.000000 5.062000 39.189000
480.000000 55.000000 5.033000 39.493000
492.000000 55.000000 5.004000 39.797000
504.000000 55.000000 4.975000 40.101000
516.000000 55.000000 4.946000 40.405000
528.000000 55.000000 4.917000 40.709000
540.000000 55.000000 4.888000 41.013000
336.000000 60.000000 3.081000 40.951000
348.000000 60.000000 3.081000 40.343000
360.000000 60.000000 3.023000 39.866000
372.000000 60.000000 2.965000 39.258000
384.000000 60.000000 2.965000 38.766000
396.000000 60.000000 2.907000 38.159000
408.000000 60.000000 2.907000 37.667000
420.000000 60.000000 2.907000 37.060000
432.000000 60.000000 3.081000 36.087000
444.000000 60.000000 3.081000 35.479000
456.000000 60.000000 3.081000 34.871000
468.000000 60.000000 3.081000 34.263000
480.000000 60.000000 3.081000 33.655000
492.000000 60.000000 3.081000 33.047000
504.000000 60.000000 3.081000 32.439000
516.000000 60.000000 3.081000 31.831000
528.000000 60.000000 3.081000 31.223000
540.000000 60.000000 3.081000 30.615000
552.000000 60.000000 3.081000 30.007000
564.000000 60.000000 3.081000 29.399000
396.000000 0.000000 3.703000 25.560000
408.000000 0.000000 3.746000 25.068000
420.000000 0.000000 3.804000 24.591000
432.000000 0.000000 3.862000 24.099000
444.000000 0.000000 3.920000 23.621000
456.000000 0.000000 3.978000 23.188000
468.000000 0.000000 4.094000 22.696000
480.000000 0.000000 4.151000 22.204000
492.000000 0.000000 4.047000 21.624000
504.000000 0.000000 4.090000 21.132000
516.000000 0.000000 4.133000 20.640000
528.000000 0.000000 4.176000 20.148000
540.000000 0.000000 4.219000 19.656000
552.000000 0.000000 4.262000 19.164000
564.000000 0.000000 4.305000 18.672000
576.000000 0.000000 4.348000 18.180000
588.000000 0.000000 4.391000 17.688000
600.000000 0.000000 4.434000 17.196000
612.000000 0.000000 4.477000 16.704000
624.000000 0.000000 4.520000 16.212000
456.000000 33.000000 3.645000 41.833000
468.000000 33.000000 3.645000 40.893000
480.000000 33.000000 3.703000 40.415000
492.000000 33.000000 3.804000 39.924000
504.000000 33.000000 3.862000 39.374000
516.000000 33.000000 3.978000 38.651000
528.000000 33.000000 4.036000 37.971000
540.000000 33.000000 4.036000 37.479000
552.000000 33.000000 3.645000 34.313000
564.000000 33.000000 3.645000 33.373000
576.000000 33.000000 3.645000 32.433000
588.000000 33.000000 3.645000 31.493000
600.000000 33.000000 3.645000 30.553000
612.000000 33.000000 3.645000 29.613000
624.000000 33.000000 3.645000 28.673000
636.000000 33.000000 3.645000 27.733000
648.000000 33.000000 3.645000 26.793000
660.000000 33.000000 3.645000 25.853000
672.000000 33.000000 3.645000 24.913000
684.000000 33.000000 3.645000 23.973000
480.000000 8.000000 -15.695000 34.138000
492.000000 8.000000 -15.695000 34.138000
504.000000 8.000000 -15.752000 34.080000
516.000000 8.000000 -15.752000 34.080000
528.000000 8.000000 -15.752000 34.080000
540.000000 8.000000 -15.752000 34.080000
552.000000 8.000000 -15.781000 34.080000
564.000000 8.000000 -15.781000 34.080000
576.000000 8.000000 -15.695000 34.138000
588.000000 8.000000 -15.695000 34.138000
600.000000 8.000000 -15.695000 34.138000
612.000000 8.000000 -15.695000 34.138000
624.000000 8.000000 -15.695000 34.138000
636.000000 8.000000 -15.695000 34.138000
648.000000 8.000000 -15.695000 34.138000
660.000000 8.000000 -15.695000 34.138000
672.000000 8.000000 -15.695000 34.138000
684.000000 8.000000 -15.695000 34.138000
696.000000 8.000000 -15.695000 34.138000
708.000000 8.000000 -15.695000 34.138000
480.000000 17.000000 -5.584000 25.140000
492.000000 17.000000 -5.584000 24.533000
504.000000 17.000000 -5.555000 24.041000
516.000000 17.000000 -5.584000 23.665000
528.000000 17.000000 -5.612000 23.318000
540.000000 17.000000 -5.612000 22.942000
552.000000 17.000000 -5.670000 22.580000
564.000000 17.000000 -5.699000 22.103000
576.000000 17.000000 -5.584000 20.284000
588.000000 17.000000 -5.584000 19.677000
600.000000 17.000000 -5.584000 19.070000
612.000000 17.000000 -5.584000 18.463000
624.000000 17.000000 -5.584000 17.856000
636.000000 17.000000 -5.584000 17.249000
648.000000 17.000000 -5.584000 16.642000
660.000000 17.000000 -5.584000 16.035000
672.000000 17.000000 -5.584000 15.428000
684.000000 17.000000 -5.584000 14.821000
696.000000 17.000000 -5.584000 14.214000
708.000000 17.000000 -5.584000 13.607000
504.000000 12.000000 -6.611000 24.533000
516.000000 12.000000 -6.611000 23.925000
528.000000 12.000000 -6.611000 23.303000
540.000000 12.000000 -6.611000 22.696000
552.000000 12.000000 -6.668000 22.218000
564.000000 12.000000 -6.668000 21.727000
576.000000 12.000000 -6.668000 21.307000
588.000000 12.000000 -6.611000 20.757000
600.000000 12.000000 -6.611000 19.669000
612.000000 12.000000 -6.611000 19.061000
624.000000 12.000000 -6.611000 18.453000
636.000000 12.000000 -6.611000 17.845000
648.000000 12.000000 -6.611000 17.237000
660.000000 12.000000 -6.611000 16.629000
672.000000 12.000000 -6.611000 16.021000
684.000000 12.000000 -6.611000 15.413000
696.000000 12.000000 -6.611000 14.805000
708.000000 12.000000 -6.611000 14.197000
720.000000 12.000000 -6.611000 13.589000
732.000000 12.000000 -6.611000 12.981000
504.000000 46.000000 1.794000 -6.509000
516.000000 46.000000 1.794000 -6.509000
528.000000 46.000000 1.765000 -6.871000
540.000000 46.000000 1.649000 -7.233000
552.000000 46.000000 1.591000 -7.609000
564.000000 46.000000 1.475000 -8.086000
576.000000 46.000000 1.418000 -8.824000
588.000000 46.000000 1.360000 -9.431000
600.000000 46.000000 1.794000 -6.509000
612.000000 46.000000 1.794000 -6.509000
624.000000 46.000000 1.794000 -6.509000
636.000000 46.000000 1.794000 -6.509000
648.000000 46.000000 1.794000 -6.509000
660.000000 46.000000 1.794000 -6.509000
672.000000 46.000000 1.794000 -6.509000
684.000000 46.000000 1.794000 -6.509000
696.000000 46.000000 1.794000 -6.509000
708.000000 46.000000 1.794000 -6.509000
720.000000 46.000000 1.794000 -6.509000
732.000000 46.000000 1.794000 -6.509000
516.000000 66.000000 -6.871000 19.354000
528.000000 66.000000 -6.697000 18.689000
540.000000 66.000000 -6.582000 18.067000
552.000000 66.000000 -6.408000 17.459000
564.000000 66.000000 -6.292000 16.852000
576.000000 66.000000 -6.177000 16.244000
588.000000 66.000000 -6.061000 15.637000
600.000000 66.000000 -5.887000 15.159000
612.000000 66.000000 -5.479000 14.034000
624.000000 66.000000 -5.305000 13.369000
636.000000 66.000000 -5.131000 12.704000
648.000000 66.000000 -4.957000 12.039000
660.000000 66.000000 -4.783000 11.374000
672.000000 66.000000 -4.609000 10.709000
684.000000 66.000000 -4.435000 10.044000
696.000000 66.000000 -4.261000 9.379000
708.000000 66.000000 -4.087000 8.714000
720.000000 66.000000 -3.913000 8.049000
732.000000 66.000000 -3.739000 7.384000
744.000000 66.000000 -3.565000 6.719000
552.000000 56.000000 -1.548000 39.359000
564.000000 56.000000 -2.097000 39.359000
576.000000 56.000000 -2.676000 39.359000
588.000000 56.000000 -3.370000 39.851000
600.000000 56.000000 -4.094000 40.343000
612.000000 56.000000 -4.499000 40.589000
624.000000 56.000000 -4.846000 40.835000
636.000000 56.000000 -5.468000 41.009000
648.000000 56.000000 -5.940000 39.359000
660.000000 56.000000 -6.489000 39.359000
672.000000 56.000000 -7.038000 39.359000
684.000000 56.000000 -7.587000 39.359000
696.000000 56.000000 -8.136000 39.359000
708.000000 56.000000 -8.685000 39.359000
720.000000 56.000000 -9.234000 39.359000
732.000000 56.000000 -9.783000 39.359000
744.000000 56.000000 -10.332000 39.359000
756.000000 56.000000 -10.881000 39.359000
768.000000 56.000000 -11.430000 39.359000
780.000000 56.000000 -11.979000 39.359000
576.000000 52.000000 -13.843000 30.680000
588.000000 52.000000 -13.901000 30.058000
600.000000 52.000000 -13.901000 29.451000
612.000000 52.000000 -13.901000 29.335000
624.000000 52.000000 -13.843000 29.089000
636.000000 52.000000 -13.785000 28.843000
648.000000 52.000000 -13.785000 28.482000
660.000000 52.000000 -13.785000 28.236000
672.000000 52.000000 -14.307000 25.704000
684.000000 52.000000 -14.365000 25.082000
696.000000 52.000000 -14.423000 24.460000
708.000000 52.000000 -14.481000 23.838000
720.000000 52.000000 -14.539000 23.216000
732.000000 52.000000 -14.597000 22.594000
744.000000 52.000000 -14.655000 21.972000
756.000000 52.000000 -14.713000 21.350000
768.000000 52.000000 -14.771000 20.728000
780.000000 52.000000 -14.829000 20.106000
792.000000 52.000000 -14.887000 19.484000
804.000000 52.000000 -14.945000 18.862000
576.000000 61.000000 4.238000 29.509000
588.000000 61.000000 4.296000 28.786000
600.000000 61.000000 4.412000 28.178000
612.000000 61.000000 4.470000 27.570000
624.000000 61.000000 4.585000 26.847000
636.000000 61.000000 4.528000 26.355000
648.000000 61.000000 4.412000 25.979000
660.000000 61.000000 4.296000 25.618000
672.000000 61.000000 4.702000 23.725000
684.000000 61.000000 4.760000 23.002000
696.000000 61.000000 4.818000 22.279000
708.000000 61.000000 4.876000 21.556000
720.000000 61.000000 4.934000 20.833000
732.000000 61.000000 4.992000 20.110000
744.000000 61.000000 5.050000 19.387000
756.000000 61.000000 5.108000 18.664000
768.000000 61.000000 5.166000 17.941000
780.000000 61.000000 5.224000 17.218000
792.000000 61.000000 5.282000 16.495000
804.000000 61.000000 5.340000 15.772000
600.000000 48.000000 -14.639000 30.333000
612.000000 48.000000 -14.523000 29.523000
624.000000 48.000000 -14.465000 29.147000
636.000000 48.000000 -14.465000 28.655000
648.000000 48.000000 -14.465000 28.308000
660.000000 48.000000 -14.407000 27.816000
672.000000 48.000000 -14.407000 27.440000
684.000000 48.000000 -14.349000 27.093000
696.000000 48.000000 -13.711000 23.853000
708.000000 48.000000 -13.595000 23.043000
720.000000 48.000000 -13.479000 22.233000
732.000000 48.000000 -13.363000 21.423000
744.000000 48.000000 -13.247000 20.613000
756.000000 48.000000 -13.131000 19.803000
768.000000 48.000000 -13.015000 18.993000
780.000000 48.000000 -12.899000 18.183000
792.000000 48.000000 -12.783000 17.373000
804.000000 48.000000 -12.667000 16.563000
816.000000 48.000000 -12.551000 15.753000
828.000000 48.000000 -12.435000 14.943000
636.000000 1.000000 3.862000 15.998000
648.000000 1.000000 3.920000 15.391000
660.000000 1.000000 3.978000 14.783000
672.000000 1.000000 3.978000 14.060000
684.000000 1.000000 4.036000 13.453000
696.000000 1.000000 4.036000 12.845000
708.000000 1.000000 4.094000 12.237000
720.000000 1.000000 4.151000 11.746000
732.000000 1.000000 4.326000 11.142000
744.000000 1.000000 4.384000 10.535000
756.000000 1.000000 4.442000 9.928000
768.000000 1.000000 4.500000 9.321000
780.000000 1.000000 4.558000 8.714000
792.000000 1.000000 4.616000 8.107000
804.000000 1.000000 4.674000 7.500000
816.000000 1.000000 4.732000 6.893000
828.000000 1.000000 4.790000 6.286000
840.000000 1.000000 4.848000 5.679000
852.000000 1.000000 4.906000 5.072000
864.000000 1.000000 4.964000 4.465000
696.000000 34.000000 4.267000 27.455000
708.000000 34.000000 4.267000 27.252000
720.000000 34.000000 4.238000 27.252000
732.000000 34.000000 4.209000 27.194000
744.000000 34.000000 4.180000 27.194000
756.000000 34.000000 4.180000 26.905000
768.000000 34.000000 4.296000 26.298000
780.000000 34.000000 4.412000 25.690000
792.000000 34.000000 4.267000 25.831000
804.000000 34.000000 4.267000 25.628000
816.000000 34.000000 4.267000 25.425000
828.000000 34.000000 4.267000 25.222000
840.000000 34.000000 4.267000 25.019000
852.000000 34.000000 4.267000 24.816000
864.000000 34.000000 4.267000 24.613000
876.000000 34.000000 4.267000 24.410000
888.000000 34.000000 4.267000 24.207000
900.000000 34.000000 4.267000 24.004000
912.000000 34.000000 4.267000 23.801000
924.000000 34.000000 4.267000 23.598000
720.000000 9.000000 -15.868000 34.080000
732.000000 9.000000 -15.897000 34.080000
744.000000 9.000000 -15.897000 34.080000
756.000000 9.000000 -15.897000 34.022000
768.000000 9.000000 -15.897000 34.022000
780.000000 9.000000 -15.926000 34.022000
792.000000 9.000000 -15.926000 34.022000
804.000000 9.000000 -15.926000 34.022000
816.000000 9.000000 -16.100000 34.080000
828.000000 9.000000 -16.129000 34.080000
840.000000 9.000000 -16.158000 34.080000
852.000000 9.000000 -16.187000 34.080000
864.000000 9.000000 -16.216000 34.080000
876.000000 9.000000 -16.245000 34.080000
888.000000 9.000000 -16.274000 34.080000
900.000000 9.000000 -16.303000 34.080000
912.000000 9.000000 -16.332000 34.080000
924.000000 9.000000 -16.361000 34.080000
936.000000 9.000000 -16.390000 34.080000
948.000000 9.000000 -16.419000 34.080000
720.000000 18.000000 -5.179000 14.306000
732.000000 18.000000 -5.121000 13.814000
744.000000 18.000000 -5.121000 13.091000
756.000000 18.000000 -5.077000 12.353000
768.000000 18.000000 -4.904000 11.861000
780.000000 18.000000 -4.730000 11.384000
792.000000 18.000000 -4.730000 10.776000
804.000000 18.000000 -4.730000 10.169000
816.000000 18.000000 -4.715000 10.370000
828.000000 18.000000 -4.657000 9.878000
840.000000 18.000000 -4.599000 9.386000
852.000000 18.000000 -4.541000 8.894000
864.000000 18.000000 -4.483000 8.402000
876.000000 18.000000 -4.425000 7.910000
888.000000 18.000000 -4.367000 7.418000
900.000000 18.000000 -4.309000 6.926000
912.000000 18.000000 -4.251000 6.434000
924.000000 18.000000 -4.193000 5.942000
936.000000 18.000000 -4.135000 5.450000
948.000000 18.000000 -4.077000 4.958000
744.000000 13.000000 -6.032000 12.975000
756.000000 13.000000 -5.974000 12.483000
768.000000 13.000000 -5.873000 12.107000
780.000000 13.000000 -5.699000 11.630000
792.000000 13.000000 -5.584000 11.268000
804.000000 13.000000 -5.584000 10.531000
816.000000 13.000000 -5.584000 9.923000
828.000000 13.000000 -5.584000 9.446000
840.000000 13.000000 -5.568000 9.039000
852.000000 13.000000 -5.510000 8.547000
864.000000 13.000000 -5.452000 8.055000
876.000000 13.000000 -5.394000 7.563000
888.000000 13.000000 -5.336000 7.071000
900.000000 13.000000 -5.278000 6.579000
912.000000 13.000000 -5.220000 6.087000
924.000000 13.000000 -5.162000 5.595000
936.000000 13.000000 -5.104000 5.103000
948.000000 13.000000 -5.046000 4.611000
960.000000 13.000000 -4.988000 4.119000
972.000000 13.000000 -4.930000 3.627000
744.000000 20.000000 -20.078000 21.596000
756.000000 20.000000 -19.730000 21.857000
768.000000 20.000000 -19.354000 22.088000
780.000000 20.000000 -18.964000 22.334000
792.000000 20.000000 -18.501000 22.826000
804.000000 20.000000 -18.110000 23.188000
816.000000 20.000000 -17.763000 23.188000
828.000000 20.000000 -17.488000 23.303000
840.000000 20.000000 -17.294000 23.684000
852.000000 20.000000 -16.946000 23.945000
864.000000 20.000000 -16.598000 24.206000
876.000000 20.000000 -16.250000 24.467000
888.000000 20.000000 -15.902000 24.728000
900.000000 20.000000 -15.554000 24.989000
912.000000 20.000000 -15.206000 25.250000
924.000000 20.000000 -14.858000 25.511000
936.000000 20.000000 -14.510000 25.772000
948.000000 20.000000 -14.162000 26.033000
960.000000 20.000000 -13.814000 26.294000
972.000000 20.000000 -13.466000 26.555000
756.000000 67.000000 2.416000 41.298000
768.000000 67.000000 2.416000 40.589000
780.000000 67.000000 2.416000 40.227000
792.000000 67.000000 2.416000 39.851000
804.000000 67.000000 2.416000 39.504000
816.000000 67.000000 2.416000 39.012000
828.000000 67.000000 2.474000 38.636000
840.000000 67.000000 2.531000 38.144000
852.000000 67.000000 2.416000 35.626000
864.000000 67.000000 2.416000 34.917000
876.000000 67.000000 2.416000 34.208000
888.000000 67.000000 2.416000 33.499000
900.000000 67.000000 2.416000 32.790000
912.000000 67.000000 2.416000 32.081000
924.000000 67.000000 2.416000 31.372000
936.000000 67.000000 2.416000 30.663000
948.000000 67.000000 2.416000 29.954000
960.000000 67.000000 2.416000 29.245000
972.000000 67.000000 2.416000 28.536000
984.000000 67.000000 2.416000 27.827000
792.000000 57.000000 -7.037000 41.535000
804.000000 57.000000 -7.055000 41.539000
816.000000 57.000000 -7.073000 41.542000
828.000000 57.000000 -7.090000 41.545000
840.000000 57.000000 -7.108000 41.548000
852.000000 57.000000 -7.126000 41.552000
864.000000 57.000000 -7.145000 41.555000
876.000000 57.000000 -7.163000 41.558000
888.000000 57.000000 -7.181000 41.567000
900.000000 57.000000 -7.199000 41.571000
912.000000 57.000000 -7.217000 41.575000
924.000000 57.000000 -7.235000 41.579000
936.000000 57.000000 -7.253000 41.583000
948.000000 57.000000 -7.271000 41.587000
960.000000 57.000000 -7.289000 41.591000
972.000000 57.000000 -7.307000 41.595000
984.000000 57.000000 -7.325000 41.599000
996.000000 57.000000 -7.343000 41.603000
1008.000000 57.000000 -7.361000 41.607000
1020.000000 57.000000 -7.379000 41.611000
816.000000 62.000000 5.887000 18.920000
828.000000 62.000000 5.887000 18.689000
840.000000 62.000000 5.887000 18.573000
852.000000 62.000000 5.887000 18.197000
864.000000 62.000000 6.234000 16.866000
876.000000 62.000000 6.408000 15.883000
888.000000 62.000000 6.408000 15.391000
900.000000 62.000000 6.408000 14.914000
912.000000 62.000000 5.887000 17.072000
924.000000 62.000000 5.887000 16.841000
936.000000 62.000000 5.887000 16.610000
948.000000 62.000000 5.887000 16.379000
960.000000 62.000000 5.887000 16.148000
972.000000 62.000000 5.887000 15.917000
984.000000 62.000000 5.887000 15.686000
996.000000 62.000000 5.887000 15.455000
1008.000000 62.000000 5.887000 15.224000
1020.000000 62.000000 5.887000 14.993000
1032.000000 62.000000 5.887000 14.762000
1044.000000 62.000000 5.887000 14.531000
840.000000 49.000000 -15.145000 22.696000
852.000000 49.000000 -15.203000 22.349000
864.000000 49.000000 -15.261000 21.972000
876.000000 49.000000 -15.376000 21.596000
888.000000 49.000000 -15.666000 21.249000
900.000000 49.000000 -15.941000 20.873000
912.000000 49.000000 -16.230000 20.642000
924.000000 49.000000 -16.461000 20.381000
936.000000 49.000000 -15.609000 19.920000
948.000000 49.000000 -15.667000 19.573000
960.000000 49.000000 -15.725000 19.226000
972.000000 49.000000 -15.783000 18.879000
984.000000 49.000000 -15.841000 18.532000
996.000000 49.000000 -15.899000 18.185000
1008.000000 49.000000 -15.957000 17.838000
1020.000000 49.000000 -16.015000 17.491000
1032.000000 49.000000 -16.073000 17.144000
1044.000000 49.000000 -16.131000 16.797000
1056.000000 49.000000 -16.189000 16.450000
1068.000000 49.000000 -16.247000 16.103000
876.000000 2.000000 4.788000 4.817000
888.000000 2.000000 4.788000 4.325000
900.000000 2.000000 4.788000 3.848000
912.000000 2.000000 4.788000 3.110000
924.000000 2.000000 4.788000 2.372000
936.000000 2.000000 4.672000 1.895000
948.000000 2.000000 4.557000 1.649000
960.000000 2.000000 4.499000 1.287000
972.000000 2.000000 4.788000 0.881000
984.000000 2.000000 4.788000 0.389000
996.000000 2.000000 4.788000 -0.103000
1008.000000 2.000000 4.788000 -0.595000
1020.000000 2.000000 4.788000 -1.087000
1032.000000 2.000000 4.788000 -1.579000
1044.000000 2.000000 4.788000 -2.071000
1056.000000 2.000000 4.788000 -2.563000
1068.000000 2.000000 4.788000 -3.055000
1080.000000 2.000000 4.788000 -3.547000
1092.000000 2.000000 4.788000 -4.039000
1104.000000 2.000000 4.788000 -4.531000
936.000000 35.000000 5.627000 19.108000
948.000000 35.000000 5.743000 18.501000
960.000000 35.000000 5.974000 18.139000
972.000000 35.000000 6.263000 17.647000
984.000000 35.000000 6.437000 17.286000
996.000000 35.000000 6.553000 16.924000
1008.000000 35.000000 6.770000 16.490000
1020.000000 35.000000 7.059000 15.941000
1032.000000 35.000000 6.555000 14.252000
1044.000000 35.000000 6.671000 13.645000
1056.000000 35.000000 6.787000 13.038000
1068.000000 35.000000 6.903000 12.431000
1080.000000 35.000000 7.019000 11.824000
1092.000000 35.000000 7.135000 11.217000
1104.000000 35.000000 7.251000 10.610000
1116.000000 35.000000 7.367000 10.003000
1128.000000 35.000000 7.483000 9.396000
1140.000000 35.000000 7.599000 8.789000
1152.000000 35.000000 7.715000 8.182000
1164.000000 35.000000 7.831000 7.575000
960.000000 10.000000 -16.027000 34.007000
972.000000 10.000000 -16.027000 34.007000
984.000000 10.000000 -16.027000 34.007000
996.000000 10.000000 -16.027000 34.007000
1008.000000 10.000000 -16.085000 33.950000
1020.000000 10.000000 -16.085000 33.950000
1032.000000 10.000000 -16.085000 33.950000
1044.000000 10.000000 -16.085000 33.892000
1056.000000 10.000000 -16.027000 34.007000
1068.000000 10.000000 -16.027000 34.007000
1080.000000 10.000000 -16.027000 34.007000
1092.000000 10.000000 -16.027000 34.007000
1104.000000 10.000000 -16.027000 34.007000
1116.000000 10.000000 -16.027000 34.007000
1128.000000 10.000000 -16.027000 34.007000
1140.000000 10.000000 -16.027000 34.007000
1152.000000 10.000000 -16.027000 34.007000
1164.000000 10.000000 -16.027000 34.007000
1176.000000 10.000000 -16.027000 34.007000
1188.000000 10.000000 -16.027000 34.007000
960.000000 19.000000 -3.935000 3.356000
972.000000 19.000000 -3.935000 2.864000
984.000000 19.000000 -3.935000 2.372000
996.000000 19.000000 -3.935000 1.895000
1008.000000 19.000000 -3.963000 1.215000
1020.000000 19.000000 -3.963000 0.608000
1032.000000 19.000000 -3.992000 0.072000
1044.000000 19.000000 -4.021000 -0.535000
1056.000000 19.000000 -3.935000 -0.580000
1068.000000 19.000000 -3.935000 -1.072000
1080.000000 19.000000 -3.935000 -1.564000
1092.000000 19.000000 -3.935000 -2.056000
1104.000000 19.000000 -3.935000 -2.548000
1116.000000 19.000000 -3.935000 -3.040000
1128.000000 19.000000 -3.935000 -3.532000
1140.000000 19.000000 -3.935000 -4.024000
1152.000000 19.000000 -3.935000 -4.516000
1164.000000 19.000000 -3.935000 -5.008000
1176.000000 19.000000 -3.935000 -5.500000
1188.000000 19.000000 -3.935000 -5.992000
984.000000 14.000000 -4.846000 2.864000
996.000000 14.000000 -4.730000 2.257000
1008.000000 14.000000 -4.672000 1.519000
1020.000000 14.000000 -4.672000 0.984000
1032.000000 14.000000 -4.672000 0.318000
1044.000000 14.000000 -4.672000 -0.231000
1056.000000 14.000000 -4.672000 -0.897000
1068.000000 14.000000 -4.672000 -1.504000
1080.000000 14.000000 -3.918000 -1.992000
1092.000000 14.000000 -3.802000 -2.599000
1104.000000 14.000000 -3.686000 -3.206000
1116.000000 14.000000 -3.570000 -3.813000
1128.000000 14.000000 -3.454000 -4.420000
1140.000000 14.000000 -3.338000 -5.027000
1152.000000 14.000000 -3.222000 -5.634000
1164.000000 14.000000 -3.106000 -6.241000
1176.000000 14.000000 -2.990000 -6.848000
1188.000000 14.000000 -2.874000 -7.455000
1200.000000 14.000000 -2.758000 -8.062000
1212.000000 14.000000 -2.642000 -8.669000
984.000000 21.000000 -14.856000 29.147000
996.000000 21.000000 -14.697000 29.523000
1008.000000 21.000000 -14.552000 29.943000
1020.000000 21.000000 -14.465000 30.608000
1032.000000 21.000000 -14.378000 31.158000
1044.000000 21.000000 -14.292000 31.823000
1056.000000 21.000000 -14.219000 32.373000
1068.000000 21.000000 -14.017000 32.865000
1080.000000 21.000000 -13.584000 32.155000
1092.000000 21.000000 -13.425000 32.531000
1104.000000 21.000000 -13.266000 32.907000
1116.000000 21.000000 -13.107000 33.283000
1128.000000 21.000000 -12.948000 33.659000
1140.000000 21.000000 -12.789000 34.035000
1152.000000 21.000000 -12.630000 34.411000
1164.000000 21.000000 -12.471000 34.787000
1176.000000 21.000000 -12.312000 35.163000
1188.000000 21.000000 -12.153000 35.539000
1200.000000 21.000000 -11.994000 35.915000
1212.000000 21.000000 -11.835000 36.291000
996.000000 54.000000 -9.316000 24.374000
1008.000000 54.000000 -9.026000 23.419000
1020.000000 54.000000 -8.578000 22.811000
1032.000000 54.000000 -8.115000 22.349000
1044.000000 54.000000 -7.594000 21.741000
1056.000000 54.000000 -7.146000 21.119000
1068.000000 54.000000 -7.030000 20.989000
1080.000000 54.000000 -6.929000 20.873000
1092.000000 54.000000 -6.996000 16.734000
1104.000000 54.000000 -6.706000 15.779000
1116.000000 54.000000 -6.416000 14.824000
1128.000000 54.000000 -6.126000 13.869000
1140.000000 54.000000 -5.836000 12.914000
1152.000000 54.000000 -5.546000 11.959000
1164.000000 54.000000 -5.256000 11.004000
1176.000000 54.000000 -4.966000 10.049000
1188.000000 54.000000 -4.676000 9.094000
1200.000000 54.000000 -4.386000 8.139000
1212.000000 54.000000 -4.096000 7.184000
1224.000000 54.000000 -3.806000 6.229000
996.000000 68.000000 3.269000 31.230000
1008.000000 68.000000 3.182000 30.782000
1020.000000 68.000000 3.124000 30.304000
1032.000000 68.000000 3.124000 29.813000
1044.000000 68.000000 3.182000 29.205000
1056.000000 68.000000 3.240000 28.713000
1068.000000 68.000000 3.240000 28.250000
1080.000000 68.000000 3.298000 27.758000
1092.000000 68.000000 2.573000 27.646000
1104.000000 68.000000 2.486000 27.198000
1116.000000 68.000000 2.399000 26.750000
1128.000000 68.000000 2.312000 26.302000
1140.000000 68.000000 2.225000 25.854000
1152.000000 68.000000 2.138000 25.406000
1164.000000 68.000000 2.051000 24.958000
1176.000000 68.000000 1.964000 24.510000
1188.000000 68.000000 1.877000 24.062000
1200.000000 68.000000 1.790000 23.614000
1212.000000 68.000000 1.703000 23.166000
1224.000000 68.000000 1.616000 22.718000
1020.000000 29.000000 -8.375000 -2.850000
1032.000000 29.000000 -8.824000 -3.341000
1044.000000 29.000000 -9.229000 -3.718000
1056.000000 29.000000 -9.677000 -4.180000
1068.000000 29.000000 -10.140000 -4.557000
1080.000000 29.000000 -10.603000 -5.048000
1092.000000 29.000000 -10.993000 -5.410000
1104.000000 29.000000 -11.442000 -5.887000
1116.000000 29.000000 -11.967000 -6.778000
1128.000000 29.000000 -12.416000 -7.269000
1140.000000 29.000000 -12.865000 -7.760000
1152.000000 29.000000 -13.314000 -8.251000
1164.000000 29.000000 -13.763000 -8.742000
1176.000000 29.000000 -14.212000 -9.233000
1188.000000 29.000000 -14.661000 -9.724000
1200.000000 29.000000 -15.110000 -10.215000
1212.000000 29.000000 -15.559000 -10.706000
1224.000000 29.000000 -16.008000 -11.197000
1236.000000 29.000000 -16.457000 -11.688000
1248.000000 29.000000 -16.906000 -12.179000
1032.000000 58.000000 -7.396000 41.600000
1044.000000 58.000000 -7.414000 41.603000
1056.000000 58.000000 -7.432000 41.607000
1068.000000 58.000000 -7.450000 41.610000
1080.000000 58.000000 -7.468000 41.613000
1092.000000 58.000000 -7.486000 41.616000
1104.000000 58.000000 -7.504000 41.620000
1116.000000 58.000000 -7.522000 41.623000
1128.000000 58.000000 -7.540000 41.624000
1140.000000 58.000000 -7.558000 41.627000
1152.000000 58.000000 -7.576000 41.630000
1164.000000 58.000000 -7.594000 41.633000
1176.000000 58.000000 -7.612000 41.636000
1188.000000 58.000000 -7.630000 41.639000
1200.000000 58.000000 -7.648000 41.642000
1212.000000 58.000000 -7.666000 41.645000
1224.000000 58.000000 -7.684000 41.648000
1236.000000 58.000000 -7.702000 41.651000
1248.000000 58.000000 -7.720000 41.654000
1260.000000 58.000000 -7.738000 41.657000
1056.000000 63.000000 5.092000 5.844000
1068.000000 63.000000 5.034000 5.236000
1080.000000 63.000000 4.918000 4.629000
1092.000000 63.000000 4.918000 3.906000
1104.000000 63.000000 4.918000 3.298000
1116.000000 63.000000 4.918000 2.560000
1128.000000 63.000000 4.918000 1.953000
1140.000000 63.000000 4.918000 1.230000
1152.000000 63.000000 4.628000 0.980000
1164.000000 63.000000 4.570000 0.372000
1176.000000 63.000000 4.512000 -0.236000
1188.000000 63.000000 4.454000 -0.844000
1200.000000 63.000000 4.396000 -1.452000
1212.000000 63.000000 4.338000 -2.060000
1224.000000 63.000000 4.280000 -2.668000
1236.000000 63.000000 4.222000 -3.276000
1248.000000 63.000000 4.164000 -3.884000
1260.000000 63.000000 4.106000 -4.492000
1272.000000 63.000000 4.048000 -5.100000
1284.000000 63.000000 3.990000 -5.708000
1116.000000 3.000000 3.804000 -5.164000
1128.000000 3.000000 3.746000 -5.280000
1140.000000 3.000000 3.703000 -5.395000
1152.000000 3.000000 3.645000 -5.395000
1164.000000 3.000000 3.587000 -5.395000
1176.000000 3.000000 3.472000 -5.395000
1188.000000 3.000000 3.414000 -5.280000
1200.000000 3.000000 3.356000 -5.280000
1212.000000 3.000000 3.340000 -6.092000
1224.000000 3.000000 3.282000 -6.208000
1236.000000 3.000000 3.224000 -6.324000
1248.000000 3.000000 3.166000 -6.440000
1260.000000 3.000000 3.108000 -6.556000
1272.000000 3.000000 3.050000 -6.672000
1284.000000 3.000000 2.992000 -6.788000
1296.000000 3.000000 2.934000 -6.904000
1308.000000 3.000000 2.876000 -7.020000
1320.000000 3.000000 2.818000 -7.136000
1332.000000 3.000000 2.760000 -7.252000
1344.000000 3.000000 2.702000 -7.368000
1152.000000 39.000000 15.579000 19.181000
1164.000000 39.000000 15.174000 19.296000
1176.000000 39.000000 14.711000 19.412000
1188.000000 39.000000 14.320000 19.412000
1200.000000 39.000000 13.915000 19.528000
1212.000000 39.000000 13.525000 19.658000
1224.000000 39.000000 13.120000 19.788000
1236.000000 39.000000 12.671000 19.788000
1248.000000 39.000000 12.339000 20.101000
1260.000000 39.000000 11.934000 20.216000
1272.000000 39.000000 11.529000 20.331000
1284.000000 39.000000 11.124000 20.446000
1296.000000 39.000000 10.719000 20.561000
1308.000000 39.000000 10.314000 20.676000
1320.000000 39.000000 9.909000 20.791000
1332.000000 39.000000 9.504000 20.906000
1344.000000 39.000000 9.099000 21.021000
1356.000000 39.000000 8.694000 21.136000
1368.000000 39.000000 8.289000 21.251000
1380.000000 39.000000 7.884000 21.366000
1188.000000 38.000000 15.116000 21.293000
1200.000000 38.000000 14.176000 20.627000
1212.000000 38.000000 13.843000 20.685000
1224.000000 38.000000 13.496000 20.815000
1236.000000 38.000000 13.149000 20.945000
1248.000000 38.000000 12.744000 21.061000
1260.000000 38.000000 12.411000 21.119000
1272.000000 38.000000 12.078000 21.235000
1284.000000 38.000000 7.596000 15.965000
1296.000000 38.000000 6.656000 15.299000
1308.000000 38.000000 5.716000 14.633000
1320.000000 38.000000 4.776000 13.967000
1332.000000 38.000000 3.836000 13.301000
1344.000000 38.000000 2.896000 12.635000
1356.000000 38.000000 1.956000 11.969000
1368.000000 38.000000 1.016000 11.303000
1380.000000 38.000000 0.076000 10.637000
1392.000000 38.000000 -0.864000 9.971000
1404.000000 38.000000 -1.804000 9.305000
1416.000000 38.000000 -2.744000 8.639000
1200.000000 11.000000 -16.085000 33.414000
1212.000000 11.000000 -16.085000 33.414000
1224.000000 11.000000 -16.085000 33.414000
1236.000000 11.000000 -16.085000 33.299000
1248.000000 11.000000 -16.085000 33.299000
1260.000000 11.000000 -16.085000 33.299000
1272.000000 11.000000 -16.085000 33.226000
1284.000000 11.000000 -16.085000 33.226000
1296.000000 11.000000 -16.085000 33.414000
1308.000000 11.000000 -16.085000 33.414000
1320.000000 11.000000 -16.085000 33.414000
1332.000000 11.000000 -16.085000 33.414000
1344.000000 11.000000 -16.085000 33.414000
1356.000000 11.000000 -16.085000 33.414000
1368.000000 11.000000 -16.085000 33.414000
1380.000000 11.000000 -16.085000 33.414000
1392.000000 11.000000 -16.085000 33.414000
1404.000000 11.000000 -16.085000 33.414000
1416.000000 11.000000 -16.085000 33.414000
1428.000000 11.000000 -16.085000 33.414000
1236.000000 69.000000 3.298000 21.191000
1248.000000 69.000000 3.298000 20.700000
1260.000000 69.000000 3.298000 20.208000
1272.000000 69.000000 3.298000 19.716000
1284.000000 69.000000 3.414000 19.108000
1296.000000 69.000000 3.472000 18.617000
1308.000000 69.000000 3.529000 18.125000
1320.000000 69.000000 3.587000 17.662000
1332.000000 69.000000 3.298000 17.263000
1344.000000 69.000000 3.298000 16.772000
1356.000000 69.000000 3.298000 16.281000
1368.000000 69.000000 3.298000 15.790000
1380.000000 69.000000 3.298000 15.299000
1392.000000 69.000000 3.298000 14.808000
1404.000000 69.000000 3.298000 14.317000
1416.000000 69.000000 3.298000 13.826000
1428.000000 69.000000 3.298000 13.335000
1440.000000 69.000000 3.298000 12.844000
1452.000000 69.000000 3.298000 12.353000
1464.000000 69.000000 3.298000 11.862000
1260.000000 30.000000 -16.563000 -9.793000
1272.000000 30.000000 -16.852000 -10.285000
1284.000000 30.000000 -17.141000 -10.632000
1296.000000 30.000000 -17.373000 -11.008000
1308.000000 30.000000 -17.604000 -11.384000
1320.000000 30.000000 -17.792000 -11.731000
1332.000000 30.000000 -17.966000 -12.107000
1344.000000 30.000000 -18.183000 -12.397000
1356.000000 30.000000 -18.875000 -13.729000
1368.000000 30.000000 -19.164000 -14.221000
1380.000000 30.000000 -19.453000 -14.713000
1392.000000 30.000000 -19.742000 -15.205000
1404.000000 30.000000 -20.031000 -15.697000
1416.000000 30.000000 -20.320000 -16.189000
1428.000000 30.000000 -20.609000 -16.681000
1440.000000 30.000000 -20.898000 -17.173000
1452.000000 30.000000 -21.187000 -17.665000
1464.000000 30.000000 -21.476000 -18.157000
1476.000000 30.000000 -21.765000 -18.649000
1488.000000 30.000000 -22.054000 -19.141000
1272.000000 59.000000 -6.726000 34.933000
1284.000000 59.000000 -6.668000 34.326000
1296.000000 59.000000 -6.553000 33.704000
1308.000000 59.000000 -6.495000 33.096000
1320.000000 59.000000 -6.437000 32.489000
1332.000000 59.000000 -6.321000 31.881000
1344.000000 59.000000 -6.321000 31.274000
1356.000000 59.000000 -6.321000 30.550000
1368.000000 59.000000 -6.262000 30.077000
1380.000000 59.000000 -6.204000 29.470000
1392.000000 59.000000 -6.146000 28.863000
1404.000000 59.000000 -6.088000 28.256000
1416.000000 59.000000 -6.030000 27.649000
1428.000000 59.000000 -5.972000 27.042000
1440.000000 59.000000 -5.914000 26.435000
1452.000000 59.000000 -5.856000 25.828000
1464.000000 59.000000 -5.798000 25.221000
1476.000000 59.000000 -5.740000 24.614000
1488.000000 59.000000 -5.682000 24.007000
1500.000000 59.000000 -5.624000 23.400000