0.000000 129.000000 13.101000 5.980000
12.000000 129.000000 12.359000 5.980000
24.000000 129.000000 11.631000 5.980000
36.000000 129.000000 10.903000 5.980000
48.000000 129.000000 10.161000 5.980000
60.000000 129.000000 9.476000 6.094000
72.000000 129.000000 8.691000 6.094000
84.000000 129.000000 7.906000 6.094000
96.000000 129.000000 7.165000 5.980000
108.000000 129.000000 6.423000 5.980000
120.000000 129.000000 5.681000 5.980000
132.000000 129.000000 4.939000 5.980000
144.000000 129.000000 4.197000 5.980000
156.000000 129.000000 3.455000 5.980000
168.000000 129.000000 2.713000 5.980000
180.000000 129.000000 1.971000 5.980000
192.000000 129.000000 1.229000 5.980000
204.000000 129.000000 0.487000 5.980000
216.000000 129.000000 -0.255000 5.980000
228.000000 129.000000 -0.997000 5.980000
0.000000 112.000000 -19.866000 18.696000
12.000000 112.000000 -19.866000 18.696000
24.000000 112.000000 -19.809000 18.696000
36.000000 112.000000 -19.766000 18.696000
48.000000 112.000000 -19.709000 18.696000
60.000000 112.000000 -19.652000 18.696000
72.000000 112.000000 -19.595000 18.696000
84.000000 112.000000 -19.595000 18.696000
96.000000 112.000000 -19.866000 18.696000
108.000000 112.000000 -19.866000 18.696000
120.000000 112.000000 -19.866000 18.696000
132.000000 112.000000 -19.866000 18.696000
144.000000 112.000000 -19.866000 18.696000
156.000000 112.000000 -19.866000 18.696000
168.000000 112.000000 -19.866000 18.696000
180.000000 112.000000 -19.866000 18.696000
192.000000 112.000000 -19.866000 18.696000
204.000000 112.000000 -19.866000 18.696000
216.000000 112.000000 -19.866000 18.696000
228.000000 112.000000 -19.866000 18.696000
60.000000 141.000000 -8.206000 27.844000
72.000000 141.000000 -8.649000 27.844000
84.000000 141.000000 -9.020000 28.072000
96.000000 141.000000 -9.376000 28.415000
108.000000 141.000000 -9.648000 28.301000
120.000000 141.000000 -9.862000 27.958000
132.000000 141.000000 -9.844000 27.958000
144.000000 141.000000 -9.823000 27.957000
156.000000 141.000000 -11.750000 27.844000
168.000000 141.000000 -12.193000 27.844000
180.000000 141.000000 -12.636000 27.844000
192.000000 141.000000 -13.079000 27.844000
204.000000 141.000000 -13.522000 27.844000
216.000000 141.000000 -13.965000 27.844000
228.000000 141.000000 -14.408000 27.844000
240.000000 141.000000 -14.851000 27.844000
252.000000 141.000000 -15.294000 27.844000
264.000000 141.000000 -15.737000 27.844000
276.000000 141.000000 -16.180000 27.844000
288.000000 141.000000 -16.623000 27.844000
60.000000 117.000000 -2.298000 34.238000
72.000000 117.000000 -2.412000 34.609000
84.000000 117.000000 -2.612000 34.837000
96.000000 117.000000 -2.840000 34.837000
108.000000 117.000000 -3.097000 34.951000
120.000000 117.000000 -3.297000 34.951000
132.000000 117.000000 -3.668000 34.951000
144.000000 117.000000 -4.196000 34.837000
156.000000 117.000000 -3.210000 37.206000
168.000000 117.000000 -3.324000 37.577000
180.000000 117.000000 -3.438000 37.948000
192.000000 117.000000 -3.552000 38.319000
204.000000 117.000000 -3.666000 38.690000
216.000000 117.000000 -3.780000 39.061000
228.000000 117.000000 -3.894000 39.432000
240.000000 117.000000 -4.008000 39.803000
252.000000 117.000000 -4.122000 40.174000
264.000000 117.000000 -4.236000 40.545000
276.000000 117.000000 -4.350000 40.916000
288.000000 117.000000 -4.464000 41.287000
108.000000 131.000000 16.312000 7.293000
120.000000 131.000000 15.670000 6.836000
132.000000 131.000000 15.042000 6.836000
144.000000 131.000000 14.414000 6.836000
156.000000 131.000000 13.786000 6.836000
168.000000 131.000000 13.201000 6.836000
180.000000 131.000000 12.573000 6.836000
192.000000 131.000000 11.945000 6.722000
204.000000 131.000000 11.176000 3.637000
216.000000 131.000000 10.534000 3.180000
228.000000 131.000000 9.892000 2.723000
240.000000 131.000000 9.250000 2.266000
252.000000 131.000000 8.608000 1.809000
264.000000 131.000000 7.966000 1.352000
276.000000 131.000000 7.324000 0.895000
288.000000 131.000000 6.682000 0.438000
300.000000 131.000000 6.040000 -0.019000
312.000000 131.000000 5.398000 -0.476000
324.000000 131.000000 4.756000 -0.933000
336.000000 131.000000 4.114000 -1.390000
240.000000 130.000000 -0.999000 6.436000
252.000000 130.000000 -1.727000 6.436000
264.000000 130.000000 -2.469000 6.436000
276.000000 130.000000 -3.197000 6.436000
288.000000 130.000000 -3.939000 6.436000
300.000000 130.000000 -4.667000 6.436000
312.000000 130.000000 -5.395000 6.436000
324.000000 130.000000 -6.194000 6.436000
336.000000 130.000000 -6.823000 6.436000
348.000000 130.000000 -7.551000 6.436000
360.000000 130.000000 -8.279000 6.436000
372.000000 130.000000 -9.007000 6.436000
384.000000 130.000000 -9.735000 6.436000
396.000000 130.000000 -10.463000 6.436000
408.000000 130.000000 -11.191000 6.436000
420.000000 130.000000 -11.919000 6.436000
432.000000 130.000000 -12.647000 6.436000
444.000000 130.000000 -13.375000 6.436000
456.000000 130.000000 -14.103000 6.436000
468.000000 130.000000 -14.831000 6.436000
240.000000 113.000000 -18.182000 18.422000
252.000000 113.000000 -18.239000 18.433000
264.000000 113.000000 -18.295000 18.444000
276.000000 113.000000 -18.352000 18.456000
288.000000 113.000000 -18.408000 18.467000
300.000000 113.000000 -18.465000 18.478000
312.000000 113.000000 -18.521000 18.490000
324.000000 113.000000 -18.578000 18.501000
336.000000 113.000000 -18.638000 18.510000
348.000000 113.000000 -18.695000 18.521000
360.000000 113.000000 -18.752000 18.532000
372.000000 113.000000 -18.809000 18.543000
384.000000 113.000000 -18.866000 18.554000
396.000000 113.000000 -18.923000 18.565000
408.000000 113.000000 -18.980000 18.576000
420.000000 113.000000 -19.037000 18.587000
432.000000 113.000000 -19.094000 18.598000
444.000000 113.000000 -19.151000 18.609000
456.000000 113.000000 -19.208000 18.620000
468.000000 113.000000 -19.265000 18.631000
300.000000 142.000000 -9.547000 27.952000
312.000000 142.000000 -9.526000 27.952000
324.000000 142.000000 -9.505000 27.951000
336.000000 142.000000 -9.483000 27.951000
348.000000 142.000000 -9.462000 27.951000
360.000000 142.000000 -9.441000 27.950000
372.000000 142.000000 -9.420000 27.950000
384.000000 142.000000 -9.399000 27.949000
396.000000 142.000000 -9.379000 27.952000
408.000000 142.000000 -9.358000 27.952000
420.000000 142.000000 -9.337000 27.952000
432.000000 142.000000 -9.316000 27.952000
444.000000 142.000000 -9.295000 27.952000
456.000000 142.000000 -9.274000 27.952000
468.000000 142.000000 -9.253000 27.952000
480.000000 142.000000 -9.232000 27.952000
492.000000 142.000000 -9.211000 27.952000
504.000000 142.000000 -9.190000 27.952000
516.000000 142.000000 -9.169000 27.952000
528.000000 142.000000 -9.148000 27.952000
300.000000 118.000000 -6.103000 34.750000
312.000000 118.000000 -5.914000 34.754000
324.000000 118.000000 -5.725000 34.759000
336.000000 118.000000 -5.537000 34.764000
348.000000 118.000000 -5.348000 34.768000
360.000000 118.000000 -5.159000 34.772000
372.000000 118.000000 -4.970000 34.777000
384.000000 118.000000 -4.782000 34.782000
396.000000 118.000000 -4.591000 34.782000
408.000000 118.000000 -4.402000 34.786000
420.000000 118.000000 -4.213000 34.790000
432.000000 118.000000 -4.024000 34.794000
444.000000 118.000000 -3.835000 34.798000
456.000000 118.000000 -3.646000 34.802000
468.000000 118.000000 -3.457000 34.806000
480.000000 118.000000 -3.268000 34.810000
492.000000 118.000000 -3.079000 34.814000
504.000000 118.000000 -2.890000 34.818000
516.000000 118.000000 -2.701000 34.822000
528.000000 118.000000 -2.512000 34.826000
348.000000 132.000000 3.825000 6.494000
360.000000 132.000000 3.197000 6.494000
372.000000 132.000000 2.512000 6.494000
384.000000 132.000000 1.827000 6.379000
396.000000 132.000000 1.156000 6.379000
408.000000 132.000000 0.471000 6.379000
420.000000 132.000000 -0.157000 6.251000
432.000000 132.000000 -0.842000 6.251000
444.000000 132.000000 -1.199000 6.494000
456.000000 132.000000 -1.827000 6.494000
468.000000 132.000000 -2.455000 6.494000
480.000000 132.000000 -3.083000 6.494000
492.000000 132.000000 -3.711000 6.494000
504.000000 132.000000 -4.339000 6.494000
516.000000 132.000000 -4.967000 6.494000
528.000000 132.000000 -5.595000 6.494000
540.000000 132.000000 -6.223000 6.494000
552.000000 132.000000 -6.851000 6.494000
564.000000 132.000000 -7.479000 6.494000
576.000000 132.000000 -8.107000 6.494000
528.000000 139.000000 -14.928000 38.176000
540.000000 139.000000 -15.313000 38.348000
552.000000 139.000000 -15.513000 38.633000
564.000000 139.000000 -15.456000 38.633000
576.000000 139.000000 -15.413000 38.633000
588.000000 139.000000 -15.356000 38.633000
600.000000 139.000000 -15.256000 38.690000
612.000000 139.000000 -15.313000 38.690000
624.000000 139.000000 -18.008000 39.552000
636.000000 139.000000 -18.393000 39.724000
648.000000 139.000000 -18.778000 39.896000
660.000000 139.000000 -19.163000 40.068000
672.000000 139.000000 -19.548000 40.240000
684.000000 139.000000 -19.933000 40.412000
696.000000 139.000000 -20.318000 40.584000
708.000000 139.000000 -20.703000 40.756000
720.000000 139.000000 -21.088000 40.928000
732.000000 139.000000 -21.473000 41.100000
744.000000 139.000000 -21.858000 41.272000
756.000000 139.000000 -22.243000 41.444000
768.000000 140.000000 -15.570000 38.774000
780.000000 140.000000 -15.570000 38.776000
792.000000 140.000000 -15.570000 38.778000
804.000000 140.000000 -15.570000 38.780000
816.000000 140.000000 -15.570000 38.782000
828.000000 140.000000 -15.570000 38.784000
840.000000 140.000000 -15.570000 38.786000
852.000000 140.000000 -15.570000 38.788000
864.000000 140.000000 -15.570000 38.790000
876.000000 140.000000 -15.570000 38.792000
888.000000 140.000000 -15.570000 38.794000
900.000000 140.000000 -15.570000 38.796000
912.000000 140.000000 -15.570000 38.798000
924.000000 140.000000 -15.570000 38.800000
936.000000 140.000000 -15.570000 38.802000
948.000000 140.000000 -15.570000 38.804000
960.000000 140.000000 -15.570000 38.806000
972.000000 140.000000 -15.570000 38.808000
984.000000 140.000000 -15.570000 38.810000
996.000000 140.000000 -15.570000 38.812000
1416.000000 160.000000 -15.913000 18.753000
1428.000000 160.000000 -16.484000 18.753000
1440.000000 160.000000 -17.055000 18.753000
1452.000000 160.000000 -17.640000 18.753000
1464.000000 160.000000 -18.196000 18.810000
1476.000000 160.000000 -18.767000 18.810000
1488.000000 160.000000 -19.338000 18.810000
1500.000000 160.000000 -19.809000 18.810000
1512.000000 160.000000 -20.481000 18.753000
1524.000000 160.000000 -21.052000 18.753000
1536.000000 160.000000 -21.623000 18.753000
1548.000000 160.000000 -22.194000 18.753000
1560.000000 160.000000 -22.765000 18.753000
1572.000000 160.000000 -23.336000 18.753000
1584.000000 160.000000 -23.907000 18.753000
1596.000000 160.000000 -24.478000 18.753000
1608.000000 160.000000 -25.049000 18.753000
1620.000000 160.000000 -25.620000 18.753000
1632.000000 160.000000 -26.191000 18.753000
1644.000000 160.000000 -26.762000 18.753000
1524.000000 5.000000 12.944000 5.209000
1536.000000 5.000000 12.473000 5.209000
1548.000000 5.000000 11.945000 5.323000
1560.000000 5.000000 11.417000 5.323000
1572.000000 5.000000 10.946000 5.452000
1584.000000 5.000000 10.433000 5.452000
1596.000000 5.000000 9.904000 5.566000
1608.000000 5.000000 9.434000 5.566000
1620.000000 5.000000 9.176000 5.209000
1632.000000 5.000000 8.705000 5.209000
1644.000000 5.000000 8.234000 5.209000
1656.000000 5.000000 7.763000 5.209000
1668.000000 5.000000 7.292000 5.209000
1680.000000 5.000000 6.821000 5.209000
1692.000000 5.000000 6.350000 5.209000
1704.000000 5.000000 5.879000 5.209000
1716.000000 5.000000 5.408000 5.209000
1728.000000 5.000000 4.937000 5.209000
1740.000000 5.000000 4.466000 5.209000
1752.000000 5.000000 3.995000 5.209000
1656.000000 161.000000 -19.937000 18.225000
1668.000000 161.000000 -19.966000 18.225000
1680.000000 161.000000 -19.966000 18.168000
1692.000000 161.000000 -19.966000 18.168000
1704.000000 161.000000 -19.994000 18.111000
1716.000000 161.000000 -19.994000 18.054000
1728.000000 161.000000 -19.994000 18.054000
1740.000000 161.000000 -20.009000 17.996000
1752.000000 161.000000 -20.169000 18.225000
1764.000000 161.000000 -20.198000 18.225000
1776.000000 161.000000 -20.227000 18.225000
1788.000000 161.000000 -20.256000 18.225000
1800.000000 161.000000 -20.285000 18.225000
1812.000000 161.000000 -20.314000 18.225000
1824.000000 161.000000 -20.343000 18.225000
1836.000000 161.000000 -20.372000 18.225000
1848.000000 161.000000 -20.401000 18.225000
1860.000000 161.000000 -20.430000 18.225000
1872.000000 161.000000 -20.459000 18.225000
1884.000000 161.000000 -20.488000 18.225000
1764.000000 6.000000 3.083000 5.694000
1776.000000 6.000000 2.569000 5.694000
1788.000000 6.000000 2.041000 5.694000
1800.000000 6.000000 1.513000 5.694000
1812.000000 6.000000 0.999000 5.694000
1824.000000 6.000000 0.471000 5.694000
1836.000000 6.000000 -0.057000 5.694000
1848.000000 6.000000 -0.571000 5.694000
1860.000000 6.000000 -1.029000 5.694000
1872.000000 6.000000 -1.543000 5.694000
1884.000000 6.000000 -2.057000 5.694000
1896.000000 6.000000 -2.571000 5.694000
1908.000000 6.000000 -3.085000 5.694000
1920.000000 6.000000 -3.599000 5.694000
1932.000000 6.000000 -4.113000 5.694000
1944.000000 6.000000 -4.627000 5.694000
1956.000000 6.000000 -5.141000 5.694000
1968.000000 6.000000 -5.655000 5.694000
1980.000000 6.000000 -6.169000 5.694000
1992.000000 6.000000 -6.683000 5.694000
2004.000000 7.000000 -7.635000 5.623000
2016.000000 7.000000 -8.063000 5.680000
2028.000000 7.000000 -8.520000 5.680000
2040.000000 7.000000 -8.977000 5.623000
2052.000000 7.000000 -9.405000 5.680000
2064.000000 7.000000 -9.862000 5.680000
2076.000000 7.000000 -10.375000 5.623000
2088.000000 7.000000 -10.961000 5.623000
2100.000000 7.000000 -11.059000 6.079000
2112.000000 7.000000 -11.487000 6.136000
2124.000000 7.000000 -11.915000 6.193000
2136.000000 7.000000 -12.343000 6.250000
2148.000000 7.000000 -12.771000 6.307000
2160.000000 7.000000 -13.199000 6.364000
2172.000000 7.000000 -13.627000 6.421000
2184.000000 7.000000 -14.055000 6.478000
2196.000000 7.000000 -14.483000 6.535000
2208.000000 7.000000 -14.911000 6.592000
2220.000000 7.000000 -15.339000 6.649000
2232.000000 7.000000 -15.767000 6.706000
2052.000000 8.000000 -0.257000 17.540000
2064.000000 8.000000 -0.942000 17.540000
2076.000000 8.000000 -1.570000 17.426000
2088.000000 8.000000 -2.198000 17.426000
2100.000000 8.000000 -2.826000 17.426000
2112.000000 8.000000 -3.454000 17.311000
2124.000000 8.000000 -4.039000 17.311000
2136.000000 8.000000 -4.667000 17.311000
2148.000000 8.000000 -5.737000 17.540000
2160.000000 8.000000 -6.422000 17.540000
2172.000000 8.000000 -7.107000 17.540000
2184.000000 8.000000 -7.792000 17.540000
2196.000000 8.000000 -8.477000 17.540000
2208.000000 8.000000 -9.162000 17.540000
2220.000000 8.000000 -9.847000 17.540000
2232.000000 8.000000 -10.532000 17.540000
2244.000000 8.000000 -11.217000 17.540000
2256.000000 8.000000 -11.902000 17.540000
2268.000000 8.000000 -12.587000 17.540000
2280.000000 8.000000 -13.272000 17.540000
3228.000000 37.000000 -0.542000 17.254000
3240.000000 37.000000 -0.114000 16.798000
3252.000000 37.000000 0.457000 16.798000
3264.000000 37.000000 0.451000 17.039000
3276.000000 37.000000 0.429000 17.090000
3288.000000 37.000000 0.407000 17.141000
3300.000000 37.000000 0.385000 17.192000
3312.000000 37.000000 0.362000 17.243000
3324.000000 37.000000 2.882000 13.606000
3336.000000 37.000000 3.310000 13.150000
3348.000000 37.000000 3.738000 12.694000
3360.000000 37.000000 4.166000 12.238000
3372.000000 37.000000 4.594000 11.782000
3384.000000 37.000000 5.022000 11.326000
3396.000000 37.000000 5.450000 10.870000
3408.000000 37.000000 5.878000 10.414000
3420.000000 37.000000 6.306000 9.958000
3432.000000 37.000000 6.734000 9.502000
3444.000000 37.000000 7.162000 9.046000
3456.000000 37.000000 7.590000 8.590000
3492.000000 35.000000 1.028000 17.026000
3504.000000 35.000000 0.457000 17.140000
3516.000000 35.000000 0.128000 17.254000
3528.000000 35.000000 -0.186000 17.369000
3540.000000 35.000000 -0.500000 17.540000
3552.000000 35.000000 -0.871000 17.540000
3564.000000 35.000000 -1.185000 17.540000
3576.000000 35.000000 -1.613000 17.540000
3588.000000 35.000000 -3.540000 17.938000
3600.000000 35.000000 -4.111000 18.052000
3612.000000 35.000000 -4.682000 18.166000
3624.000000 35.000000 -5.253000 18.280000
3636.000000 35.000000 -5.824000 18.394000
3648.000000 35.000000 -6.395000 18.508000
3660.000000 35.000000 -6.966000 18.622000
3672.000000 35.000000 -7.537000 18.736000
3684.000000 35.000000 -8.108000 18.850000
3696.000000 35.000000 -8.679000 18.964000
3708.000000 35.000000 -9.250000 19.078000
3720.000000 35.000000 -9.821000 19.192000
3732.000000 36.000000 -6.265000 17.426000
3744.000000 36.000000 -6.636000 17.426000
3756.000000 36.000000 -7.007000 17.426000
3768.000000 36.000000 -7.378000 17.426000
3780.000000 36.000000 -7.721000 17.426000
3792.000000 36.000000 -8.035000 17.426000
3804.000000 36.000000 -8.406000 17.426000
3816.000000 36.000000 -8.777000 17.426000
3828.000000 36.000000 -9.233000 17.426000
3840.000000 36.000000 -9.604000 17.426000
3852.000000 36.000000 -9.975000 17.426000
3864.000000 36.000000 -10.346000 17.426000
3876.000000 36.000000 -10.717000 17.426000
3888.000000 36.000000 -11.088000 17.426000
3900.000000 36.000000 -11.459000 17.426000
3912.000000 36.000000 -11.830000 17.426000
3924.000000 36.000000 -12.201000 17.426000
3936.000000 36.000000 -12.572000 17.426000
3948.000000 36.000000 -12.943000 17.426000
3960.000000 36.000000 -13.314000 17.426000
4788.000000 74.000000 16.369000 6.494000
4800.000000 74.000000 14.985000 6.436000
4812.000000 74.000000 13.501000 6.436000
4824.000000 74.000000 11.974000 6.551000
4836.000000 74.000000 10.504000 6.551000
4848.000000 74.000000 8.963000 6.551000
4860.000000 74.000000 7.264000 6.551000
4872.000000 74.000000 5.552000 6.551000
4884.000000 74.000000 5.297000 6.030000
4896.000000 74.000000 3.913000 5.972000
4908.000000 74.000000 2.529000 5.914000
4920.000000 74.000000 1.145000 5.856000
4932.000000 74.000000 -0.239000 5.798000
4944.000000 74.000000 -1.623000 5.740000
4956.000000 74.000000 -3.007000 5.682000
4968.000000 74.000000 -4.391000 5.624000
4980.000000 74.000000 -5.775000 5.566000
4992.000000 74.000000 -7.159000 5.508000
5004.000000 74.000000 -8.543000 5.450000
5016.000000 74.000000 -9.927000 5.392000
6744.000000 152.000000 15.142000 5.866000
6756.000000 152.000000 14.115000 5.866000
6768.000000 152.000000 13.230000 5.980000
6780.000000 152.000000 12.502000 5.980000
6792.000000 152.000000 11.760000 6.094000
6804.000000 152.000000 11.132000 6.094000
6816.000000 152.000000 10.604000 6.094000
6828.000000 152.000000 10.033000 6.094000
6840.000000 152.000000 6.926000 5.866000
6852.000000 152.000000 5.899000 5.866000
6864.000000 152.000000 4.872000 5.866000
6876.000000 152.000000 3.845000 5.866000
6888.000000 152.000000 2.818000 5.866000
6900.000000 152.000000 1.791000 5.866000
6912.000000 152.000000 0.764000 5.866000
6924.000000 152.000000 -0.263000 5.866000
6936.000000 152.000000 -1.290000 5.866000
6948.000000 152.000000 -2.317000 5.866000
6960.000000 152.000000 -3.344000 5.866000
6972.000000 152.000000 -4.371000 5.866000
6984.000000 150.000000 -19.652000 17.711000
6996.000000 150.000000 -19.238000 17.711000
7008.000000 150.000000 -18.467000 17.540000
7020.000000 150.000000 -18.111000 17.768000
7032.000000 150.000000 -17.640000 17.996000
7044.000000 150.000000 -16.327000 18.111000
7056.000000 150.000000 -15.071000 18.111000
7068.000000 150.000000 -13.758000 18.225000
7080.000000 150.000000 -16.340000 17.711000
7092.000000 150.000000 -15.926000 17.711000
7104.000000 150.000000 -15.512000 17.711000
7116.000000 150.000000 -15.098000 17.711000
7128.000000 150.000000 -14.684000 17.711000
7140.000000 150.000000 -14.270000 17.711000
7152.000000 150.000000 -13.856000 17.711000
7164.000000 150.000000 -13.442000 17.711000
7176.000000 150.000000 -13.028000 17.711000
7188.000000 150.000000 -12.614000 17.711000
7200.000000 150.000000 -12.200000 17.711000
7212.000000 150.000000 -11.786000 17.711000
6984.000000 153.000000 3.425000 6.094000
6996.000000 153.000000 2.854000 6.094000
7008.000000 153.000000 2.269000 6.094000
7020.000000 153.000000 1.698000 6.094000
7032.000000 153.000000 1.127000 6.094000
7044.000000 153.000000 0.500000 6.094000
7056.000000 153.000000 -0.086000 6.094000
7068.000000 153.000000 -0.656000 6.037000
7080.000000 153.000000 -1.143000 6.094000
7092.000000 153.000000 -1.714000 6.094000
7104.000000 153.000000 -2.285000 6.094000
7116.000000 153.000000 -2.856000 6.094000
7128.000000 153.000000 -3.427000 6.094000
7140.000000 153.000000 -3.998000 6.094000
7152.000000 153.000000 -4.569000 6.094000
7164.000000 153.000000 -5.140000 6.094000
7176.000000 153.000000 -5.711000 6.094000
7188.000000 153.000000 -6.282000 6.094000
7200.000000 153.000000 -6.853000 6.094000
7212.000000 153.000000 -7.424000 6.094000
7224.000000 151.000000 -6.716000 17.654000
7236.000000 151.000000 -6.712000 17.654000
7248.000000 151.000000 -6.709000 17.654000
7260.000000 151.000000 -6.705000 17.654000
7272.000000 151.000000 -6.701000 17.654000
7284.000000 151.000000 -6.698000 17.654000
7296.000000 151.000000 -6.694000 17.654000
7308.000000 151.000000 -6.691000 17.654000
7320.000000 151.000000 -6.684000 17.654000
7332.000000 151.000000 -6.680000 17.654000
7344.000000 151.000000 -6.676000 17.654000
7356.000000 151.000000 -6.672000 17.654000
7368.000000 151.000000 -6.668000 17.654000
7380.000000 151.000000 -6.664000 17.654000
7392.000000 151.000000 -6.660000 17.654000
7404.000000 151.000000 -6.656000 17.654000
7416.000000 151.000000 -6.652000 17.654000
7428.000000 151.000000 -6.648000 17.654000
7440.000000 151.000000 -6.644000 17.654000
7452.000000 151.000000 -6.640000 17.654000
7224.000000 154.000000 -8.306000 5.794000
7236.000000 154.000000 -8.920000 5.794000
7248.000000 154.000000 -9.434000 5.794000
7260.000000 154.000000 -9.904000 5.794000
7272.000000 154.000000 -10.547000 5.794000
7284.000000 154.000000 -11.118000 5.794000
7296.000000 154.000000 -11.746000 5.794000
7308.000000 154.000000 -12.316000 5.794000
7320.000000 154.000000 -13.218000 5.794000
7332.000000 154.000000 -13.832000 5.794000
7344.000000 154.000000 -14.446000 5.794000
7356.000000 154.000000 -15.060000 5.794000
7368.000000 154.000000 -15.674000 5.794000
7380.000000 154.000000 -16.288000 5.794000
7392.000000 154.000000 -16.902000 5.794000
7404.000000 154.000000 -17.516000 5.794000
7416.000000 154.000000 -18.130000 5.794000
7428.000000 154.000000 -18.744000 5.794000
7440.000000 154.000000 -19.358000 5.794000
7452.000000 154.000000 -19.972000 5.794000
7512.000000 156.000000 -19.795000 18.453000
7524.000000 156.000000 -19.424000 18.453000
7536.000000 156.000000 -19.053000 18.339000
7548.000000 156.000000 -18.681000 18.339000
7560.000000 156.000000 -18.268000 18.339000
7572.000000 156.000000 -17.854000 18.339000
7584.000000 156.000000 -17.369000 18.339000
7596.000000 156.000000 -16.912000 18.225000
7608.000000 156.000000 -16.827000 18.453000
7620.000000 156.000000 -16.456000 18.453000
7632.000000 156.000000 -16.085000 18.453000
7644.000000 156.000000 -15.714000 18.453000
7656.000000 156.000000 -15.343000 18.453000
7668.000000 156.000000 -14.972000 18.453000
7680.000000 156.000000 -14.601000 18.453000
7692.000000 156.000000 -14.230000 18.453000
7704.000000 156.000000 -13.859000 18.453000
7716.000000 156.000000 -13.488000 18.453000
7728.000000 156.000000 -13.117000 18.453000
7740.000000 156.000000 -12.746000 18.453000
7596.000000 86.000000 -13.430000 7.635000
7608.000000 86.000000 -12.802000 7.635000
7620.000000 86.000000 -12.174000 7.635000
7632.000000 86.000000 -11.489000 7.635000
7644.000000 86.000000 -10.804000 7.635000
7656.000000 86.000000 -10.176000 7.635000
7668.000000 86.000000 -9.491000 7.635000
7680.000000 86.000000 -8.863000 7.635000
7692.000000 86.000000 -8.406000 7.635000
7704.000000 86.000000 -7.778000 7.635000
7716.000000 86.000000 -7.150000 7.635000
7728.000000 86.000000 -6.522000 7.635000
7740.000000 86.000000 -5.894000 7.635000
7752.000000 86.000000 -5.266000 7.635000
7764.000000 86.000000 -4.638000 7.635000
7776.000000 86.000000 -4.010000 7.635000
7788.000000 86.000000 -3.382000 7.635000
7800.000000 86.000000 -2.754000 7.635000
7812.000000 86.000000 -2.126000 7.635000
7824.000000 86.000000 -1.498000 7.635000
7644.000000 92.000000 16.584000 6.551000
7656.000000 92.000000 16.584000 6.551000
7668.000000 92.000000 16.584000 6.551000
7680.000000 92.000000 16.341000 6.551000
7692.000000 92.000000 15.884000 6.551000
7704.000000 92.000000 15.370000 6.551000
7716.000000 92.000000 14.914000 6.551000
7728.000000 92.000000 14.429000 6.551000
7740.000000 92.000000 16.584000 6.551000
7752.000000 92.000000 16.584000 6.551000
7764.000000 92.000000 16.584000 6.551000
7776.000000 92.000000 16.584000 6.551000
7788.000000 92.000000 16.584000 6.551000
7800.000000 92.000000 16.584000 6.551000
7812.000000 92.000000 16.584000 6.551000
7824.000000 92.000000 16.584000 6.551000
7836.000000 92.000000 16.584000 6.551000
7848.000000 92.000000 16.584000 6.551000
7860.000000 92.000000 16.584000 6.551000
7872.000000 92.000000 16.584000 6.551000
7836.000000 87.000000 -0.328000 7.635000
7848.000000 87.000000 0.300000 7.764000
7860.000000 87.000000 0.942000 7.764000
7872.000000 87.000000 1.570000 7.764000
7884.000000 87.000000 2.198000 7.764000
7896.000000 87.000000 2.840000 7.892000
7908.000000 87.000000 3.468000 7.892000
7920.000000 87.000000 4.096000 7.892000
7932.000000 87.000000 4.696000 8.667000
7944.000000 87.000000 5.324000 8.796000
7956.000000 87.000000 5.952000 8.925000
7968.000000 87.000000 6.580000 9.054000
7980.000000 87.000000 7.208000 9.183000
7992.000000 87.000000 7.836000 9.312000
8004.000000 87.000000 8.464000 9.441000
8016.000000 87.000000 9.092000 9.570000
8028.000000 87.000000 9.720000 9.699000
8040.000000 87.000000 10.348000 9.828000
8052.000000 87.000000 10.976000 9.957000
8064.000000 87.000000 11.604000 10.086000
7884.000000 93.000000 9.091000 6.665000
7896.000000 93.000000 8.663000 6.665000
7908.000000 93.000000 8.206000 6.665000
7920.000000 93.000000 7.778000 6.665000
7932.000000 93.000000 7.307000 6.665000
7944.000000 93.000000 6.893000 6.665000
7956.000000 93.000000 6.465000 6.665000
7968.000000 93.000000 5.951000 6.551000
7980.000000 93.000000 5.667000 6.665000
7992.000000 93.000000 5.239000 6.665000
8004.000000 93.000000 4.811000 6.665000
8016.000000 93.000000 4.383000 6.665000
8028.000000 93.000000 3.955000 6.665000
8040.000000 93.000000 3.527000 6.665000
8052.000000 93.000000 3.099000 6.665000
8064.000000 93.000000 2.671000 6.665000
8076.000000 93.000000 2.243000 6.665000
8088.000000 93.000000 1.815000 6.665000
8100.000000 93.000000 1.387000 6.665000
8112.000000 93.000000 0.959000 6.665000
8124.000000 94.000000 0.100000 5.980000
8136.000000 94.000000 -0.371000 5.980000
8148.000000 94.000000 -0.842000 6.094000
8160.000000 94.000000 -1.313000 6.094000
8172.000000 94.000000 -1.841000 6.208000
8184.000000 94.000000 -2.312000 6.208000
8196.000000 94.000000 -2.783000 6.322000
8208.000000 94.000000 -3.297000 6.322000
8220.000000 94.000000 -3.668000 5.980000
8232.000000 94.000000 -4.139000 5.980000
8244.000000 94.000000 -4.610000 5.980000
8256.000000 94.000000 -5.081000 5.980000
8268.000000 94.000000 -5.552000 5.980000
8280.000000 94.000000 -6.023000 5.980000
8292.000000 94.000000 -6.494000 5.980000
8304.000000 94.000000 -6.965000 5.980000
8316.000000 94.000000 -7.436000 5.980000
8328.000000 94.000000 -7.907000 5.980000
8340.000000 94.000000 -8.378000 5.980000
8352.000000 94.000000 -8.849000 5.980000
8364.000000 95.000000 -9.590000 7.464000
8376.000000 95.000000 -10.004000 7.707000
8388.000000 95.000000 -10.490000 7.935000
8400.000000 95.000000 -10.903000 8.063000
8412.000000 95.000000 -11.374000 8.292000
8424.000000 95.000000 -11.803000 8.520000
8436.000000 95.000000 -12.259000 8.748000
8448.000000 95.000000 -12.687000 8.863000
8460.000000 95.000000 -12.902000 9.408000
8472.000000 95.000000 -13.316000 9.651000
8484.000000 95.000000 -13.730000 9.894000
8496.000000 95.000000 -14.144000 10.137000
8508.000000 95.000000 -14.558000 10.380000
8520.000000 95.000000 -14.972000 10.623000
8532.000000 95.000000 -15.386000 10.866000
8544.000000 95.000000 -15.800000 11.109000
8556.000000 95.000000 -16.214000 11.352000
8568.000000 95.000000 -16.628000 11.595000
8580.000000 95.000000 -17.042000 11.838000
8592.000000 95.000000 -17.456000 12.081000
10968.000000 97.000000 -19.152000 14.115000
10980.000000 97.000000 -18.739000 13.544000
10992.000000 97.000000 -18.211000 13.201000
11004.000000 97.000000 -17.768000 12.916000
11016.000000 97.000000 -17.397000 12.687000
11028.000000 97.000000 -16.983000 12.216000
11040.000000 97.000000 -16.569000 11.860000
11052.000000 97.000000 -16.141000 11.403000
11064.000000 97.000000 -15.848000 9.547000
11076.000000 97.000000 -15.435000 8.976000
11088.000000 97.000000 -15.022000 8.405000
11100.000000 97.000000 -14.609000 7.834000
11112.000000 97.000000 -14.196000 7.263000
11124.000000 97.000000 -13.783000 6.692000
11136.000000 97.000000 -13.370000 6.121000
11148.000000 97.000000 -12.957000 5.550000
11160.000000 97.000000 -12.544000 4.979000
11172.000000 97.000000 -12.131000 4.408000
11184.000000 97.000000 -11.718000 3.837000
11196.000000 97.000000 -11.305000 3.266000
11004.000000 56.000000 8.406000 8.121000
11016.000000 56.000000 8.406000 8.121000
11028.000000 56.000000 8.406000 8.121000
11040.000000 56.000000 8.406000 8.121000
11052.000000 56.000000 8.406000 8.121000
11064.000000 56.000000 8.406000 8.121000
11076.000000 56.000000 8.406000 8.121000
11088.000000 56.000000 8.406000 8.121000
11100.000000 56.000000 8.406000 8.121000
11112.000000 56.000000 8.406000 8.121000
11124.000000 56.000000 8.406000 8.121000
11136.000000 56.000000 8.406000 8.121000
11148.000000 56.000000 8.406000 8.121000
11160.000000 56.000000 8.406000 8.121000
11172.000000 56.000000 8.406000 8.121000
11184.000000 56.000000 8.406000 8.121000
11196.000000 56.000000 8.406000 8.121000
11208.000000 56.000000 8.406000 8.121000
11220.000000 56.000000 8.406000 8.121000
11232.000000 56.000000 8.406000 8.121000
11208.000000 98.000000 -9.605000 7.350000
11220.000000 98.000000 -9.062000 7.236000
11232.000000 98.000000 -8.606000 7.007000
11244.000000 98.000000 -8.063000 6.893000
11256.000000 98.000000 -7.550000 6.779000
11268.000000 98.000000 -7.036000 6.665000
11280.000000 98.000000 -6.494000 6.551000
11292.000000 98.000000 -5.866000 6.436000
11304.000000 98.000000 -5.261000 6.438000
11316.000000 98.000000 -4.718000 6.324000
11328.000000 98.000000 -4.175000 6.210000
11340.000000 98.000000 -3.632000 6.096000
11352.000000 98.000000 -3.089000 5.982000
11364.000000 98.000000 -2.546000 5.868000
11376.000000 98.000000 -2.003000 5.754000
11388.000000 98.000000 -1.460000 5.640000
11400.000000 98.000000 -0.917000 5.526000
11412.000000 98.000000 -0.374000 5.412000
11424.000000 98.000000 0.169000 5.298000
11436.000000 98.000000 0.712000 5.184000
11244.000000 57.000000 8.406000 8.121000
11256.000000 57.000000 8.406000 8.121000
11268.000000 57.000000 8.406000 8.121000
11280.000000 57.000000 8.406000 8.121000
11292.000000 57.000000 8.406000 8.121000
11304.000000 57.000000 8.406000 8.121000
11316.000000 57.000000 8.406000 8.121000
11328.000000 57.000000 8.406000 8.121000
11340.000000 57.000000 8.406000 8.121000
11352.000000 57.000000 8.406000 8.121000
11364.000000 57.000000 8.406000 8.121000
11376.000000 57.000000 8.406000 8.121000
11388.000000 57.000000 8.406000 8.121000
11400.000000 57.000000 8.406000 8.121000
11412.000000 57.000000 8.406000 8.121000
11424.000000 57.000000 8.406000 8.121000
11436.000000 57.000000 8.406000 8.121000
11448.000000 57.000000 8.406000 8.121000
11460.000000 57.000000 8.406000 8.121000
11472.000000 57.000000 8.406000 8.121000
11448.000000 99.000000 2.198000 5.980000
11460.000000 99.000000 2.726000 5.866000
11472.000000 99.000000 3.297000 5.866000
11484.000000 99.000000 3.811000 5.751000
11496.000000 99.000000 4.410000 5.751000
11508.000000 99.000000 4.952000 5.694000
11520.000000 99.000000 5.509000 5.680000
11532.000000 99.000000 6.051000 5.566000
11544.000000 99.000000 6.422000 5.068000
11556.000000 99.000000 6.950000 4.954000
11568.000000 99.000000 7.478000 4.840000
11580.000000 99.000000 8.006000 4.726000
11592.000000 99.000000 8.534000 4.612000
11604.000000 99.000000 9.062000 4.498000
11616.000000 99.000000 9.590000 4.384000
11628.000000 99.000000 10.118000 4.270000
11640.000000 99.000000 10.646000 4.156000
11652.000000 99.000000 11.174000 4.042000
11664.000000 99.000000 11.702000 3.928000
11676.000000 99.000000 12.230000 3.814000
11928.000000 19.000000 -19.937000 18.924000
11940.000000 19.000000 -19.809000 19.038000
11952.000000 19.000000 -19.866000 19.038000
11964.000000 19.000000 -19.866000 19.038000
11976.000000 19.000000 -19.866000 19.167000
11988.000000 19.000000 -19.866000 19.167000
12000.000000 19.000000 -19.866000 19.281000
12012.000000 19.000000 -19.880000 19.281000
12024.000000 19.000000 -18.913000 19.836000
12036.000000 19.000000 -18.785000 19.950000
12048.000000 19.000000 -18.657000 20.064000
12060.000000 19.000000 -18.529000 20.178000
12072.000000 19.000000 -18.401000 20.292000
12084.000000 19.000000 -18.273000 20.406000
12096.000000 19.000000 -18.145000 20.520000
12108.000000 19.000000 -18.017000 20.634000
12120.000000 19.000000 -17.889000 20.748000
12132.000000 19.000000 -17.761000 20.862000
12144.000000 19.000000 -17.633000 20.976000
12156.000000 19.000000 -17.505000 21.090000
12168.000000 20.000000 -16.013000 18.225000
12180.000000 20.000000 -15.599000 18.111000
12192.000000 20.000000 -15.171000 18.111000
12204.000000 20.000000 -14.914000 17.768000
12216.000000 20.000000 -14.714000 17.426000
12228.000000 20.000000 -14.598000 17.311000
12240.000000 20.000000 -14.595000 17.309000
12252.000000 20.000000 -14.591000 17.308000
12264.000000 20.000000 -12.701000 17.313000
12276.000000 20.000000 -12.287000 17.199000
12288.000000 20.000000 -11.873000 17.085000
12300.000000 20.000000 -11.459000 16.971000
12312.000000 20.000000 -11.045000 16.857000
12324.000000 20.000000 -10.631000 16.743000
12336.000000 20.000000 -10.217000 16.629000
12348.000000 20.000000 -9.803000 16.515000
12360.000000 20.000000 -9.389000 16.401000
12372.000000 20.000000 -8.975000 16.287000
12384.000000 20.000000 -8.561000 16.173000
12396.000000 20.000000 -8.147000 16.059000
12408.000000 21.000000 -14.547000 17.292000
12420.000000 21.000000 -14.543000 17.291000
12432.000000 21.000000 -14.540000 17.289000
12444.000000 21.000000 -14.536000 17.288000
12456.000000 21.000000 -14.533000 17.287000
12468.000000 21.000000 -14.530000 17.286000
12480.000000 21.000000 -14.526000 17.285000
12492.000000 21.000000 -14.523000 17.283000
12504.000000 21.000000 -14.515000 17.284000
12516.000000 21.000000 -14.511000 17.283000
12528.000000 21.000000 -14.507000 17.282000
12540.000000 21.000000 -14.503000 17.281000
12552.000000 21.000000 -14.499000 17.280000
12564.000000 21.000000 -14.495000 17.279000
12576.000000 21.000000 -14.491000 17.278000
12588.000000 21.000000 -14.487000 17.277000
12600.000000 21.000000 -14.483000 17.276000
12612.000000 21.000000 -14.479000 17.275000
12624.000000 21.000000 -14.475000 17.274000
12636.000000 21.000000 -14.471000 17.273000