312.000000 104.000000 -19.495000 19.852000
324.000000 104.000000 -19.309000 19.852000
336.000000 104.000000 -18.896000 19.852000
348.000000 104.000000 -18.268000 19.852000
360.000000 104.000000 -17.640000 19.852000
372.000000 104.000000 -17.012000 19.623000
384.000000 104.000000 -16.327000 19.395000
396.000000 104.000000 -15.699000 19.395000
408.000000 104.000000 -18.007000 19.852000
420.000000 104.000000 -17.821000 19.852000
432.000000 104.000000 -17.635000 19.852000
444.000000 104.000000 -17.449000 19.852000
456.000000 104.000000 -17.263000 19.852000
468.000000 104.000000 -17.077000 19.852000
480.000000 104.000000 -16.891000 19.852000
492.000000 104.000000 -16.705000 19.852000
504.000000 104.000000 -16.519000 19.852000
516.000000 104.000000 -16.333000 19.852000
528.000000 104.000000 -16.147000 19.852000
540.000000 104.000000 -15.961000 19.852000
408.000000 108.000000 -19.495000 19.338000
420.000000 108.000000 -19.181000 19.338000
432.000000 108.000000 -18.767000 19.338000
444.000000 108.000000 -18.296000 19.338000
456.000000 108.000000 -17.768000 19.452000
468.000000 108.000000 -17.083000 19.452000
480.000000 108.000000 -16.398000 19.452000
492.000000 108.000000 -15.770000 19.338000
504.000000 108.000000 -16.983000 19.338000
516.000000 108.000000 -16.669000 19.338000
528.000000 108.000000 -16.355000 19.338000
540.000000 108.000000 -16.041000 19.338000
552.000000 108.000000 -15.727000 19.338000
564.000000 108.000000 -15.413000 19.338000
576.000000 108.000000 -15.099000 19.338000
588.000000 108.000000 -14.785000 19.338000
600.000000 108.000000 -14.471000 19.338000
612.000000 108.000000 -14.157000 19.338000
624.000000 108.000000 -13.843000 19.338000
636.000000 108.000000 -13.529000 19.338000
552.000000 105.000000 -8.078000 19.795000
564.000000 105.000000 -7.478000 19.795000
576.000000 105.000000 -6.922000 19.680000
588.000000 105.000000 -6.308000 19.680000
600.000000 105.000000 -5.766000 19.738000
612.000000 105.000000 -5.252000 19.738000
624.000000 105.000000 -4.667000 19.738000
636.000000 105.000000 -4.139000 19.738000
648.000000 105.000000 -3.278000 19.795000
660.000000 105.000000 -2.678000 19.795000
672.000000 105.000000 -2.078000 19.795000
684.000000 105.000000 -1.478000 19.795000
696.000000 105.000000 -0.878000 19.795000
708.000000 105.000000 -0.278000 19.795000
720.000000 105.000000 0.322000 19.795000
732.000000 105.000000 0.922000 19.795000
744.000000 105.000000 1.522000 19.795000
756.000000 105.000000 2.122000 19.795000
768.000000 105.000000 2.722000 19.795000
780.000000 105.000000 3.322000 19.795000
648.000000 109.000000 -8.206000 19.566000
660.000000 109.000000 -7.578000 19.566000
672.000000 109.000000 -7.007000 19.452000
684.000000 109.000000 -6.422000 19.452000
696.000000 109.000000 -5.894000 19.452000
708.000000 109.000000 -5.323000 19.338000
720.000000 109.000000 -4.795000 19.338000
732.000000 109.000000 -4.224000 19.338000
744.000000 109.000000 -3.182000 19.566000
756.000000 109.000000 -2.554000 19.566000
768.000000 109.000000 -1.926000 19.566000
780.000000 109.000000 -1.298000 19.566000
792.000000 109.000000 -0.670000 19.566000
804.000000 109.000000 -0.042000 19.566000
816.000000 109.000000 0.586000 19.566000
828.000000 109.000000 1.214000 19.566000
840.000000 109.000000 1.842000 19.566000
852.000000 109.000000 2.470000 19.566000
864.000000 109.000000 3.098000 19.566000
876.000000 109.000000 3.726000 19.566000
684.000000 100.000000 16.298000 18.111000
696.000000 100.000000 15.670000 18.111000
708.000000 100.000000 15.085000 18.111000
720.000000 100.000000 14.514000 18.111000
732.000000 100.000000 13.943000 18.111000
744.000000 100.000000 13.358000 18.111000
756.000000 100.000000 12.730000 18.054000
768.000000 100.000000 12.159000 18.054000
780.000000 100.000000 11.274000 18.111000
792.000000 100.000000 10.646000 18.111000
804.000000 100.000000 10.018000 18.111000
816.000000 100.000000 9.390000 18.111000
828.000000 100.000000 8.762000 18.111000
840.000000 100.000000 8.134000 18.111000
852.000000 100.000000 7.506000 18.111000
864.000000 100.000000 6.878000 18.111000
876.000000 100.000000 6.250000 18.111000
888.000000 100.000000 5.622000 18.111000
900.000000 100.000000 4.994000 18.111000
912.000000 100.000000 4.366000 18.111000
792.000000 106.000000 3.568000 19.623000
804.000000 106.000000 4.082000 19.623000
816.000000 106.000000 4.610000 19.623000
828.000000 106.000000 5.195000 19.623000
840.000000 106.000000 5.709000 19.509000
852.000000 106.000000 6.279000 19.509000
864.000000 106.000000 6.822000 19.395000
876.000000 106.000000 7.393000 19.395000
888.000000 106.000000 7.680000 19.623000
900.000000 106.000000 8.194000 19.623000
912.000000 106.000000 8.708000 19.623000
924.000000 106.000000 9.222000 19.623000
936.000000 106.000000 9.736000 19.623000
948.000000 106.000000 10.250000 19.623000
960.000000 106.000000 10.764000 19.623000
972.000000 106.000000 11.278000 19.623000
984.000000 106.000000 11.792000 19.623000
996.000000 106.000000 12.306000 19.623000
1008.000000 106.000000 12.820000 19.623000
1020.000000 106.000000 13.334000 19.623000
924.000000 101.000000 4.496000 17.825000
936.000000 101.000000 3.925000 17.825000
948.000000 101.000000 3.354000 17.768000
960.000000 101.000000 2.783000 17.768000
972.000000 101.000000 2.198000 17.768000
984.000000 101.000000 1.570000 17.768000
996.000000 101.000000 0.985000 17.768000
1008.000000 101.000000 0.414000 17.768000
1020.000000 101.000000 -0.072000 17.825000
1032.000000 101.000000 -0.643000 17.825000
1044.000000 101.000000 -1.214000 17.825000
1056.000000 101.000000 -1.785000 17.825000
1068.000000 101.000000 -2.356000 17.825000
1080.000000 101.000000 -2.927000 17.825000
1092.000000 101.000000 -3.498000 17.825000
1104.000000 101.000000 -4.069000 17.825000
1116.000000 101.000000 -4.640000 17.825000
1128.000000 101.000000 -5.211000 17.825000
1140.000000 101.000000 -5.782000 17.825000
1152.000000 101.000000 -6.353000 17.825000
1140.000000 67.000000 -18.439000 14.885000
1152.000000 67.000000 -17.811000 14.885000
1164.000000 67.000000 -17.183000 14.885000
1176.000000 67.000000 -16.555000 14.771000
1188.000000 67.000000 -15.927000 14.771000
1200.000000 67.000000 -15.299000 14.771000
1212.000000 67.000000 -14.671000 14.643000
1224.000000 67.000000 -14.043000 14.643000
1236.000000 67.000000 -13.415000 14.885000
1248.000000 67.000000 -12.787000 14.885000
1260.000000 67.000000 -12.159000 14.885000
1272.000000 67.000000 -11.531000 14.885000
1284.000000 67.000000 -10.903000 14.885000
1296.000000 67.000000 -10.275000 14.885000
1308.000000 67.000000 -9.647000 14.885000
1320.000000 67.000000 -9.019000 14.885000
1332.000000 67.000000 -8.391000 14.885000
1344.000000 67.000000 -7.763000 14.885000
1356.000000 67.000000 -7.135000 14.885000
1368.000000 67.000000 -6.507000 14.885000
1164.000000 102.000000 -7.721000 18.111000
1176.000000 102.000000 -8.363000 18.168000
1188.000000 102.000000 -8.991000 18.168000
1200.000000 102.000000 -9.619000 18.225000
1212.000000 102.000000 -10.247000 18.225000
1224.000000 102.000000 -10.889000 18.282000
1236.000000 102.000000 -11.517000 18.282000
1248.000000 102.000000 -12.145000 18.282000
1260.000000 102.000000 -12.857000 18.567000
1272.000000 102.000000 -13.499000 18.624000
1284.000000 102.000000 -14.141000 18.681000
1296.000000 102.000000 -14.783000 18.738000
1308.000000 102.000000 -15.425000 18.795000
1320.000000 102.000000 -16.067000 18.852000
1332.000000 102.000000 -16.709000 18.909000
1344.000000 102.000000 -17.351000 18.966000
1356.000000 102.000000 -17.993000 19.023000
1368.000000 102.000000 -18.635000 19.080000
1380.000000 102.000000 -19.277000 19.137000
1392.000000 102.000000 -19.919000 19.194000
1380.000000 68.000000 -6.251000 14.414000
1392.000000 68.000000 -5.652000 14.414000
1404.000000 68.000000 -5.081000 14.528000
1416.000000 68.000000 -4.767000 14.528000
1428.000000 68.000000 -4.396000 14.643000
1440.000000 68.000000 -4.039000 14.643000
1452.000000 68.000000 -3.682000 14.771000
1464.000000 68.000000 -3.311000 14.771000
1476.000000 68.000000 -1.459000 14.414000
1488.000000 68.000000 -0.860000 14.414000
1500.000000 68.000000 -0.261000 14.414000
1512.000000 68.000000 0.338000 14.414000
1524.000000 68.000000 0.937000 14.414000
1536.000000 68.000000 1.536000 14.414000
1548.000000 68.000000 2.135000 14.414000
1560.000000 68.000000 2.734000 14.414000
1572.000000 68.000000 3.333000 14.414000
1584.000000 68.000000 3.932000 14.414000
1596.000000 68.000000 4.531000 14.414000
1608.000000 68.000000 5.130000 14.414000
1500.000000 70.000000 6.494000 6.208000
1512.000000 70.000000 5.766000 6.208000
1524.000000 70.000000 5.024000 6.208000
1536.000000 70.000000 4.353000 6.322000
1548.000000 70.000000 3.611000 6.322000
1560.000000 70.000000 2.940000 6.322000
1572.000000 70.000000 2.198000 6.436000
1584.000000 70.000000 1.513000 6.436000
1596.000000 70.000000 0.670000 6.208000
1608.000000 70.000000 -0.058000 6.208000
1620.000000 70.000000 -0.786000 6.208000
1632.000000 70.000000 -1.514000 6.208000
1644.000000 70.000000 -2.242000 6.208000
1656.000000 70.000000 -2.970000 6.208000
1668.000000 70.000000 -3.698000 6.208000
1680.000000 70.000000 -4.426000 6.208000
1692.000000 70.000000 -5.154000 6.208000
1704.000000 70.000000 -5.882000 6.208000
1716.000000 70.000000 -6.610000 6.208000
1728.000000 70.000000 -7.338000 6.208000
1536.000000 58.000000 16.983000 28.757000
1548.000000 58.000000 16.955000 28.186000
1560.000000 58.000000 16.926000 27.601000
1572.000000 58.000000 16.898000 27.016000
1584.000000 58.000000 16.883000 26.445000
1596.000000 58.000000 16.883000 25.874000
1608.000000 58.000000 16.855000 25.218000
1620.000000 58.000000 16.683000 24.647000
1632.000000 58.000000 16.759000 24.189000
1644.000000 58.000000 16.731000 23.618000
1656.000000 58.000000 16.703000 23.047000
1668.000000 58.000000 16.675000 22.476000
1680.000000 58.000000 16.647000 21.905000
1692.000000 58.000000 16.619000 21.334000
1704.000000 58.000000 16.591000 20.763000
1716.000000 58.000000 16.563000 20.192000
1728.000000 58.000000 16.535000 19.621000
1740.000000 58.000000 16.507000 19.050000
1752.000000 58.000000 16.479000 18.479000
1764.000000 58.000000 16.451000 17.908000
1620.000000 69.000000 2.968000 16.855000
1632.000000 69.000000 3.596000 16.969000
1644.000000 69.000000 4.224000 17.083000
1656.000000 69.000000 4.852000 17.197000
1668.000000 69.000000 5.480000 17.311000
1680.000000 69.000000 6.108000 17.426000
1692.000000 69.000000 6.736000 17.540000
1704.000000 69.000000 7.364000 17.540000
1716.000000 69.000000 7.992000 17.767000
1728.000000 69.000000 8.620000 17.881000
1740.000000 69.000000 9.248000 17.995000
1752.000000 69.000000 9.876000 18.109000
1764.000000 69.000000 10.504000 18.223000
1776.000000 69.000000 11.132000 18.337000
1788.000000 69.000000 11.760000 18.451000
1800.000000 69.000000 12.388000 18.565000
1812.000000 69.000000 13.016000 18.679000
1824.000000 69.000000 13.644000 18.793000
1836.000000 69.000000 14.272000 18.907000
1848.000000 69.000000 14.900000 19.021000
1740.000000 71.000000 -7.707000 6.436000
1752.000000 71.000000 -8.434000 6.436000
1764.000000 71.000000 -9.120000 6.436000
1776.000000 71.000000 -9.847000 6.436000
1788.000000 71.000000 -10.590000 6.551000
1800.000000 71.000000 -11.275000 6.551000
1812.000000 71.000000 -12.002000 6.551000
1824.000000 71.000000 -12.730000 6.551000
1836.000000 71.000000 -13.523000 6.436000
1848.000000 71.000000 -14.250000 6.436000
1860.000000 71.000000 -14.977000 6.436000
1872.000000 71.000000 -15.704000 6.436000
1884.000000 71.000000 -16.431000 6.436000
1896.000000 71.000000 -17.158000 6.436000
1908.000000 71.000000 -17.885000 6.436000
1920.000000 71.000000 -18.612000 6.436000
1932.000000 71.000000 -19.339000 6.436000
1944.000000 71.000000 -20.066000 6.436000
1956.000000 71.000000 -20.793000 6.436000
1968.000000 71.000000 -21.520000 6.436000
1776.000000 59.000000 12.488000 19.095000
1788.000000 59.000000 12.031000 18.867000
1800.000000 59.000000 11.546000 18.639000
1812.000000 59.000000 11.089000 18.282000
1824.000000 59.000000 10.661000 17.939000
1836.000000 59.000000 10.190000 17.597000
1848.000000 59.000000 9.776000 17.140000
1860.000000 59.000000 9.348000 16.783000
1872.000000 59.000000 8.832000 17.271000
1884.000000 59.000000 8.375000 17.043000
1896.000000 59.000000 7.918000 16.815000
1908.000000 59.000000 7.461000 16.587000
1920.000000 59.000000 7.004000 16.359000
1932.000000 59.000000 6.547000 16.131000
1944.000000 59.000000 6.090000 15.903000
1956.000000 59.000000 5.633000 15.675000
1968.000000 59.000000 5.176000 15.447000
1980.000000 59.000000 4.719000 15.219000
1992.000000 59.000000 4.262000 14.991000
2004.000000 59.000000 3.805000 14.763000
2016.000000 60.000000 4.724000 10.547000
2028.000000 60.000000 4.296000 10.076000
2040.000000 60.000000 3.882000 9.605000
2052.000000 60.000000 3.482000 9.148000
2064.000000 60.000000 3.026000 8.691000
2076.000000 60.000000 2.655000 8.235000
2088.000000 60.000000 2.226000 7.764000
2100.000000 60.000000 1.827000 7.364000
2112.000000 60.000000 1.300000 6.779000
2124.000000 60.000000 0.872000 6.308000
2136.000000 60.000000 0.444000 5.837000
2148.000000 60.000000 0.016000 5.366000
2160.000000 60.000000 -0.412000 4.895000
2172.000000 60.000000 -0.840000 4.424000
2184.000000 60.000000 -1.268000 3.953000
2196.000000 60.000000 -1.696000 3.482000
2208.000000 60.000000 -2.124000 3.011000
2220.000000 60.000000 -2.552000 2.540000
2232.000000 60.000000 -2.980000 2.069000
2244.000000 60.000000 -3.408000 1.598000
2256.000000 61.000000 -4.767000 3.539000
2268.000000 61.000000 -5.195000 3.083000
2280.000000 61.000000 -5.609000 2.726000
2292.000000 61.000000 -6.037000 2.269000
2304.000000 61.000000 -6.494000 1.927000
2316.000000 61.000000 -7.022000 1.570000
2328.000000 61.000000 -7.393000 1.227000
2340.000000 61.000000 -7.707000 0.885000
2352.000000 61.000000 -8.191000 -0.109000
2364.000000 61.000000 -8.619000 -0.565000
2376.000000 61.000000 -9.047000 -1.021000
2388.000000 61.000000 -9.475000 -1.477000
2400.000000 61.000000 -9.903000 -1.933000
2412.000000 61.000000 -10.331000 -2.389000
2424.000000 61.000000 -10.759000 -2.845000
2436.000000 61.000000 -11.187000 -3.301000
2448.000000 61.000000 -11.615000 -3.757000
2460.000000 61.000000 -12.043000 -4.213000
2472.000000 61.000000 -12.471000 -4.669000
2484.000000 61.000000 -12.899000 -5.125000
3012.000000 21.000000 16.812000 19.795000
3024.000000 21.000000 16.155000 19.452000
3036.000000 21.000000 15.527000 19.338000
3048.000000 21.000000 14.900000 19.338000
3060.000000 21.000000 14.500000 19.338000
3072.000000 21.000000 14.015000 19.338000
3084.000000 21.000000 13.387000 19.110000
3096.000000 21.000000 12.759000 18.867000
3108.000000 21.000000 11.556000 17.051000
3120.000000 21.000000 10.899000 16.708000
3132.000000 21.000000 10.242000 16.365000
3144.000000 21.000000 9.585000 16.022000
3156.000000 21.000000 8.928000 15.679000
3168.000000 21.000000 8.271000 15.336000
3180.000000 21.000000 7.614000 14.993000
3192.000000 21.000000 6.957000 14.650000
3204.000000 21.000000 6.300000 14.307000
3216.000000 21.000000 5.643000 13.964000
3228.000000 21.000000 4.986000 13.621000
3240.000000 21.000000 4.329000 13.278000
3060.000000 141.000000 -19.538000 17.197000
3072.000000 141.000000 -19.395000 16.312000
3084.000000 141.000000 -19.024000 16.084000
3096.000000 141.000000 -18.653000 15.856000
3108.000000 141.000000 -18.282000 15.627000
3120.000000 141.000000 -17.925000 15.399000
3132.000000 141.000000 -17.397000 15.285000
3144.000000 141.000000 -16.940000 15.171000
3156.000000 141.000000 -18.394000 10.117000
3168.000000 141.000000 -18.251000 9.232000
3180.000000 141.000000 -18.108000 8.347000
3192.000000 141.000000 -17.965000 7.462000
3204.000000 141.000000 -17.822000 6.577000
3216.000000 141.000000 -17.679000 5.692000
3228.000000 141.000000 -17.536000 4.807000
3240.000000 141.000000 -17.393000 3.922000
3252.000000 141.000000 -17.250000 3.037000
3264.000000 141.000000 -17.107000 2.152000
3276.000000 141.000000 -16.964000 1.267000
3288.000000 141.000000 -16.821000 0.382000
3108.000000 137.000000 16.869000 18.910000
3120.000000 137.000000 16.270000 18.453000
3132.000000 137.000000 15.799000 18.453000
3144.000000 137.000000 15.271000 18.339000
3156.000000 137.000000 14.757000 18.339000
3168.000000 137.000000 14.214000 18.225000
3180.000000 137.000000 13.758000 18.225000
3192.000000 137.000000 13.230000 18.225000
3204.000000 137.000000 12.077000 15.254000
3216.000000 137.000000 11.478000 14.797000
3228.000000 137.000000 10.879000 14.340000
3240.000000 137.000000 10.280000 13.883000
3252.000000 137.000000 9.681000 13.426000
3264.000000 137.000000 9.082000 12.969000
3276.000000 137.000000 8.483000 12.512000
3288.000000 137.000000 7.884000 12.055000
3300.000000 137.000000 7.285000 11.598000
3312.000000 137.000000 6.686000 11.141000
3324.000000 137.000000 6.087000 10.684000
3336.000000 137.000000 5.488000 10.227000
3252.000000 22.000000 4.367000 18.995000
3264.000000 22.000000 3.682000 18.995000
3276.000000 22.000000 3.054000 18.995000
3288.000000 22.000000 2.426000 18.995000
3300.000000 22.000000 1.741000 18.995000
3312.000000 22.000000 1.113000 18.995000
3324.000000 22.000000 0.485000 18.995000
3336.000000 22.000000 -0.143000 18.995000
3348.000000 22.000000 -1.113000 18.995000
3360.000000 22.000000 -1.798000 18.995000
3372.000000 22.000000 -2.483000 18.995000
3384.000000 22.000000 -3.168000 18.995000
3396.000000 22.000000 -3.853000 18.995000
3408.000000 22.000000 -4.538000 18.995000
3420.000000 22.000000 -5.223000 18.995000
3432.000000 22.000000 -5.908000 18.995000
3444.000000 22.000000 -6.593000 18.995000
3456.000000 22.000000 -7.278000 18.995000
3468.000000 22.000000 -7.963000 18.995000
3480.000000 22.000000 -8.648000 18.995000
3300.000000 142.000000 -12.488000 10.661000
3312.000000 142.000000 -12.059000 10.433000
3324.000000 142.000000 -11.574000 10.204000
3336.000000 142.000000 -11.175000 9.962000
3348.000000 142.000000 -10.689000 9.719000
3360.000000 142.000000 -10.233000 9.491000
3372.000000 142.000000 -9.862000 9.262000
3384.000000 142.000000 -9.548000 9.034000
3396.000000 142.000000 -9.056000 8.837000
3408.000000 142.000000 -8.627000 8.609000
3420.000000 142.000000 -8.198000 8.381000
3432.000000 142.000000 -7.769000 8.153000
3444.000000 142.000000 -7.340000 7.925000
3456.000000 142.000000 -6.911000 7.697000
3468.000000 142.000000 -6.482000 7.469000
3480.000000 142.000000 -6.053000 7.241000
3492.000000 142.000000 -5.624000 7.013000
3504.000000 142.000000 -5.195000 6.785000
3516.000000 142.000000 -4.766000 6.557000
3528.000000 142.000000 -4.337000 6.329000
3348.000000 138.000000 6.479000 19.053000
3360.000000 138.000000 5.994000 19.167000
3372.000000 138.000000 5.537000 19.167000
3384.000000 138.000000 4.995000 19.281000
3396.000000 138.000000 4.481000 19.281000
3408.000000 138.000000 3.953000 19.281000
3420.000000 138.000000 3.482000 19.281000
3432.000000 138.000000 3.054000 19.281000
3444.000000 138.000000 2.599000 19.965000
3456.000000 138.000000 2.114000 20.079000
3468.000000 138.000000 1.629000 20.193000
3480.000000 138.000000 1.144000 20.307000
3492.000000 138.000000 0.659000 20.421000
3504.000000 138.000000 0.174000 20.535000
3516.000000 138.000000 -0.311000 20.649000
3528.000000 138.000000 -0.796000 20.763000
3540.000000 138.000000 -1.281000 20.877000
3552.000000 138.000000 -1.766000 20.991000
3564.000000 138.000000 -2.251000 21.105000
3576.000000 138.000000 -2.736000 21.219000
3504.000000 136.000000 -6.608000 16.955000
3516.000000 136.000000 -7.264000 17.540000
3528.000000 136.000000 -7.949000 17.426000
3540.000000 136.000000 -8.634000 17.311000
3552.000000 136.000000 -9.262000 17.183000
3564.000000 136.000000 -9.890000 17.183000
3576.000000 136.000000 -10.490000 17.183000
3588.000000 136.000000 -11.060000 17.183000
3600.000000 136.000000 -11.856000 21.635000
3612.000000 136.000000 -12.512000 22.220000
3624.000000 136.000000 -13.168000 22.805000
3636.000000 136.000000 -13.824000 23.390000
3648.000000 136.000000 -14.480000 23.975000
3660.000000 136.000000 -15.136000 24.560000
3672.000000 136.000000 -15.792000 25.145000
3684.000000 136.000000 -16.448000 25.730000
3696.000000 136.000000 -17.104000 26.315000
3708.000000 136.000000 -17.760000 26.900000
3720.000000 136.000000 -18.416000 27.485000
3732.000000 136.000000 -19.072000 28.070000
3540.000000 143.000000 -4.581000 5.980000
3552.000000 143.000000 -4.153000 5.737000
3564.000000 143.000000 -3.725000 5.737000
3576.000000 143.000000 -3.297000 5.737000
3588.000000 143.000000 -2.911000 5.737000
3600.000000 143.000000 -2.440000 5.623000
3612.000000 143.000000 -1.969000 5.623000
3624.000000 143.000000 -1.441000 5.623000
3636.000000 143.000000 -1.157000 4.036000
3648.000000 143.000000 -0.729000 3.793000
3660.000000 143.000000 -0.301000 3.550000
3672.000000 143.000000 0.127000 3.307000
3684.000000 143.000000 0.555000 3.064000
3696.000000 143.000000 0.983000 2.821000
3708.000000 143.000000 1.411000 2.578000
3720.000000 143.000000 1.839000 2.335000
3732.000000 143.000000 2.267000 2.092000
3744.000000 143.000000 2.695000 1.849000
3756.000000 143.000000 3.123000 1.606000
3768.000000 143.000000 3.551000 1.363000
3588.000000 139.000000 -3.639000 19.038000
3600.000000 139.000000 -4.224000 19.038000
3612.000000 139.000000 -4.795000 19.038000
3624.000000 139.000000 -5.323000 19.038000
3636.000000 139.000000 -5.894000 18.924000
3648.000000 139.000000 -6.322000 18.810000
3660.000000 139.000000 -6.793000 18.810000
3672.000000 139.000000 -7.207000 18.696000
3684.000000 139.000000 -8.319000 19.038000
3696.000000 139.000000 -8.904000 19.038000
3708.000000 139.000000 -9.489000 19.038000
3720.000000 139.000000 -10.074000 19.038000
3732.000000 139.000000 -10.659000 19.038000
3744.000000 139.000000 -11.244000 19.038000
3756.000000 139.000000 -11.829000 19.038000
3768.000000 139.000000 -12.414000 19.038000
3780.000000 139.000000 -12.999000 19.038000
3792.000000 139.000000 -13.584000 19.038000
3804.000000 139.000000 -14.169000 19.038000
3816.000000 139.000000 -14.754000 19.038000
3780.000000 147.000000 4.567000 5.395000
3792.000000 147.000000 5.138000 5.280000
3804.000000 147.000000 5.751000 5.280000
3816.000000 147.000000 6.123000 5.280000
3828.000000 147.000000 6.494000 5.280000
3840.000000 147.000000 6.865000 5.280000
3852.000000 147.000000 7.236000 5.280000
3864.000000 147.000000 7.650000 5.152000
3876.000000 147.000000 9.135000 4.475000
3888.000000 147.000000 9.706000 4.360000
3900.000000 147.000000 10.277000 4.245000
3912.000000 147.000000 10.848000 4.130000
3924.000000 147.000000 11.419000 4.015000
3936.000000 147.000000 11.990000 3.900000
3948.000000 147.000000 12.561000 3.785000
3960.000000 147.000000 13.132000 3.670000
3972.000000 147.000000 13.703000 3.555000
3984.000000 147.000000 14.274000 3.440000
3996.000000 147.000000 14.845000 3.325000
4008.000000 147.000000 15.416000 3.210000
3996.000000 149.000000 7.321000 33.610000
4008.000000 149.000000 7.107000 33.610000
4020.000000 149.000000 7.107000 33.610000
4032.000000 149.000000 7.107000 33.610000
4044.000000 149.000000 7.107000 33.724000
4056.000000 149.000000 7.050000 33.724000
4068.000000 149.000000 7.050000 33.838000
4080.000000 149.000000 7.050000 33.838000
4092.000000 149.000000 5.609000 33.610000
4104.000000 149.000000 5.395000 33.610000
4116.000000 149.000000 5.181000 33.610000
4128.000000 149.000000 4.967000 33.610000
4140.000000 149.000000 4.753000 33.610000
4152.000000 149.000000 4.539000 33.610000
4164.000000 149.000000 4.325000 33.610000
4176.000000 149.000000 4.111000 33.610000
4188.000000 149.000000 3.897000 33.610000
4200.000000 149.000000 3.683000 33.610000
4212.000000 149.000000 3.469000 33.610000
4224.000000 149.000000 3.255000 33.610000
4236.000000 150.000000 6.879000 34.423000
4248.000000 150.000000 6.879000 34.423000
4260.000000 150.000000 6.879000 34.537000
4272.000000 150.000000 6.836000 34.537000
4284.000000 150.000000 6.836000 34.537000
4296.000000 150.000000 6.836000 34.651000
4308.000000 150.000000 6.836000 34.651000
4320.000000 150.000000 6.793000 34.651000
4332.000000 150.000000 6.879000 34.423000
4344.000000 150.000000 6.879000 34.423000
4356.000000 150.000000 6.879000 34.423000
4368.000000 150.000000 6.879000 34.423000
4380.000000 150.000000 6.879000 34.423000
4392.000000 150.000000 6.879000 34.423000
4404.000000 150.000000 6.879000 34.423000
4416.000000 150.000000 6.879000 34.423000
4428.000000 150.000000 6.879000 34.423000
4440.000000 150.000000 6.879000 34.423000
4452.000000 150.000000 6.879000 34.423000
4464.000000 150.000000 6.879000 34.423000
5400.000000 148.000000 16.655000 17.597000
5412.000000 148.000000 16.512000 17.483000
5424.000000 148.000000 16.341000 17.483000
5436.000000 148.000000 16.241000 17.369000
5448.000000 148.000000 16.084000 17.369000
5460.000000 148.000000 15.984000 17.254000
5472.000000 148.000000 15.827000 17.254000
5484.000000 148.000000 15.713000 17.140000
5496.000000 148.000000 15.511000 16.685000
5508.000000 148.000000 15.368000 16.571000
5520.000000 148.000000 15.225000 16.457000
5532.000000 148.000000 15.082000 16.343000
5544.000000 148.000000 14.939000 16.229000
5556.000000 148.000000 14.796000 16.115000
5568.000000 148.000000 14.653000 16.001000
5580.000000 148.000000 14.510000 15.887000
5592.000000 148.000000 14.367000 15.773000
5604.000000 148.000000 14.224000 15.659000
5616.000000 148.000000 14.081000 15.545000
5628.000000 148.000000 13.938000 15.431000
5484.000000 78.000000 16.541000 18.924000
5496.000000 78.000000 15.913000 19.152000
5508.000000 78.000000 14.985000 18.981000
5520.000000 78.000000 14.229000 18.867000
5532.000000 78.000000 13.772000 18.924000
5544.000000 78.000000 13.287000 18.924000
5556.000000 78.000000 12.702000 18.924000
5568.000000 78.000000 12.188000 18.810000
5580.000000 78.000000 11.517000 20.748000
5592.000000 78.000000 10.889000 20.976000
5604.000000 78.000000 10.261000 21.204000
5616.000000 78.000000 9.633000 21.432000
5628.000000 78.000000 9.005000 21.660000
5640.000000 78.000000 8.377000 21.888000
5652.000000 78.000000 7.749000 22.116000
5664.000000 78.000000 7.121000 22.344000
5676.000000 78.000000 6.493000 22.572000
5688.000000 78.000000 5.865000 22.800000
5700.000000 78.000000 5.237000 23.028000
5712.000000 78.000000 4.609000 23.256000
5484.000000 151.000000 16.213000 19.966000
5496.000000 151.000000 15.670000 19.966000
5508.000000 151.000000 14.900000 20.023000
5520.000000 151.000000 14.015000 20.251000
5532.000000 151.000000 13.158000 20.423000
5544.000000 151.000000 12.673000 20.651000
5556.000000 151.000000 12.216000 20.651000
5568.000000 151.000000 11.646000 20.423000
5580.000000 151.000000 11.869000 19.966000
5592.000000 151.000000 11.326000 19.966000
5604.000000 151.000000 10.783000 19.966000
5616.000000 151.000000 10.240000 19.966000
5628.000000 151.000000 9.697000 19.966000
5640.000000 151.000000 9.154000 19.966000
5652.000000 151.000000 8.611000 19.966000
5664.000000 151.000000 8.068000 19.966000
5676.000000 151.000000 7.525000 19.966000
5688.000000 151.000000 6.982000 19.966000
5700.000000 151.000000 6.439000 19.966000
5712.000000 151.000000 5.896000 19.966000
5556.000000 5.000000 15.642000 18.054000
5568.000000 5.000000 15.385000 18.225000
5580.000000 5.000000 15.099000 18.396000
5592.000000 5.000000 14.828000 18.567000
5604.000000 5.000000 14.557000 18.696000
5616.000000 5.000000 14.300000 18.924000
5628.000000 5.000000 14.015000 19.038000
5640.000000 5.000000 13.701000 19.167000
5652.000000 5.000000 13.586000 19.422000
5664.000000 5.000000 13.329000 19.593000
5676.000000 5.000000 13.072000 19.764000
5688.000000 5.000000 12.815000 19.935000
5700.000000 5.000000 12.558000 20.106000
5712.000000 5.000000 12.301000 20.277000
5724.000000 5.000000 12.044000 20.448000
5736.000000 5.000000 11.787000 20.619000
5748.000000 5.000000 11.530000 20.790000
5760.000000 5.000000 11.273000 20.961000
5772.000000 5.000000 11.016000 21.132000
5784.000000 5.000000 10.759000 21.303000
5580.000000 131.000000 16.170000 17.825000
5592.000000 131.000000 15.742000 17.483000
5604.000000 131.000000 15.428000 17.369000
5616.000000 131.000000 15.057000 17.369000
5628.000000 131.000000 14.800000 17.254000
5640.000000 131.000000 14.571000 17.254000
5652.000000 131.000000 14.300000 17.254000
5664.000000 131.000000 14.072000 17.254000
5676.000000 131.000000 12.746000 15.089000
5688.000000 131.000000 12.318000 14.747000
5700.000000 131.000000 11.890000 14.405000
5712.000000 131.000000 11.462000 14.063000
5724.000000 131.000000 11.034000 13.721000
5736.000000 131.000000 10.606000 13.379000
5748.000000 131.000000 10.178000 13.037000
5760.000000 131.000000 9.750000 12.695000
5772.000000 131.000000 9.322000 12.353000
5784.000000 131.000000 8.894000 12.011000
5796.000000 131.000000 8.466000 11.669000
5808.000000 131.000000 8.038000 11.327000
5640.000000 154.000000 13.344000 16.612000
5652.000000 154.000000 13.144000 16.555000
5664.000000 154.000000 12.973000 16.555000
5676.000000 154.000000 12.759000 16.498000
5688.000000 154.000000 12.573000 16.498000
5700.000000 154.000000 12.388000 16.441000
5712.000000 154.000000 12.159000 16.441000
5724.000000 154.000000 11.845000 16.441000
5736.000000 154.000000 11.744000 16.156000
5748.000000 154.000000 11.544000 16.099000
5760.000000 154.000000 11.344000 16.042000
5772.000000 154.000000 11.144000 15.985000
5784.000000 154.000000 10.944000 15.928000
5796.000000 154.000000 10.744000 15.871000
5808.000000 154.000000 10.544000 15.814000
5820.000000 154.000000 10.344000 15.757000
5832.000000 154.000000 10.144000 15.700000
5844.000000 154.000000 9.944000 15.643000
5856.000000 154.000000 9.744000 15.586000
5868.000000 154.000000 9.544000 15.529000
5724.000000 79.000000 4.039000 18.810000
5736.000000 79.000000 3.568000 18.810000
5748.000000 79.000000 3.040000 18.810000
5760.000000 79.000000 2.512000 18.810000
5772.000000 79.000000 2.041000 18.810000
5784.000000 79.000000 1.570000 18.810000
5796.000000 79.000000 0.999000 18.753000
5808.000000 79.000000 0.414000 18.624000
5820.000000 79.000000 0.271000 18.810000
5832.000000 79.000000 -0.200000 18.810000
5844.000000 79.000000 -0.671000 18.810000
5856.000000 79.000000 -1.142000 18.810000
5868.000000 79.000000 -1.613000 18.810000
5880.000000 79.000000 -2.084000 18.810000
5892.000000 79.000000 -2.555000 18.810000
5904.000000 79.000000 -3.026000 18.810000
5916.000000 79.000000 -3.497000 18.810000
5928.000000 79.000000 -3.968000 18.810000
5940.000000 79.000000 -4.439000 18.810000
5952.000000 79.000000 -4.910000 18.810000
5724.000000 152.000000 3.967000 20.423000
5736.000000 152.000000 3.454000 20.537000
5748.000000 152.000000 2.997000 20.423000
5760.000000 152.000000 2.398000 20.423000
5772.000000 152.000000 1.884000 20.308000
5784.000000 152.000000 1.256000 20.308000
5796.000000 152.000000 0.628000 20.423000
5808.000000 152.000000 0.057000 20.423000
5820.000000 152.000000 -0.137000 21.335000
5832.000000 152.000000 -0.650000 21.449000
5844.000000 152.000000 -1.163000 21.563000
5856.000000 152.000000 -1.676000 21.677000
5868.000000 152.000000 -2.189000 21.791000
5880.000000 152.000000 -2.702000 21.905000
5892.000000 152.000000 -3.215000 22.019000
5904.000000 152.000000 -3.728000 22.133000
5916.000000 152.000000 -4.241000 22.247000
5928.000000 152.000000 -4.754000 22.361000
5940.000000 152.000000 -5.267000 22.475000
5952.000000 152.000000 -5.780000 22.589000
5736.000000 90.000000 -20.194000 13.358000
5748.000000 90.000000 -17.411000 12.559000
5760.000000 90.000000 -14.500000 12.331000
5772.000000 90.000000 -11.660000 12.502000
5784.000000 90.000000 -8.834000 12.673000
5796.000000 90.000000 -6.008000 12.902000
5808.000000 90.000000 -3.168000 13.144000
5820.000000 90.000000 -0.285000 13.372000
5832.000000 90.000000 2.070000 6.966000
5844.000000 90.000000 4.853000 6.167000
5856.000000 90.000000 7.636000 5.368000
5868.000000 90.000000 10.419000 4.569000
5880.000000 90.000000 13.202000 3.770000
5892.000000 90.000000 15.985000 2.971000
5904.000000 90.000000 18.768000 2.172000
5916.000000 90.000000 21.551000 1.373000
5928.000000 90.000000 24.334000 0.574000
5940.000000 90.000000 27.117000 -0.225000
5952.000000 90.000000 29.900000 -1.024000
5964.000000 90.000000 32.683000 -1.823000
5796.000000 6.000000 10.033000 19.623000
5808.000000 6.000000 9.762000 19.623000
5820.000000 6.000000 9.505000 19.738000
5832.000000 6.000000 9.248000 19.738000
5844.000000 6.000000 8.991000 19.738000
5856.000000 6.000000 8.734000 19.852000
5868.000000 6.000000 8.449000 19.852000
5880.000000 6.000000 8.192000 19.966000
5892.000000 6.000000 7.865000 19.623000
5904.000000 6.000000 7.594000 19.623000
5916.000000 6.000000 7.323000 19.623000
5928.000000 6.000000 7.052000 19.623000
5940.000000 6.000000 6.781000 19.623000
5952.000000 6.000000 6.510000 19.623000
5964.000000 6.000000 6.239000 19.623000
5976.000000 6.000000 5.968000 19.623000
5988.000000 6.000000 5.697000 19.623000
6000.000000 6.000000 5.426000 19.623000
6012.000000 6.000000 5.155000 19.623000
6024.000000 6.000000 4.884000 19.623000
5820.000000 132.000000 10.347000 18.282000
5832.000000 132.000000 10.033000 18.282000
5844.000000 132.000000 9.747000 18.282000
5856.000000 132.000000 9.476000 18.282000
5868.000000 132.000000 9.191000 18.282000
5880.000000 132.000000 8.934000 18.282000
5892.000000 132.000000 8.649000 18.282000
5904.000000 132.000000 8.392000 18.396000
5916.000000 132.000000 7.835000 18.282000
5928.000000 132.000000 7.521000 18.282000
5940.000000 132.000000 7.207000 18.282000
5952.000000 132.000000 6.893000 18.282000
5964.000000 132.000000 6.579000 18.282000
5976.000000 132.000000 6.265000 18.282000
5988.000000 132.000000 5.951000 18.282000
6000.000000 132.000000 5.637000 18.282000
6012.000000 132.000000 5.323000 18.282000
6024.000000 132.000000 5.009000 18.282000
6036.000000 132.000000 4.695000 18.282000
6048.000000 132.000000 4.381000 18.282000
5880.000000 155.000000 7.749000 17.026000
5892.000000 155.000000 7.435000 17.026000
5904.000000 155.000000 7.122000 17.026000
5916.000000 155.000000 6.808000 17.026000
5928.000000 155.000000 6.494000 17.026000
5940.000000 155.000000 6.180000 17.026000
5952.000000 155.000000 5.866000 17.026000
5964.000000 155.000000 5.552000 17.026000
5976.000000 155.000000 5.237000 17.026000
5988.000000 155.000000 4.923000 17.026000
6000.000000 155.000000 4.609000 17.026000
6012.000000 155.000000 4.295000 17.026000
6024.000000 155.000000 3.981000 17.026000
6036.000000 155.000000 3.667000 17.026000
6048.000000 155.000000 3.353000 17.026000
6060.000000 155.000000 3.039000 17.026000
6072.000000 155.000000 2.725000 17.026000
6084.000000 155.000000 2.411000 17.026000
6096.000000 155.000000 2.097000 17.026000
6108.000000 155.000000 1.783000 17.026000
5964.000000 80.000000 -7.792000 18.681000
5976.000000 80.000000 -8.306000 18.810000
5988.000000 80.000000 -8.734000 18.924000
6000.000000 80.000000 -9.191000 18.681000
6012.000000 80.000000 -9.776000 18.624000
6024.000000 80.000000 -10.333000 18.624000
6036.000000 80.000000 -10.875000 18.567000
6048.000000 80.000000 -11.417000 18.567000
6060.000000 80.000000 -11.904000 19.713000
6072.000000 80.000000 -12.418000 19.842000
6084.000000 80.000000 -12.932000 19.971000
6096.000000 80.000000 -13.446000 20.100000
6108.000000 80.000000 -13.960000 20.229000
6120.000000 80.000000 -14.474000 20.358000
6132.000000 80.000000 -14.988000 20.487000
6144.000000 80.000000 -15.502000 20.616000
6156.000000 80.000000 -16.016000 20.745000
6168.000000 80.000000 -16.530000 20.874000
6180.000000 80.000000 -17.044000 21.003000
6192.000000 80.000000 -17.558000 21.132000
5964.000000 153.000000 -7.906000 20.423000
5976.000000 153.000000 -8.506000 20.423000
5988.000000 153.000000 -9.077000 20.537000
6000.000000 153.000000 -9.648000 20.651000
6012.000000 153.000000 -10.161000 20.480000
6024.000000 153.000000 -10.647000 20.366000
6036.000000 153.000000 -11.146000 20.251000
6048.000000 153.000000 -11.603000 20.137000
6060.000000 153.000000 -12.706000 20.423000
6072.000000 153.000000 -13.306000 20.423000
6084.000000 153.000000 -13.906000 20.423000
6096.000000 153.000000 -14.506000 20.423000
6108.000000 153.000000 -15.106000 20.423000
6120.000000 153.000000 -15.706000 20.423000
6132.000000 153.000000 -16.306000 20.423000
6144.000000 153.000000 -16.906000 20.423000
6156.000000 153.000000 -17.506000 20.423000
6168.000000 153.000000 -18.106000 20.423000
6180.000000 153.000000 -18.706000 20.423000
6192.000000 153.000000 -19.306000 20.423000
6000.000000 125.000000 6.779000 17.882000
6012.000000 125.000000 6.522000 17.768000
6024.000000 125.000000 6.265000 17.768000
6036.000000 125.000000 6.023000 17.768000
6048.000000 125.000000 5.794000 17.768000
6060.000000 125.000000 5.552000 17.711000
6072.000000 125.000000 5.295000 17.711000
6084.000000 125.000000 5.081000 17.711000
6096.000000 125.000000 4.723000 16.970000
6108.000000 125.000000 4.466000 16.856000
6120.000000 125.000000 4.209000 16.742000
6132.000000 125.000000 3.952000 16.628000
6144.000000 125.000000 3.695000 16.514000
6156.000000 125.000000 3.438000 16.400000
6168.000000 125.000000 3.181000 16.286000
6180.000000 125.000000 2.924000 16.172000
6192.000000 125.000000 2.667000 16.058000
6204.000000 125.000000 2.410000 15.944000
6216.000000 125.000000 2.153000 15.830000
6228.000000 125.000000 1.896000 15.716000
6036.000000 7.000000 5.423000 19.623000
6048.000000 7.000000 5.266000 19.566000
6060.000000 7.000000 5.138000 19.452000
6072.000000 7.000000 5.009000 19.395000
6084.000000 7.000000 4.838000 19.338000
6096.000000 7.000000 4.724000 19.281000
6108.000000 7.000000 4.581000 19.224000
6120.000000 7.000000 4.524000 19.110000
6132.000000 7.000000 4.167000 19.167000
6144.000000 7.000000 4.010000 19.110000
6156.000000 7.000000 3.853000 19.053000
6168.000000 7.000000 3.696000 18.996000
6180.000000 7.000000 3.539000 18.939000
6192.000000 7.000000 3.382000 18.882000
6204.000000 7.000000 3.225000 18.825000
6216.000000 7.000000 3.068000 18.768000
6228.000000 7.000000 2.911000 18.711000
6240.000000 7.000000 2.754000 18.654000
6252.000000 7.000000 2.597000 18.597000
6264.000000 7.000000 2.440000 18.540000
6060.000000 133.000000 5.309000 18.168000
6072.000000 133.000000 5.052000 18.111000
6084.000000 133.000000 4.824000 18.111000
6096.000000 133.000000 4.524000 18.054000
6108.000000 133.000000 4.324000 18.054000
6120.000000 133.000000 4.110000 18.054000
6132.000000 133.000000 3.839000 18.054000
6144.000000 133.000000 3.639000 18.168000
6156.000000 133.000000 3.253000 17.712000
6168.000000 133.000000 2.996000 17.655000
6180.000000 133.000000 2.739000 17.598000
6192.000000 133.000000 2.482000 17.541000
6204.000000 133.000000 2.225000 17.484000
6216.000000 133.000000 1.968000 17.427000
6228.000000 133.000000 1.711000 17.370000
6240.000000 133.000000 1.454000 17.313000
6252.000000 133.000000 1.197000 17.256000
6264.000000 133.000000 0.940000 17.199000
6276.000000 133.000000 0.683000 17.142000
6288.000000 133.000000 0.426000 17.085000
6120.000000 156.000000 2.369000 17.369000
6132.000000 156.000000 2.112000 17.369000
6144.000000 156.000000 1.855000 17.369000
6156.000000 156.000000 1.598000 17.369000
6168.000000 156.000000 1.342000 17.369000
6180.000000 156.000000 1.227000 17.254000
6192.000000 156.000000 1.113000 17.254000
6204.000000 156.000000 1.028000 17.254000
6216.000000 156.000000 0.313000 17.369000
6228.000000 156.000000 0.056000 17.369000
6240.000000 156.000000 -0.201000 17.369000
6252.000000 156.000000 -0.458000 17.369000
6264.000000 156.000000 -0.715000 17.369000
6276.000000 156.000000 -0.972000 17.369000
6288.000000 156.000000 -1.229000 17.369000
6300.000000 156.000000 -1.486000 17.369000
6312.000000 156.000000 -1.743000 17.369000
6324.000000 156.000000 -2.000000 17.369000
6336.000000 156.000000 -2.257000 17.369000
6348.000000 156.000000 -2.514000 17.369000
6240.000000 126.000000 1.784000 17.711000
6252.000000 126.000000 1.513000 17.825000
6264.000000 126.000000 1.413000 17.825000
6276.000000 126.000000 1.313000 17.825000
6288.000000 126.000000 1.199000 17.825000
6300.000000 126.000000 1.099000 17.825000
6312.000000 126.000000 0.999000 17.825000
6324.000000 126.000000 0.885000 17.825000
6336.000000 126.000000 -0.384000 18.623000
6348.000000 126.000000 -0.655000 18.737000
6360.000000 126.000000 -0.926000 18.851000
6372.000000 126.000000 -1.197000 18.965000
6384.000000 126.000000 -1.468000 19.079000
6396.000000 126.000000 -1.739000 19.193000
6408.000000 126.000000 -2.010000 19.307000
6420.000000 126.000000 -2.281000 19.421000
6432.000000 126.000000 -2.552000 19.535000
6444.000000 126.000000 -2.823000 19.649000
6456.000000 126.000000 -3.094000 19.763000
6468.000000 126.000000 -3.365000 19.877000
6276.000000 8.000000 4.096000 18.624000
6288.000000 8.000000 4.096000 18.624000
6300.000000 8.000000 4.096000 18.624000
6312.000000 8.000000 4.096000 18.624000
6324.000000 8.000000 4.096000 18.624000
6336.000000 8.000000 4.096000 18.624000
6348.000000 8.000000 4.096000 18.624000
6360.000000 8.000000 4.096000 18.624000
6372.000000 8.000000 4.096000 18.624000
6384.000000 8.000000 4.096000 18.624000
6396.000000 8.000000 4.096000 18.624000
6408.000000 8.000000 4.096000 18.624000
6420.000000 8.000000 4.096000 18.624000
6432.000000 8.000000 4.096000 18.624000
6444.000000 8.000000 4.096000 18.624000
6456.000000 8.000000 4.096000 18.624000
6468.000000 8.000000 4.096000 18.624000
6480.000000 8.000000 4.096000 18.624000
6492.000000 8.000000 4.096000 18.624000
6504.000000 8.000000 4.096000 18.624000
6300.000000 134.000000 1.227000 18.525000
6312.000000 134.000000 1.070000 18.525000
6324.000000 134.000000 0.970000 18.525000
6336.000000 134.000000 0.813000 18.525000
6348.000000 134.000000 0.699000 18.525000
6360.000000 134.000000 0.599000 18.525000
6372.000000 134.000000 0.442000 18.525000
6384.000000 134.000000 0.328000 18.525000
6396.000000 134.000000 -0.029000 18.525000
6408.000000 134.000000 -0.186000 18.525000
6420.000000 134.000000 -0.343000 18.525000
6432.000000 134.000000 -0.500000 18.525000
6444.000000 134.000000 -0.657000 18.525000
6456.000000 134.000000 -0.814000 18.525000
6468.000000 134.000000 -0.971000 18.525000
6480.000000 134.000000 -1.128000 18.525000
6492.000000 134.000000 -1.285000 18.525000
6504.000000 134.000000 -1.442000 18.525000
6516.000000 134.000000 -1.599000 18.525000
6528.000000 134.000000 -1.756000 18.525000
6360.000000 157.000000 -0.714000 17.483000
6372.000000 157.000000 -0.856000 17.540000
6384.000000 157.000000 -1.056000 17.540000
6396.000000 157.000000 -1.199000 17.540000
6408.000000 157.000000 -1.370000 17.654000
6420.000000 157.000000 -1.513000 17.654000
6432.000000 157.000000 -1.684000 17.654000
6444.000000 157.000000 -1.884000 17.654000
6456.000000 157.000000 -1.850000 17.939000
6468.000000 157.000000 -1.992000 17.996000
6480.000000 157.000000 -2.134000 18.053000
6492.000000 157.000000 -2.276000 18.110000
6504.000000 157.000000 -2.418000 18.167000
6516.000000 157.000000 -2.560000 18.224000
6528.000000 157.000000 -2.702000 18.281000
6540.000000 157.000000 -2.844000 18.338000
6552.000000 157.000000 -2.986000 18.395000
6564.000000 157.000000 -3.128000 18.452000
6576.000000 157.000000 -3.270000 18.509000
6588.000000 157.000000 -3.412000 18.566000
6420.000000 128.000000 16.840000 19.566000
6432.000000 128.000000 16.241000 19.566000
6444.000000 128.000000 15.770000 19.680000
6456.000000 128.000000 15.299000 19.680000
6468.000000 128.000000 14.728000 19.680000
6480.000000 128.000000 14.043000 19.566000
6492.000000 128.000000 13.415000 19.566000
6504.000000 128.000000 12.573000 19.509000
6516.000000 128.000000 12.048000 19.566000
6528.000000 128.000000 11.449000 19.566000
6540.000000 128.000000 10.850000 19.566000
6552.000000 128.000000 10.251000 19.566000
6564.000000 128.000000 9.652000 19.566000
6576.000000 128.000000 9.053000 19.566000
6588.000000 128.000000 8.454000 19.566000
6600.000000 128.000000 7.855000 19.566000
6612.000000 128.000000 7.256000 19.566000
6624.000000 128.000000 6.657000 19.566000
6636.000000 128.000000 6.058000 19.566000
6648.000000 128.000000 5.459000 19.566000
6480.000000 127.000000 -1.841000 17.939000
6492.000000 127.000000 -2.155000 17.939000
6504.000000 127.000000 -2.498000 18.054000
6516.000000 127.000000 -2.811000 18.054000
6528.000000 127.000000 -3.154000 18.054000
6540.000000 127.000000 -3.468000 18.054000
6552.000000 127.000000 -3.811000 18.054000
6564.000000 127.000000 -4.096000 18.054000
6576.000000 127.000000 -4.353000 17.939000
6588.000000 127.000000 -4.667000 17.939000
6600.000000 127.000000 -4.981000 17.939000
6612.000000 127.000000 -5.295000 17.939000
6624.000000 127.000000 -5.609000 17.939000
6636.000000 127.000000 -5.923000 17.939000
6648.000000 127.000000 -6.237000 17.939000
6660.000000 127.000000 -6.551000 17.939000
6672.000000 127.000000 -6.865000 17.939000
6684.000000 127.000000 -7.179000 17.939000
6696.000000 127.000000 -7.493000 17.939000
6708.000000 127.000000 -7.807000 17.939000
6516.000000 9.000000 3.896000 18.624000
6528.000000 9.000000 3.796000 18.624000
6540.000000 9.000000 3.696000 18.624000
6552.000000 9.000000 3.554000 18.624000
6564.000000 9.000000 3.454000 18.624000
6576.000000 9.000000 3.354000 18.696000
6588.000000 9.000000 3.240000 18.696000
6600.000000 9.000000 3.111000 18.753000
6612.000000 9.000000 3.096000 18.624000
6624.000000 9.000000 2.996000 18.624000
6636.000000 9.000000 2.896000 18.624000
6648.000000 9.000000 2.796000 18.624000
6660.000000 9.000000 2.696000 18.624000
6672.000000 9.000000 2.596000 18.624000
6684.000000 9.000000 2.496000 18.624000
6696.000000 9.000000 2.396000 18.624000
6708.000000 9.000000 2.296000 18.624000
6720.000000 9.000000 2.196000 18.624000
6732.000000 9.000000 2.096000 18.624000
6744.000000 9.000000 1.996000 18.624000
6540.000000 135.000000 -3.225000 18.753000
6552.000000 135.000000 -3.511000 18.753000
6564.000000 135.000000 -3.796000 18.753000
6576.000000 135.000000 -4.110000 18.753000
6588.000000 135.000000 -4.381000 18.867000
6600.000000 135.000000 -4.667000 18.867000
6612.000000 135.000000 -4.981000 18.867000
6624.000000 135.000000 -5.280000 18.867000
6636.000000 135.000000 -5.513000 18.753000
6648.000000 135.000000 -5.799000 18.753000
6660.000000 135.000000 -6.085000 18.753000
6672.000000 135.000000 -6.371000 18.753000
6684.000000 135.000000 -6.657000 18.753000
6696.000000 135.000000 -6.943000 18.753000
6708.000000 135.000000 -7.229000 18.753000
6720.000000 135.000000 -7.515000 18.753000
6732.000000 135.000000 -7.801000 18.753000
6744.000000 135.000000 -8.087000 18.753000
6756.000000 135.000000 -8.373000 18.753000
6768.000000 135.000000 -8.659000 18.753000
6600.000000 158.000000 -6.579000 17.426000
6612.000000 158.000000 -6.965000 17.426000
6624.000000 158.000000 -7.364000 17.426000
6636.000000 158.000000 -7.764000 17.426000
6648.000000 158.000000 -8.178000 17.426000
6660.000000 158.000000 -8.549000 17.426000
6672.000000 158.000000 -8.948000 17.426000
6684.000000 158.000000 -10.276000 17.654000
6696.000000 158.000000 -9.667000 17.426000
6708.000000 158.000000 -10.053000 17.426000
6720.000000 158.000000 -10.439000 17.426000
6732.000000 158.000000 -10.825000 17.426000
6744.000000 158.000000 -11.211000 17.426000
6756.000000 158.000000 -11.597000 17.426000
6768.000000 158.000000 -11.983000 17.426000
6780.000000 158.000000 -12.369000 17.426000
6792.000000 158.000000 -12.755000 17.426000
6804.000000 158.000000 -13.141000 17.426000
6816.000000 158.000000 -13.527000 17.426000
6828.000000 158.000000 -13.913000 17.426000
6660.000000 129.000000 2.412000 19.680000
6672.000000 129.000000 1.299000 19.795000
6684.000000 129.000000 0.157000 20.023000
6696.000000 129.000000 -1.042000 20.251000
6708.000000 129.000000 -1.527000 20.251000
6720.000000 129.000000 -1.898000 20.137000
6732.000000 129.000000 -2.312000 20.137000
6744.000000 129.000000 -2.726000 20.023000
6756.000000 129.000000 -6.492000 20.600000
6768.000000 129.000000 -7.605000 20.715000
6780.000000 129.000000 -8.718000 20.830000
6792.000000 129.000000 -9.831000 20.945000
6804.000000 129.000000 -10.944000 21.060000
6816.000000 129.000000 -12.057000 21.175000
6828.000000 129.000000 -13.170000 21.290000
6840.000000 129.000000 -14.283000 21.405000
6852.000000 129.000000 -15.396000 21.520000
6864.000000 129.000000 -16.509000 21.635000
6876.000000 129.000000 -17.622000 21.750000
6888.000000 129.000000 -18.735000 21.865000
6720.000000 130.000000 -10.233000 18.111000
6732.000000 130.000000 -10.176000 17.996000
6744.000000 130.000000 -10.176000 17.882000
6756.000000 130.000000 -10.119000 17.768000
6768.000000 130.000000 -10.119000 17.654000
6780.000000 130.000000 -10.061000 17.654000
6792.000000 130.000000 -10.061000 17.540000
6804.000000 130.000000 -10.318000 17.540000
6816.000000 130.000000 -9.777000 17.191000
6828.000000 130.000000 -9.720000 17.076000
6840.000000 130.000000 -9.663000 16.961000
6852.000000 130.000000 -9.606000 16.846000
6864.000000 130.000000 -9.549000 16.731000
6876.000000 130.000000 -9.492000 16.616000
6888.000000 130.000000 -9.435000 16.501000
6900.000000 130.000000 -9.378000 16.386000
6912.000000 130.000000 -9.321000 16.271000
6924.000000 130.000000 -9.264000 16.156000
6936.000000 130.000000 -9.207000 16.041000
6948.000000 130.000000 -9.150000 15.926000
6756.000000 10.000000 3.625000 18.924000
6768.000000 10.000000 3.882000 18.924000
6780.000000 10.000000 4.139000 18.924000
6792.000000 10.000000 3.967000 18.924000
6804.000000 10.000000 3.711000 18.924000
6816.000000 10.000000 3.397000 18.924000
6828.000000 10.000000 3.140000 18.924000
6840.000000 10.000000 2.826000 18.810000
6852.000000 10.000000 5.681000 18.924000
6864.000000 10.000000 5.938000 18.924000
6876.000000 10.000000 6.195000 18.924000
6888.000000 10.000000 6.452000 18.924000
6900.000000 10.000000 6.709000 18.924000
6912.000000 10.000000 6.966000 18.924000
6924.000000 10.000000 7.223000 18.924000
6936.000000 10.000000 7.480000 18.924000
6948.000000 10.000000 7.737000 18.924000
6960.000000 10.000000 7.994000 18.924000
6972.000000 10.000000 8.251000 18.924000
6984.000000 10.000000 8.508000 18.924000
6780.000000 140.000000 -9.762000 18.981000
6792.000000 140.000000 -9.705000 18.981000
6804.000000 140.000000 -9.962000 18.867000
6816.000000 140.000000 -10.333000 18.867000
6828.000000 140.000000 -10.647000 18.867000
6840.000000 140.000000 -11.018000 18.753000
6852.000000 140.000000 -11.374000 18.753000
6864.000000 140.000000 -11.731000 18.639000
6876.000000 140.000000 -9.306000 18.981000
6888.000000 140.000000 -9.249000 18.981000
6900.000000 140.000000 -9.192000 18.981000
6912.000000 140.000000 -9.135000 18.981000
6924.000000 140.000000 -9.078000 18.981000
6936.000000 140.000000 -9.021000 18.981000
6948.000000 140.000000 -8.964000 18.981000
6960.000000 140.000000 -8.907000 18.981000
6972.000000 140.000000 -8.850000 18.981000
6984.000000 140.000000 -8.793000 18.981000
6996.000000 140.000000 -8.736000 18.981000
7008.000000 140.000000 -8.679000 18.981000
6840.000000 159.000000 -12.902000 17.083000
6852.000000 159.000000 -13.215000 17.083000
6864.000000 159.000000 -13.572000 17.083000
6876.000000 159.000000 -13.901000 17.083000
6888.000000 159.000000 -14.257000 17.083000
6900.000000 159.000000 -14.628000 17.083000
6912.000000 159.000000 -14.942000 17.083000
6924.000000 159.000000 -15.299000 17.083000
6936.000000 159.000000 -15.406000 17.083000
6948.000000 159.000000 -15.719000 17.083000
6960.000000 159.000000 -16.032000 17.083000
6972.000000 159.000000 -16.345000 17.083000
6984.000000 159.000000 -16.658000 17.083000
6996.000000 159.000000 -16.971000 17.083000
7008.000000 159.000000 -17.284000 17.083000
7020.000000 159.000000 -17.597000 17.083000
7032.000000 159.000000 -17.910000 17.083000
7044.000000 159.000000 -18.223000 17.083000
7056.000000 159.000000 -18.536000 17.083000
7068.000000 159.000000 -18.849000 17.083000
6996.000000 11.000000 -0.942000 18.567000
7008.000000 11.000000 -1.227000 18.510000
7020.000000 11.000000 -1.541000 18.510000
7032.000000 11.000000 -1.855000 18.510000
7044.000000 11.000000 -2.141000 18.567000
7056.000000 11.000000 -2.469000 18.567000
7068.000000 11.000000 -2.811000 18.624000
7080.000000 11.000000 -3.125000 18.624000
7092.000000 11.000000 -3.222000 18.111000
7104.000000 11.000000 -3.507000 18.054000
7116.000000 11.000000 -3.792000 17.997000
7128.000000 11.000000 -4.077000 17.940000
7140.000000 11.000000 -4.362000 17.883000
7152.000000 11.000000 -4.647000 17.826000
7164.000000 11.000000 -4.932000 17.769000
7176.000000 11.000000 -5.217000 17.712000
7188.000000 11.000000 -5.502000 17.655000
7200.000000 11.000000 -5.787000 17.598000
7212.000000 11.000000 -6.072000 17.541000
7224.000000 11.000000 -6.357000 17.484000
7140.000000 23.000000 15.713000 21.350000
7152.000000 23.000000 15.199000 21.008000
7164.000000 23.000000 14.671000 20.779000
7176.000000 23.000000 14.143000 20.437000
7188.000000 23.000000 13.672000 20.194000
7200.000000 23.000000 13.144000 19.966000
7212.000000 23.000000 12.630000 19.623000
7224.000000 23.000000 12.159000 19.381000
7236.000000 23.000000 11.601000 18.614000
7248.000000 23.000000 11.087000 18.272000
7260.000000 23.000000 10.573000 17.930000
7272.000000 23.000000 10.059000 17.588000
7284.000000 23.000000 9.545000 17.246000
7296.000000 23.000000 9.031000 16.904000
7308.000000 23.000000 8.517000 16.562000
7320.000000 23.000000 8.003000 16.220000
7332.000000 23.000000 7.489000 15.878000
7344.000000 23.000000 6.975000 15.536000
7356.000000 23.000000 6.461000 15.194000
7368.000000 23.000000 5.947000 14.852000
7236.000000 12.000000 -7.150000 18.924000
7248.000000 12.000000 -7.478000 18.924000
7260.000000 12.000000 -7.792000 18.924000
7272.000000 12.000000 -8.106000 18.981000
7284.000000 12.000000 -8.420000 18.981000
7296.000000 12.000000 -8.706000 19.038000
7308.000000 12.000000 -9.048000 19.038000
7320.000000 12.000000 -9.362000 19.038000
7332.000000 12.000000 -9.774000 18.924000
7344.000000 12.000000 -10.102000 18.924000
7356.000000 12.000000 -10.430000 18.924000
7368.000000 12.000000 -10.758000 18.924000
7380.000000 12.000000 -11.086000 18.924000
7392.000000 12.000000 -11.414000 18.924000
7404.000000 12.000000 -11.742000 18.924000
7416.000000 12.000000 -12.070000 18.924000
7428.000000 12.000000 -12.398000 18.924000
7440.000000 12.000000 -12.726000 18.924000
7452.000000 12.000000 -13.054000 18.924000
7464.000000 12.000000 -13.382000 18.924000
7380.000000 24.000000 4.082000 18.696000
7392.000000 24.000000 3.454000 18.696000
7404.000000 24.000000 2.783000 18.696000
7416.000000 24.000000 2.141000 18.696000
7428.000000 24.000000 1.513000 18.696000
7440.000000 24.000000 0.885000 18.696000
7452.000000 24.000000 0.214000 18.696000
7464.000000 24.000000 -0.414000 18.696000
7476.000000 24.000000 -0.942000 18.696000
7488.000000 24.000000 -1.570000 18.696000
7500.000000 24.000000 -2.198000 18.696000
7512.000000 24.000000 -2.826000 18.696000
7524.000000 24.000000 -3.454000 18.696000
7536.000000 24.000000 -4.082000 18.696000
7548.000000 24.000000 -4.710000 18.696000
7560.000000 24.000000 -5.338000 18.696000
7572.000000 24.000000 -5.966000 18.696000
7584.000000 24.000000 -6.594000 18.696000
7596.000000 24.000000 -7.222000 18.696000
7608.000000 24.000000 -7.850000 18.696000
7476.000000 13.000000 -13.401000 19.324000
7488.000000 13.000000 -13.715000 19.324000
7500.000000 13.000000 -13.744000 19.381000
7512.000000 13.000000 -14.257000 19.152000
7524.000000 13.000000 -14.728000 18.924000
7536.000000 13.000000 -15.256000 18.739000
7548.000000 13.000000 -15.656000 18.624000
7560.000000 13.000000 -16.013000 18.624000
7572.000000 13.000000 -15.913000 19.324000
7584.000000 13.000000 -16.227000 19.324000
7596.000000 13.000000 -16.541000 19.324000
7608.000000 13.000000 -16.855000 19.324000
7620.000000 13.000000 -17.169000 19.324000
7632.000000 13.000000 -17.483000 19.324000
7644.000000 13.000000 -17.797000 19.324000
7656.000000 13.000000 -18.111000 19.324000
7668.000000 13.000000 -18.425000 19.324000
7680.000000 13.000000 -18.739000 19.324000
7692.000000 13.000000 -19.053000 19.324000
7704.000000 13.000000 -19.367000 19.324000
7620.000000 38.000000 2.740000 38.576000
7632.000000 38.000000 3.054000 38.119000
7644.000000 38.000000 3.425000 37.891000
7656.000000 38.000000 3.768000 37.663000
7668.000000 38.000000 4.110000 37.377000
7680.000000 38.000000 4.481000 37.092000
7692.000000 38.000000 4.852000 36.863000
7704.000000 38.000000 5.209000 36.549000
7716.000000 38.000000 5.252000 34.920000
7728.000000 38.000000 5.566000 34.463000
7740.000000 38.000000 5.880000 34.006000
7752.000000 38.000000 6.194000 33.549000
7764.000000 38.000000 6.508000 33.092000
7776.000000 38.000000 6.822000 32.635000
7788.000000 38.000000 7.136000 32.178000
7800.000000 38.000000 7.450000 31.721000
7812.000000 38.000000 7.764000 31.264000
7824.000000 38.000000 8.078000 30.807000
7836.000000 38.000000 8.392000 30.350000
7848.000000 38.000000 8.706000 29.893000
7716.000000 14.000000 -19.752000 19.110000
7728.000000 14.000000 -19.809000 19.110000
7740.000000 14.000000 -19.837000 19.109000
7752.000000 14.000000 -19.827000 19.104000
7764.000000 14.000000 -19.818000 19.099000
7776.000000 14.000000 -19.809000 19.094000
7788.000000 14.000000 -19.800000 19.089000
7800.000000 14.000000 -19.791000 19.083000
7812.000000 14.000000 -20.208000 19.110000
7824.000000 14.000000 -20.265000 19.110000
7836.000000 14.000000 -20.322000 19.110000
7848.000000 14.000000 -20.379000 19.110000
7860.000000 14.000000 -20.436000 19.110000
7872.000000 14.000000 -20.493000 19.110000
7884.000000 14.000000 -20.550000 19.110000
7896.000000 14.000000 -20.607000 19.110000
7908.000000 14.000000 -20.664000 19.110000
7920.000000 14.000000 -20.721000 19.110000
7932.000000 14.000000 -20.778000 19.110000
7944.000000 14.000000 -20.835000 19.110000
7860.000000 39.000000 9.962000 34.951000
7872.000000 39.000000 10.318000 34.951000
7884.000000 39.000000 10.746000 34.951000
7896.000000 39.000000 11.160000 34.951000
7908.000000 39.000000 11.574000 34.951000
7920.000000 39.000000 12.002000 34.951000
7932.000000 39.000000 12.416000 34.837000
7944.000000 39.000000 12.787000 34.837000
7956.000000 39.000000 12.810000 34.951000
7968.000000 39.000000 13.166000 34.951000
7980.000000 39.000000 13.522000 34.951000
7992.000000 39.000000 13.878000 34.951000
8004.000000 39.000000 14.234000 34.951000
8016.000000 39.000000 14.590000 34.951000
8028.000000 39.000000 14.946000 34.951000
8040.000000 39.000000 15.302000 34.951000
8052.000000 39.000000 15.658000 34.951000
8064.000000 39.000000 16.014000 34.951000
8076.000000 39.000000 16.370000 34.951000
8088.000000 39.000000 16.726000 34.951000
7956.000000 15.000000 -19.672000 19.016000
7968.000000 15.000000 -19.663000 19.011000
7980.000000 15.000000 -19.654000 19.005000
7992.000000 15.000000 -19.645000 19.000000
8004.000000 15.000000 -19.636000 18.995000
8016.000000 15.000000 -19.627000 18.990000
8028.000000 15.000000 -19.617000 18.985000
8040.000000 15.000000 -19.608000 18.980000
8052.000000 15.000000 -19.600000 18.976000
8064.000000 15.000000 -19.591000 18.971000
8076.000000 15.000000 -19.582000 18.966000
8088.000000 15.000000 -19.573000 18.961000
8100.000000 15.000000 -19.564000 18.956000
8112.000000 15.000000 -19.555000 18.951000
8124.000000 15.000000 -19.546000 18.946000
8136.000000 15.000000 -19.537000 18.941000
8148.000000 15.000000 -19.528000 18.936000
8160.000000 15.000000 -19.519000 18.931000
8172.000000 15.000000 -19.510000 18.926000
8184.000000 15.000000 -19.501000 18.921000
8004.000000 37.000000 11.003000 35.750000
8016.000000 37.000000 11.317000 35.750000
8028.000000 37.000000 11.631000 35.750000
8040.000000 37.000000 11.945000 35.636000
8052.000000 37.000000 12.202000 35.522000
8064.000000 37.000000 12.673000 35.522000
8076.000000 37.000000 13.158000 35.522000
8088.000000 37.000000 13.315000 35.522000
8100.000000 37.000000 13.515000 35.750000
8112.000000 37.000000 13.829000 35.750000
8124.000000 37.000000 14.143000 35.750000
8136.000000 37.000000 14.457000 35.750000
8148.000000 37.000000 14.771000 35.750000
8160.000000 37.000000 15.085000 35.750000
8172.000000 37.000000 15.399000 35.750000
8184.000000 37.000000 15.713000 35.750000
8196.000000 37.000000 16.027000 35.750000
8208.000000 37.000000 16.341000 35.750000
8220.000000 37.000000 16.655000 35.750000
8232.000000 37.000000 16.969000 35.750000
8052.000000 81.000000 16.555000 6.379000
8064.000000 81.000000 15.984000 6.379000
8076.000000 81.000000 15.413000 6.379000
8088.000000 81.000000 14.828000 6.379000
8100.000000 81.000000 14.243000 6.379000
8112.000000 81.000000 13.672000 6.379000
8124.000000 81.000000 13.101000 6.379000
8136.000000 81.000000 12.530000 6.379000
8148.000000 81.000000 11.987000 6.379000
8160.000000 81.000000 11.416000 6.379000
8172.000000 81.000000 10.845000 6.379000
8184.000000 81.000000 10.274000 6.379000
8196.000000 81.000000 9.703000 6.379000
8208.000000 81.000000 9.132000 6.379000
8220.000000 81.000000 8.561000 6.379000
8232.000000 81.000000 7.990000 6.379000
8244.000000 81.000000 7.419000 6.379000
8256.000000 81.000000 6.848000 6.379000
8268.000000 81.000000 6.277000 6.379000
8280.000000 81.000000 5.706000 6.379000
8196.000000 16.000000 -19.489000 18.912000
8208.000000 16.000000 -19.480000 18.907000
8220.000000 16.000000 -19.471000 18.902000
8232.000000 16.000000 -19.462000 18.897000
8244.000000 16.000000 -19.453000 18.892000
8256.000000 16.000000 -19.444000 18.886000
8268.000000 16.000000 -19.434000 18.881000
8280.000000 16.000000 -19.425000 18.876000
8292.000000 16.000000 -19.417000 18.872000
8304.000000 16.000000 -19.408000 18.867000
8316.000000 16.000000 -19.399000 18.862000
8328.000000 16.000000 -19.390000 18.857000
8340.000000 16.000000 -19.381000 18.852000
8352.000000 16.000000 -19.372000 18.847000
8364.000000 16.000000 -19.363000 18.842000
8376.000000 16.000000 -19.354000 18.837000
8388.000000 16.000000 -19.345000 18.832000
8400.000000 16.000000 -19.336000 18.827000
8412.000000 16.000000 -19.327000 18.822000
8424.000000 16.000000 -19.318000 18.817000
8292.000000 82.000000 4.767000 6.265000
8304.000000 82.000000 4.139000 6.265000
8316.000000 82.000000 3.511000 6.265000
8328.000000 82.000000 2.883000 6.265000
8340.000000 82.000000 2.312000 6.265000
8352.000000 82.000000 1.727000 6.265000
8364.000000 82.000000 1.142000 6.265000
8376.000000 82.000000 0.628000 6.379000
8388.000000 82.000000 -0.257000 6.265000
8400.000000 82.000000 -0.885000 6.265000
8412.000000 82.000000 -1.513000 6.265000
8424.000000 82.000000 -2.141000 6.265000
8436.000000 82.000000 -2.769000 6.265000
8448.000000 82.000000 -3.397000 6.265000
8460.000000 82.000000 -4.025000 6.265000
8472.000000 82.000000 -4.653000 6.265000
8484.000000 82.000000 -5.281000 6.265000
8496.000000 82.000000 -5.909000 6.265000
8508.000000 82.000000 -6.537000 6.265000
8520.000000 82.000000 -7.165000 6.265000
8436.000000 17.000000 -12.074000 19.224000
8448.000000 17.000000 -11.446000 19.224000
8460.000000 17.000000 -10.818000 19.224000
8472.000000 17.000000 -10.190000 19.224000
8484.000000 17.000000 -9.562000 19.224000
8496.000000 17.000000 -8.934000 19.224000
8508.000000 17.000000 -8.363000 19.053000
8520.000000 17.000000 -7.749000 18.867000
8532.000000 17.000000 -7.050000 19.224000
8544.000000 17.000000 -6.422000 19.224000
8556.000000 17.000000 -5.794000 19.224000
8568.000000 17.000000 -5.166000 19.224000
8580.000000 17.000000 -4.538000 19.224000
8592.000000 17.000000 -3.910000 19.224000
8604.000000 17.000000 -3.282000 19.224000
8616.000000 17.000000 -2.654000 19.224000
8628.000000 17.000000 -2.026000 19.224000
8640.000000 17.000000 -1.398000 19.224000
8652.000000 17.000000 -0.770000 19.224000
8664.000000 17.000000 -0.142000 19.224000
8532.000000 83.000000 -7.179000 6.551000
8544.000000 83.000000 -7.807000 6.322000
8556.000000 83.000000 -8.377000 5.980000
8568.000000 83.000000 -9.005000 5.923000
8580.000000 83.000000 -9.662000 5.980000
8592.000000 83.000000 -10.304000 6.037000
8604.000000 83.000000 -10.961000 6.094000
8616.000000 83.000000 -11.589000 6.037000
8628.000000 83.000000 -12.203000 4.719000
8640.000000 83.000000 -12.831000 4.490000
8652.000000 83.000000 -13.459000 4.261000
8664.000000 83.000000 -14.087000 4.032000
8676.000000 83.000000 -14.715000 3.803000
8688.000000 83.000000 -15.343000 3.574000
8700.000000 83.000000 -15.971000 3.345000
8712.000000 83.000000 -16.599000 3.116000
8724.000000 83.000000 -17.227000 2.887000
8736.000000 83.000000 -17.855000 2.658000
8748.000000 83.000000 -18.483000 2.429000
8760.000000 83.000000 -19.111000 2.200000
8676.000000 18.000000 0.271000 18.339000
8688.000000 18.000000 0.842000 18.339000
8700.000000 18.000000 1.470000 18.225000
8712.000000 18.000000 2.098000 18.225000
8724.000000 18.000000 2.669000 18.225000
8736.000000 18.000000 3.297000 18.339000
8748.000000 18.000000 3.868000 18.453000
8760.000000 18.000000 4.453000 18.567000
8772.000000 18.000000 4.839000 18.339000
8784.000000 18.000000 5.410000 18.339000
8796.000000 18.000000 5.981000 18.339000
8808.000000 18.000000 6.552000 18.339000
8820.000000 18.000000 7.123000 18.339000
8832.000000 18.000000 7.694000 18.339000
8844.000000 18.000000 8.265000 18.339000
8856.000000 18.000000 8.836000 18.339000
8868.000000 18.000000 9.407000 18.339000
8880.000000 18.000000 9.978000 18.339000
8892.000000 18.000000 10.549000 18.339000
8904.000000 18.000000 11.120000 18.339000
8820.000000 2.000000 16.113000 23.719000
8832.000000 2.000000 16.041000 22.906000
8844.000000 2.000000 15.956000 22.107000
8856.000000 2.000000 15.899000 21.365000
8868.000000 2.000000 15.827000 20.537000
8880.000000 2.000000 15.770000 19.852000
8892.000000 2.000000 15.456000 19.167000
8904.000000 2.000000 15.142000 18.453000
8916.000000 2.000000 15.537000 17.215000
8928.000000 2.000000 15.465000 16.402000
8940.000000 2.000000 15.393000 15.589000
8952.000000 2.000000 15.321000 14.776000
8964.000000 2.000000 15.249000 13.963000
8976.000000 2.000000 15.177000 13.150000
8988.000000 2.000000 15.105000 12.337000
9000.000000 2.000000 15.033000 11.524000
9012.000000 2.000000 14.961000 10.711000
9024.000000 2.000000 14.889000 9.898000
9036.000000 2.000000 14.817000 9.085000
9048.000000 2.000000 14.745000 8.272000
9060.000000 3.000000 11.060000 10.946000
9072.000000 3.000000 10.433000 10.375000
9084.000000 3.000000 9.862000 9.904000
9096.000000 3.000000 9.248000 9.319000
9108.000000 3.000000 8.663000 8.748000
9120.000000 3.000000 8.035000 8.178000
9132.000000 3.000000 10.147000 10.133000
9144.000000 3.000000 7.022000 7.407000
9156.000000 3.000000 6.044000 6.378000
9168.000000 3.000000 5.417000 5.807000
9180.000000 3.000000 4.790000 5.236000
9192.000000 3.000000 4.163000 4.665000
9204.000000 3.000000 3.536000 4.094000
9216.000000 3.000000 2.909000 3.523000
9228.000000 3.000000 2.282000 2.952000
9240.000000 3.000000 1.655000 2.381000
9252.000000 3.000000 1.028000 1.810000
9264.000000 3.000000 0.401000 1.239000
9276.000000 3.000000 -0.226000 0.668000
9288.000000 3.000000 -0.853000 0.097000
9108.000000 19.000000 14.971000 7.350000
9120.000000 19.000000 14.172000 7.122000
9132.000000 19.000000 13.430000 7.007000
9144.000000 19.000000 12.802000 6.893000
9156.000000 19.000000 12.174000 6.665000
9168.000000 19.000000 11.603000 6.551000
9180.000000 19.000000 11.089000 6.436000
9192.000000 19.000000 10.547000 6.322000
9204.000000 19.000000 8.579000 5.526000
9216.000000 19.000000 7.780000 5.298000
9228.000000 19.000000 6.981000 5.070000
9240.000000 19.000000 6.182000 4.842000
9252.000000 19.000000 5.383000 4.614000
9264.000000 19.000000 4.584000 4.386000
9276.000000 19.000000 3.785000 4.158000
9288.000000 19.000000 2.986000 3.930000
9300.000000 19.000000 2.187000 3.702000
9312.000000 19.000000 1.388000 3.474000
9324.000000 19.000000 0.589000 3.246000
9336.000000 19.000000 -0.210000 3.018000
9300.000000 4.000000 0.842000 -1.727000
9312.000000 4.000000 0.842000 -1.727000
9324.000000 4.000000 0.842000 -1.727000
9336.000000 4.000000 0.842000 -1.727000
9348.000000 4.000000 0.842000 -1.727000
9360.000000 4.000000 0.842000 -1.727000
9372.000000 4.000000 0.842000 -1.727000
9384.000000 4.000000 0.842000 -1.727000
9396.000000 4.000000 0.842000 -1.727000
9408.000000 4.000000 0.842000 -1.727000
9420.000000 4.000000 0.842000 -1.727000
9432.000000 4.000000 0.842000 -1.727000
9444.000000 4.000000 0.842000 -1.727000
9456.000000 4.000000 0.842000 -1.727000
9468.000000 4.000000 0.842000 -1.727000
9480.000000 4.000000 0.842000 -1.727000
9492.000000 4.000000 0.842000 -1.727000
9504.000000 4.000000 0.842000 -1.727000
9516.000000 4.000000 0.842000 -1.727000
9528.000000 4.000000 0.842000 -1.727000
9456.000000 27.000000 -18.867000 18.054000
9468.000000 27.000000 -18.239000 18.111000
9480.000000 27.000000 -17.611000 18.225000
9492.000000 27.000000 -17.083000 18.168000
9504.000000 27.000000 -16.569000 18.054000
9516.000000 27.000000 -16.041000 17.939000
9528.000000 27.000000 -15.513000 17.768000
9540.000000 27.000000 -14.957000 17.711000
9552.000000 27.000000 -13.843000 18.510000
9564.000000 27.000000 -13.215000 18.567000
9576.000000 27.000000 -12.587000 18.624000
9588.000000 27.000000 -11.959000 18.681000
9600.000000 27.000000 -11.331000 18.738000
9612.000000 27.000000 -10.703000 18.795000
9624.000000 27.000000 -10.075000 18.852000
9636.000000 27.000000 -9.447000 18.909000
9648.000000 27.000000 -8.819000 18.966000
9660.000000 27.000000 -8.191000 19.023000
9672.000000 27.000000 -7.563000 19.080000
9684.000000 27.000000 -6.935000 19.137000
9456.000000 111.000000 -18.353000 17.197000
9468.000000 111.000000 -17.754000 17.197000
9480.000000 111.000000 -17.183000 17.197000
9492.000000 111.000000 -16.612000 17.083000
9504.000000 111.000000 -16.141000 16.840000
9516.000000 111.000000 -15.727000 16.840000
9528.000000 111.000000 -15.342000 16.726000
9540.000000 111.000000 -14.800000 16.840000
9552.000000 111.000000 -13.561000 17.197000
9564.000000 111.000000 -12.962000 17.197000
9576.000000 111.000000 -12.363000 17.197000
9588.000000 111.000000 -11.764000 17.197000
9600.000000 111.000000 -11.165000 17.197000
9612.000000 111.000000 -10.566000 17.197000
9624.000000 111.000000 -9.967000 17.197000
9636.000000 111.000000 -9.368000 17.197000
9648.000000 111.000000 -8.769000 17.197000
9660.000000 111.000000 -8.170000 17.197000
9672.000000 111.000000 -7.571000 17.197000
9684.000000 111.000000 -6.972000 17.197000
9696.000000 28.000000 -7.592000 17.996000
9708.000000 28.000000 -7.136000 17.996000
9720.000000 28.000000 -6.708000 17.996000
9732.000000 28.000000 -6.251000 18.111000
9744.000000 28.000000 -5.709000 18.111000
9756.000000 28.000000 -5.195000 18.111000
9768.000000 28.000000 -4.710000 18.111000
9780.000000 28.000000 -4.196000 18.111000
9792.000000 28.000000 -3.944000 17.996000
9804.000000 28.000000 -3.488000 17.996000
9816.000000 28.000000 -3.032000 17.996000
9828.000000 28.000000 -2.576000 17.996000
9840.000000 28.000000 -2.120000 17.996000
9852.000000 28.000000 -1.664000 17.996000
9864.000000 28.000000 -1.208000 17.996000
9876.000000 28.000000 -0.752000 17.996000
9888.000000 28.000000 -0.296000 17.996000
9900.000000 28.000000 0.160000 17.996000
9912.000000 28.000000 0.616000 17.996000
9924.000000 28.000000 1.072000 17.996000
9696.000000 112.000000 -7.407000 16.969000
9708.000000 112.000000 -6.950000 16.840000
9720.000000 112.000000 -6.522000 16.840000
9732.000000 112.000000 -6.108000 16.840000
9744.000000 112.000000 -5.751000 16.969000
9756.000000 112.000000 -5.380000 16.969000
9768.000000 112.000000 -4.895000 17.083000
9780.000000 112.000000 -4.324000 17.083000
9792.000000 112.000000 -3.751000 15.937000
9804.000000 112.000000 -3.294000 15.808000
9816.000000 112.000000 -2.837000 15.679000
9828.000000 112.000000 -2.380000 15.550000
9840.000000 112.000000 -1.923000 15.421000
9852.000000 112.000000 -1.466000 15.292000
9864.000000 112.000000 -1.009000 15.163000
9876.000000 112.000000 -0.552000 15.034000
9888.000000 112.000000 -0.095000 14.905000
9900.000000 112.000000 0.362000 14.776000
9912.000000 112.000000 0.819000 14.647000
9924.000000 112.000000 1.276000 14.518000
9936.000000 29.000000 3.083000 18.111000
9948.000000 29.000000 3.397000 18.111000
9960.000000 29.000000 3.654000 18.111000
9972.000000 29.000000 4.139000 18.111000
9984.000000 29.000000 4.710000 18.111000
9996.000000 29.000000 5.338000 18.111000
10008.000000 29.000000 5.837000 17.939000
10020.000000 29.000000 6.294000 17.882000
10032.000000 29.000000 5.595000 18.111000
10044.000000 29.000000 5.909000 18.111000
10056.000000 29.000000 6.223000 18.111000
10068.000000 29.000000 6.537000 18.111000
10080.000000 29.000000 6.851000 18.111000
10092.000000 29.000000 7.165000 18.111000
10104.000000 29.000000 7.479000 18.111000
10116.000000 29.000000 7.793000 18.111000
10128.000000 29.000000 8.107000 18.111000
10140.000000 29.000000 8.421000 18.111000
10152.000000 29.000000 8.735000 18.111000
10164.000000 29.000000 9.049000 18.111000
9936.000000 113.000000 3.354000 17.197000
9948.000000 113.000000 3.668000 17.197000
9960.000000 113.000000 3.925000 17.197000
9972.000000 113.000000 4.353000 16.969000
9984.000000 113.000000 4.810000 16.840000
9996.000000 113.000000 5.181000 16.726000
10008.000000 113.000000 5.580000 16.726000
10020.000000 113.000000 6.194000 16.840000
10032.000000 113.000000 5.866000 17.197000
10044.000000 113.000000 6.180000 17.197000
10056.000000 113.000000 6.494000 17.197000
10068.000000 113.000000 6.808000 17.197000
10080.000000 113.000000 7.122000 17.197000
10092.000000 113.000000 7.436000 17.197000
10104.000000 113.000000 7.750000 17.197000
10116.000000 113.000000 8.064000 17.197000
10128.000000 113.000000 8.378000 17.197000
10140.000000 113.000000 8.692000 17.197000
10152.000000 113.000000 9.006000 17.197000
10164.000000 113.000000 9.320000 17.197000
10308.000000 144.000000 -20.180000 19.252000
10320.000000 144.000000 -19.837000 18.339000
10332.000000 144.000000 -19.566000 18.396000
10344.000000 144.000000 -19.295000 18.510000
10356.000000 144.000000 -18.838000 18.739000
10368.000000 144.000000 -18.325000 18.739000
10380.000000 144.000000 -17.740000 18.739000
10392.000000 144.000000 -17.169000 18.739000
10404.000000 144.000000 -17.436000 11.948000
10416.000000 144.000000 -17.093000 11.035000
10428.000000 144.000000 -16.750000 10.122000
10440.000000 144.000000 -16.407000 9.209000
10452.000000 144.000000 -16.064000 8.296000
10464.000000 144.000000 -15.721000 7.383000
10476.000000 144.000000 -15.378000 6.470000
10488.000000 144.000000 -15.035000 5.557000
10500.000000 144.000000 -14.692000 4.644000
10512.000000 144.000000 -14.349000 3.731000
10524.000000 144.000000 -14.006000 2.818000
10536.000000 144.000000 -13.663000 1.905000
10452.000000 75.000000 -20.094000 18.054000
10464.000000 75.000000 -19.880000 18.168000
10476.000000 75.000000 -19.595000 18.111000
10488.000000 75.000000 -19.181000 18.054000
10500.000000 75.000000 -18.582000 18.054000
10512.000000 75.000000 -18.068000 17.996000
10524.000000 75.000000 -17.483000 18.054000
10536.000000 75.000000 -16.912000 18.111000
10548.000000 75.000000 -18.382000 18.966000
10560.000000 75.000000 -18.168000 19.080000
10572.000000 75.000000 -17.954000 19.194000
10584.000000 75.000000 -17.740000 19.308000
10596.000000 75.000000 -17.526000 19.422000
10608.000000 75.000000 -17.312000 19.536000
10620.000000 75.000000 -17.098000 19.650000
10632.000000 75.000000 -16.884000 19.764000
10644.000000 75.000000 -16.670000 19.878000
10656.000000 75.000000 -16.456000 19.992000
10668.000000 75.000000 -16.242000 20.106000
10680.000000 75.000000 -16.028000 20.220000
10548.000000 145.000000 -9.933000 17.825000
10560.000000 145.000000 -9.462000 17.711000
10572.000000 145.000000 -8.963000 17.597000
10584.000000 145.000000 -8.520000 17.311000
10596.000000 145.000000 -8.106000 16.840000
10608.000000 145.000000 -7.735000 16.270000
10620.000000 145.000000 -7.307000 15.799000
10632.000000 145.000000 -6.936000 15.342000
10644.000000 145.000000 -6.165000 16.913000
10656.000000 145.000000 -5.694000 16.799000
10668.000000 145.000000 -5.223000 16.685000
10680.000000 145.000000 -4.752000 16.571000
10692.000000 145.000000 -4.281000 16.457000
10704.000000 145.000000 -3.810000 16.343000
10716.000000 145.000000 -3.339000 16.229000
10728.000000 145.000000 -2.868000 16.115000
10740.000000 145.000000 -2.397000 16.001000
10752.000000 145.000000 -1.926000 15.887000
10764.000000 145.000000 -1.455000 15.773000
10776.000000 145.000000 -0.984000 15.659000
10692.000000 76.000000 -9.676000 18.168000
10704.000000 76.000000 -9.091000 18.168000
10716.000000 76.000000 -8.520000 18.054000
10728.000000 76.000000 -7.935000 17.939000
10740.000000 76.000000 -7.364000 17.825000
10752.000000 76.000000 -6.836000 17.711000
10764.000000 76.000000 -6.265000 17.711000
10776.000000 76.000000 -5.737000 17.711000
10788.000000 76.000000 -4.996000 18.168000
10800.000000 76.000000 -4.411000 18.168000
10812.000000 76.000000 -3.826000 18.168000
10824.000000 76.000000 -3.241000 18.168000
10836.000000 76.000000 -2.656000 18.168000
10848.000000 76.000000 -2.071000 18.168000
10860.000000 76.000000 -1.486000 18.168000
10872.000000 76.000000 -0.901000 18.168000
10884.000000 76.000000 -0.316000 18.168000
10896.000000 76.000000 0.269000 18.168000
10908.000000 76.000000 0.854000 18.168000
10920.000000 76.000000 1.439000 18.168000
10788.000000 146.000000 -2.655000 8.977000
10800.000000 146.000000 -2.226000 8.520000
10812.000000 146.000000 -1.798000 8.049000
10824.000000 146.000000 -1.342000 7.707000
10836.000000 146.000000 -0.813000 7.592000
10848.000000 146.000000 -0.228000 7.364000
10860.000000 146.000000 0.285000 7.236000
10872.000000 146.000000 0.856000 7.122000
10884.000000 146.000000 0.777000 5.321000
10896.000000 146.000000 1.206000 4.864000
10908.000000 146.000000 1.635000 4.407000
10920.000000 146.000000 2.064000 3.950000
10932.000000 146.000000 2.493000 3.493000
10944.000000 146.000000 2.922000 3.036000
10956.000000 146.000000 3.351000 2.579000
10968.000000 146.000000 3.780000 2.122000
10980.000000 146.000000 4.209000 1.665000
10992.000000 146.000000 4.638000 1.208000
11004.000000 146.000000 5.067000 0.751000
11016.000000 146.000000 5.496000 0.294000
10932.000000 77.000000 1.912000 18.282000
10944.000000 77.000000 2.483000 18.282000
10956.000000 77.000000 3.068000 18.168000
10968.000000 77.000000 3.582000 18.054000
10980.000000 77.000000 4.167000 18.054000
10992.000000 77.000000 4.738000 17.939000
11004.000000 77.000000 5.338000 17.882000
11016.000000 77.000000 5.980000 17.825000
11028.000000 77.000000 6.480000 18.282000
11040.000000 77.000000 7.051000 18.282000
11052.000000 77.000000 7.622000 18.282000
11064.000000 77.000000 8.193000 18.282000
11076.000000 77.000000 8.764000 18.282000
11088.000000 77.000000 9.335000 18.282000
11100.000000 77.000000 9.906000 18.282000
11112.000000 77.000000 10.477000 18.282000
11124.000000 77.000000 11.048000 18.282000
11136.000000 77.000000 11.619000 18.282000
11148.000000 77.000000 12.190000 18.282000
11160.000000 77.000000 12.761000 18.282000
12072.000000 166.000000 16.427000 4.981000
12084.000000 166.000000 15.856000 4.981000
12096.000000 166.000000 15.328000 5.095000
12108.000000 166.000000 14.800000 5.095000
12120.000000 166.000000 14.229000 5.209000
12132.000000 166.000000 13.715000 5.209000
12144.000000 166.000000 13.116000 5.338000
12156.000000 166.000000 12.602000 5.338000
12168.000000 166.000000 11.859000 4.981000
12180.000000 166.000000 11.288000 4.981000
12192.000000 166.000000 10.717000 4.981000
12204.000000 166.000000 10.146000 4.981000
12216.000000 166.000000 9.575000 4.981000
12228.000000 166.000000 9.004000 4.981000
12240.000000 166.000000 8.433000 4.981000
12252.000000 166.000000 7.862000 4.981000
12264.000000 166.000000 7.291000 4.981000
12276.000000 166.000000 6.720000 4.981000
12288.000000 166.000000 6.149000 4.981000
12300.000000 166.000000 5.578000 4.981000
12312.000000 168.000000 3.211000 5.095000
12324.000000 168.000000 2.440000 5.095000
12336.000000 168.000000 1.641000 5.095000
12348.000000 168.000000 0.871000 5.095000
12360.000000 168.000000 0.071000 5.095000
12372.000000 168.000000 -0.699000 5.095000
12384.000000 168.000000 -1.499000 5.095000
12396.000000 168.000000 -2.269000 5.095000
12408.000000 168.000000 -2.957000 5.095000
12420.000000 168.000000 -3.728000 5.095000
12432.000000 168.000000 -4.499000 5.095000
12444.000000 168.000000 -5.270000 5.095000
12456.000000 168.000000 -6.041000 5.095000
12468.000000 168.000000 -6.812000 5.095000
12480.000000 168.000000 -7.583000 5.095000
12492.000000 168.000000 -8.354000 5.095000
12504.000000 168.000000 -9.125000 5.095000
12516.000000 168.000000 -9.896000 5.095000
12528.000000 168.000000 -10.667000 5.095000
12540.000000 168.000000 -11.438000 5.095000
12360.000000 121.000000 -19.495000 6.608000
12372.000000 121.000000 -19.081000 6.722000
12384.000000 121.000000 -18.610000 6.836000
12396.000000 121.000000 -18.139000 7.079000
12408.000000 121.000000 -17.711000 7.193000
12420.000000 121.000000 -17.254000 7.307000
12432.000000 121.000000 -16.769000 7.535000
12444.000000 121.000000 -16.255000 7.535000
12456.000000 121.000000 -16.183000 7.520000
12468.000000 121.000000 -15.769000 7.634000
12480.000000 121.000000 -15.355000 7.748000
12492.000000 121.000000 -14.941000 7.862000
12504.000000 121.000000 -14.527000 7.976000
12516.000000 121.000000 -14.113000 8.090000
12528.000000 121.000000 -13.699000 8.204000
12540.000000 121.000000 -13.285000 8.318000
12552.000000 121.000000 -12.871000 8.432000
12564.000000 121.000000 -12.457000 8.546000
12576.000000 121.000000 -12.043000 8.660000
12588.000000 121.000000 -11.629000 8.774000
12480.000000 45.000000 16.598000 6.950000
12492.000000 45.000000 16.369000 7.407000
12504.000000 45.000000 16.113000 7.992000
12516.000000 45.000000 15.799000 8.463000
12528.000000 45.000000 15.428000 8.920000
12540.000000 45.000000 15.085000 9.376000
12552.000000 45.000000 14.743000 9.847000
12564.000000 45.000000 14.371000 10.304000
12576.000000 45.000000 14.766000 10.606000
12588.000000 45.000000 14.537000 11.063000
12600.000000 45.000000 14.308000 11.520000
12612.000000 45.000000 14.079000 11.977000
12624.000000 45.000000 13.850000 12.434000
12636.000000 45.000000 13.621000 12.891000
12648.000000 45.000000 13.392000 13.348000
12660.000000 45.000000 13.163000 13.805000
12672.000000 45.000000 12.934000 14.262000
12684.000000 45.000000 12.705000 14.719000
12696.000000 45.000000 12.476000 15.176000
12708.000000 45.000000 12.247000 15.633000
12600.000000 122.000000 -6.750000 7.179000
12612.000000 122.000000 -5.809000 7.179000
12624.000000 122.000000 -4.867000 7.179000
12636.000000 122.000000 -4.096000 7.179000
12648.000000 122.000000 -3.468000 7.179000
12660.000000 122.000000 -2.840000 7.236000
12672.000000 122.000000 -2.212000 7.236000
12684.000000 122.000000 -1.627000 7.236000
12696.000000 122.000000 0.778000 7.179000
12708.000000 122.000000 1.719000 7.179000
12720.000000 122.000000 2.660000 7.179000
12732.000000 122.000000 3.601000 7.179000
12744.000000 122.000000 4.542000 7.179000
12756.000000 122.000000 5.483000 7.179000
12768.000000 122.000000 6.424000 7.179000
12780.000000 122.000000 7.365000 7.179000
12792.000000 122.000000 8.306000 7.179000
12804.000000 122.000000 9.247000 7.179000
12816.000000 122.000000 10.188000 7.179000
12828.000000 122.000000 11.129000 7.179000
12720.000000 46.000000 9.462000 16.270000
12732.000000 46.000000 8.991000 16.726000
12744.000000 46.000000 8.534000 17.197000
12756.000000 46.000000 8.121000 17.540000
12768.000000 46.000000 7.807000 17.768000
12780.000000 46.000000 7.493000 18.111000
12792.000000 46.000000 7.122000 18.339000
12804.000000 46.000000 6.808000 18.582000
12816.000000 46.000000 5.694000 19.918000
12828.000000 46.000000 5.223000 20.374000
12840.000000 46.000000 4.752000 20.830000
12852.000000 46.000000 4.281000 21.286000
12864.000000 46.000000 3.810000 21.742000
12876.000000 46.000000 3.339000 22.198000
12888.000000 46.000000 2.868000 22.654000
12900.000000 46.000000 2.397000 23.110000
12912.000000 46.000000 1.926000 23.566000
12924.000000 46.000000 1.455000 24.022000
12936.000000 46.000000 0.984000 24.478000
12948.000000 46.000000 0.513000 24.934000
12840.000000 123.000000 5.809000 6.665000
12852.000000 123.000000 6.379000 6.665000
12864.000000 123.000000 6.979000 6.665000
12876.000000 123.000000 7.550000 6.665000
12888.000000 123.000000 8.178000 6.665000
12900.000000 123.000000 8.748000 6.665000
12912.000000 123.000000 9.319000 6.665000
12924.000000 123.000000 9.890000 6.665000
12936.000000 123.000000 10.369000 6.665000
12948.000000 123.000000 10.939000 6.665000
12960.000000 123.000000 11.509000 6.665000
12972.000000 123.000000 12.079000 6.665000
12984.000000 123.000000 12.649000 6.665000
12996.000000 123.000000 13.219000 6.665000
13008.000000 123.000000 13.789000 6.665000
13020.000000 123.000000 14.359000 6.665000
13032.000000 123.000000 14.929000 6.665000
13044.000000 123.000000 15.499000 6.665000
13056.000000 123.000000 16.069000 6.665000
13068.000000 123.000000 16.639000 6.665000
12960.000000 47.000000 -0.457000 19.395000
12972.000000 47.000000 -1.028000 19.509000
12984.000000 47.000000 -1.627000 19.509000
12996.000000 47.000000 -2.198000 19.509000
13008.000000 47.000000 -2.797000 19.566000
13020.000000 47.000000 -3.468000 19.680000
13032.000000 47.000000 -4.124000 19.738000
13044.000000 47.000000 -4.767000 19.795000
13056.000000 47.000000 -5.025000 20.307000
13068.000000 47.000000 -5.596000 20.421000
13080.000000 47.000000 -6.167000 20.535000
13092.000000 47.000000 -6.738000 20.649000
13104.000000 47.000000 -7.309000 20.763000
13116.000000 47.000000 -7.880000 20.877000
13128.000000 47.000000 -8.451000 20.991000
13140.000000 47.000000 -9.022000 21.105000
13152.000000 47.000000 -9.593000 21.219000
13164.000000 47.000000 -10.164000 21.333000
13176.000000 47.000000 -10.735000 21.447000
13188.000000 47.000000 -11.306000 21.561000
13068.000000 167.000000 -19.466000 18.168000
13080.000000 167.000000 -17.797000 18.168000
13092.000000 167.000000 -16.070000 18.168000
13104.000000 167.000000 -14.386000 18.168000
13116.000000 167.000000 -12.659000 18.168000
13128.000000 167.000000 -10.932000 18.168000
13140.000000 167.000000 -9.305000 18.054000
13152.000000 167.000000 -7.778000 18.054000
13164.000000 167.000000 -6.114000 18.168000
13176.000000 167.000000 -4.445000 18.168000
13188.000000 167.000000 -2.776000 18.168000
13200.000000 167.000000 -1.107000 18.168000
13212.000000 167.000000 0.562000 18.168000
13224.000000 167.000000 2.231000 18.168000
13236.000000 167.000000 3.900000 18.168000
13248.000000 167.000000 5.569000 18.168000
13260.000000 167.000000 7.238000 18.168000
13272.000000 167.000000 8.907000 18.168000
13284.000000 167.000000 10.576000 18.168000
13296.000000 167.000000 12.245000 18.168000
13188.000000 51.000000 16.840000 31.826000
13200.000000 51.000000 16.798000 31.826000
13212.000000 51.000000 16.741000 31.826000
13224.000000 51.000000 16.641000 31.826000
13236.000000 51.000000 16.584000 31.826000
13248.000000 51.000000 16.526000 31.826000
13260.000000 51.000000 16.526000 31.940000
13272.000000 51.000000 16.526000 31.940000
13284.000000 51.000000 16.504000 31.826000
13296.000000 51.000000 16.462000 31.826000
13308.000000 51.000000 16.420000 31.826000
13320.000000 51.000000 16.378000 31.826000
13332.000000 51.000000 16.336000 31.826000
13344.000000 51.000000 16.294000 31.826000
13356.000000 51.000000 16.252000 31.826000
13368.000000 51.000000 16.210000 31.826000
13380.000000 51.000000 16.168000 31.826000
13392.000000 51.000000 16.126000 31.826000
13404.000000 51.000000 16.084000 31.826000
13416.000000 51.000000 16.042000 31.826000
13200.000000 48.000000 -12.331000 20.194000
13212.000000 48.000000 -12.902000 20.194000
13224.000000 48.000000 -13.472000 20.080000
13236.000000 48.000000 -14.043000 20.080000
13248.000000 48.000000 -14.614000 20.080000
13260.000000 48.000000 -15.213000 20.080000
13272.000000 48.000000 -15.784000 20.080000
13284.000000 48.000000 -16.355000 20.080000
13296.000000 48.000000 -16.899000 20.194000
13308.000000 48.000000 -17.470000 20.194000
13320.000000 48.000000 -18.041000 20.194000
13332.000000 48.000000 -18.612000 20.194000
13344.000000 48.000000 -19.183000 20.194000
13356.000000 48.000000 -19.754000 20.194000
13368.000000 48.000000 -20.325000 20.194000
13380.000000 48.000000 -20.896000 20.194000
13392.000000 48.000000 -21.467000 20.194000
13404.000000 48.000000 -22.038000 20.194000
13416.000000 48.000000 -22.609000 20.194000
13428.000000 48.000000 -23.180000 20.194000
13428.000000 52.000000 16.526000 31.940000
13440.000000 52.000000 16.526000 31.940000
13452.000000 52.000000 16.526000 31.940000
13464.000000 52.000000 16.526000 31.940000
13476.000000 52.000000 16.526000 31.940000
13488.000000 52.000000 16.526000 31.940000
13500.000000 52.000000 16.526000 31.940000
13512.000000 52.000000 16.484000 31.883000
13524.000000 52.000000 16.526000 31.940000
13536.000000 52.000000 16.526000 31.940000
13548.000000 52.000000 16.526000 31.940000
13560.000000 52.000000 16.526000 31.940000
13572.000000 52.000000 16.526000 31.940000
13584.000000 52.000000 16.526000 31.940000
13596.000000 52.000000 16.526000 31.940000
13608.000000 52.000000 16.526000 31.940000
13620.000000 52.000000 16.526000 31.940000
13632.000000 52.000000 16.526000 31.940000
13644.000000 52.000000 16.526000 31.940000
13656.000000 52.000000 16.526000 31.940000
13440.000000 49.000000 -19.568000 20.033000
13452.000000 49.000000 -19.546000 20.026000
13464.000000 49.000000 -19.524000 20.019000
13476.000000 49.000000 -19.503000 20.013000
13488.000000 49.000000 -19.481000 20.006000
13500.000000 49.000000 -19.459000 20.000000
13512.000000 49.000000 -19.438000 19.993000
13524.000000 49.000000 -19.416000 19.986000
13536.000000 49.000000 -19.392000 19.977000
13548.000000 49.000000 -19.370000 19.970000
13560.000000 49.000000 -19.348000 19.963000
13572.000000 49.000000 -19.326000 19.956000
13584.000000 49.000000 -19.304000 19.949000
13596.000000 49.000000 -19.282000 19.942000
13608.000000 49.000000 -19.260000 19.935000
13620.000000 49.000000 -19.238000 19.928000
13632.000000 49.000000 -19.216000 19.921000
13644.000000 49.000000 -19.194000 19.914000
13656.000000 49.000000 -19.172000 19.907000
13668.000000 49.000000 -19.150000 19.900000
13524.000000 42.000000 16.869000 28.301000
13536.000000 42.000000 16.741000 27.715000
13548.000000 42.000000 16.626000 27.130000
13560.000000 42.000000 16.512000 26.616000
13572.000000 42.000000 16.369000 26.046000
13584.000000 42.000000 16.270000 25.460000
13596.000000 42.000000 16.113000 24.875000
13608.000000 42.000000 15.984000 24.247000
13620.000000 42.000000 15.845000 23.613000
13632.000000 42.000000 15.717000 23.027000
13644.000000 42.000000 15.589000 22.441000
13656.000000 42.000000 15.461000 21.855000
13668.000000 42.000000 15.333000 21.269000
13680.000000 42.000000 15.205000 20.683000
13692.000000 42.000000 15.077000 20.097000
13704.000000 42.000000 14.949000 19.511000
13716.000000 42.000000 14.821000 18.925000
13728.000000 42.000000 14.693000 18.339000
13740.000000 42.000000 14.565000 17.753000
13752.000000 42.000000 14.437000 17.167000
13668.000000 53.000000 16.398000 31.868000
13680.000000 53.000000 16.398000 31.868000
13692.000000 53.000000 16.398000 31.868000
13704.000000 53.000000 16.369000 31.868000
13716.000000 53.000000 16.369000 31.868000
13728.000000 53.000000 16.369000 31.868000
13740.000000 53.000000 16.369000 31.868000
13752.000000 53.000000 16.341000 31.926000
13764.000000 53.000000 16.398000 31.868000
13776.000000 53.000000 16.398000 31.868000
13788.000000 53.000000 16.398000 31.868000
13800.000000 53.000000 16.398000 31.868000
13812.000000 53.000000 16.398000 31.868000
13824.000000 53.000000 16.398000 31.868000
13836.000000 53.000000 16.398000 31.868000
13848.000000 53.000000 16.398000 31.868000
13860.000000 53.000000 16.398000 31.868000
13872.000000 53.000000 16.398000 31.868000
13884.000000 53.000000 16.398000 31.868000
13896.000000 53.000000 16.398000 31.868000
13680.000000 50.000000 -19.134000 19.900000
13692.000000 50.000000 -19.112000 19.894000
13704.000000 50.000000 -19.090000 19.887000
13716.000000 50.000000 -19.069000 19.881000
13728.000000 50.000000 -19.047000 19.874000
13740.000000 50.000000 -19.025000 19.867000
13752.000000 50.000000 -19.003000 19.861000
13764.000000 50.000000 -18.982000 19.854000
13776.000000 50.000000 -18.958000 19.852000
13788.000000 50.000000 -18.936000 19.846000
13800.000000 50.000000 -18.914000 19.840000
13812.000000 50.000000 -18.892000 19.834000
13824.000000 50.000000 -18.870000 19.828000
13836.000000 50.000000 -18.848000 19.822000
13848.000000 50.000000 -18.826000 19.816000
13860.000000 50.000000 -18.804000 19.810000
13872.000000 50.000000 -18.782000 19.804000
13884.000000 50.000000 -18.760000 19.798000
13896.000000 50.000000 -18.738000 19.792000
13908.000000 50.000000 -18.716000 19.786000
13764.000000 43.000000 12.216000 17.426000
13776.000000 43.000000 11.474000 17.197000
13788.000000 43.000000 11.003000 16.855000
13800.000000 43.000000 10.475000 16.498000
13812.000000 43.000000 9.790000 16.255000
13824.000000 43.000000 9.162000 16.369000
13836.000000 43.000000 8.763000 15.913000
13848.000000 43.000000 8.335000 15.570000
13860.000000 43.000000 6.280000 15.594000
13872.000000 43.000000 5.538000 15.365000
13884.000000 43.000000 4.796000 15.136000
13896.000000 43.000000 4.054000 14.907000
13908.000000 43.000000 3.312000 14.678000
13920.000000 43.000000 2.570000 14.449000
13932.000000 43.000000 1.828000 14.220000
13944.000000 43.000000 1.086000 13.991000
13956.000000 43.000000 0.344000 13.762000
13968.000000 43.000000 -0.398000 13.533000
13980.000000 43.000000 -1.140000 13.304000
13992.000000 43.000000 -1.882000 13.075000