504.000000 10.000000 4.086000 16.706000
516.000000 10.000000 4.767000 16.706000
528.000000 10.000000 5.447000 16.706000
540.000000 10.000000 6.083000 16.706000
552.000000 10.000000 6.719000 16.706000
564.000000 10.000000 7.309000 16.706000
576.000000 10.000000 7.899000 16.706000
588.000000 10.000000 8.580000 16.524000
600.000000 10.000000 9.534000 16.706000
612.000000 10.000000 10.215000 16.706000
624.000000 10.000000 10.896000 16.706000
636.000000 10.000000 11.577000 16.706000
648.000000 10.000000 12.258000 16.706000
660.000000 10.000000 12.939000 16.706000
672.000000 10.000000 13.620000 16.706000
684.000000 10.000000 14.301000 16.706000
696.000000 10.000000 14.982000 16.706000
708.000000 10.000000 15.663000 16.706000
720.000000 10.000000 16.344000 16.706000
732.000000 10.000000 17.025000 16.706000
504.000000 11.000000 -11.258000 15.208000
516.000000 11.000000 -11.780000 15.208000
528.000000 11.000000 -12.370000 15.208000
540.000000 11.000000 -12.892000 15.208000
552.000000 11.000000 -13.483000 15.208000
564.000000 11.000000 -14.027000 15.208000
576.000000 11.000000 -14.527000 15.208000
588.000000 11.000000 -15.139000 15.208000
600.000000 11.000000 -15.434000 15.208000
612.000000 11.000000 -15.956000 15.208000
624.000000 11.000000 -16.478000 15.208000
636.000000 11.000000 -17.000000 15.208000
648.000000 11.000000 -17.522000 15.208000
660.000000 11.000000 -18.044000 15.208000
672.000000 11.000000 -18.566000 15.208000
684.000000 11.000000 -19.088000 15.208000
696.000000 11.000000 -19.610000 15.208000
708.000000 11.000000 -20.132000 15.208000
720.000000 11.000000 -20.654000 15.208000
732.000000 11.000000 -21.176000 15.208000
504.000000 13.000000 -20.360000 17.296000
516.000000 13.000000 -21.041000 17.296000
528.000000 13.000000 -21.631000 17.296000
540.000000 13.000000 -22.312000 17.455000
552.000000 13.000000 -22.993000 17.455000
564.000000 13.000000 -23.583000 17.455000
576.000000 13.000000 -24.309000 17.296000
588.000000 13.000000 -24.990000 17.114000
600.000000 13.000000 -25.808000 17.296000
612.000000 13.000000 -26.489000 17.296000
624.000000 13.000000 -27.170000 17.296000
636.000000 13.000000 -27.851000 17.296000
648.000000 13.000000 -28.532000 17.296000
660.000000 13.000000 -29.213000 17.296000
672.000000 13.000000 -29.894000 17.296000
684.000000 13.000000 -30.575000 17.296000
696.000000 13.000000 -31.256000 17.296000
708.000000 13.000000 -31.937000 17.296000
720.000000 13.000000 -32.618000 17.296000
732.000000 13.000000 -33.299000 17.296000
504.000000 16.000000 -0.545000 -0.182000
516.000000 16.000000 -0.840000 -0.182000
528.000000 16.000000 -1.180000 -0.182000
540.000000 16.000000 -1.521000 -0.182000
552.000000 16.000000 -1.816000 -0.182000
564.000000 16.000000 -2.134000 -0.182000
576.000000 16.000000 -2.451000 -0.182000
588.000000 16.000000 -2.815000 -0.340000
600.000000 16.000000 -2.905000 -0.182000
612.000000 16.000000 -3.200000 -0.182000
624.000000 16.000000 -3.495000 -0.182000
636.000000 16.000000 -3.790000 -0.182000
648.000000 16.000000 -4.085000 -0.182000
660.000000 16.000000 -4.380000 -0.182000
672.000000 16.000000 -4.675000 -0.182000
684.000000 16.000000 -4.970000 -0.182000
696.000000 16.000000 -5.265000 -0.182000
708.000000 16.000000 -5.560000 -0.182000
720.000000 16.000000 -5.855000 -0.182000
732.000000 16.000000 -6.150000 -0.182000
504.000000 28.000000 7.173000 12.053000
516.000000 28.000000 6.946000 12.552000
528.000000 28.000000 6.809000 12.870000
540.000000 28.000000 6.582000 13.369000
552.000000 28.000000 6.446000 13.710000
564.000000 28.000000 6.219000 14.209000
576.000000 28.000000 6.060000 14.549000
588.000000 28.000000 5.765000 14.867000
600.000000 28.000000 5.357000 16.045000
612.000000 28.000000 5.130000 16.544000
624.000000 28.000000 4.903000 17.043000
636.000000 28.000000 4.676000 17.542000
648.000000 28.000000 4.449000 18.041000
660.000000 28.000000 4.222000 18.540000
672.000000 28.000000 3.995000 19.039000
684.000000 28.000000 3.768000 19.538000
696.000000 28.000000 3.541000 20.037000
708.000000 28.000000 3.314000 20.536000
720.000000 28.000000 3.087000 21.035000
732.000000 28.000000 2.860000 21.534000
516.000000 14.000000 7.967000 10.055000
528.000000 14.000000 7.967000 10.373000
540.000000 14.000000 7.967000 10.713000
552.000000 14.000000 7.967000 11.213000
564.000000 14.000000 7.967000 11.712000
576.000000 14.000000 7.967000 12.053000
588.000000 14.000000 7.967000 12.552000
600.000000 14.000000 8.103000 13.051000
612.000000 14.000000 7.967000 12.599000
624.000000 14.000000 7.967000 12.917000
636.000000 14.000000 7.967000 13.235000
648.000000 14.000000 7.967000 13.553000
660.000000 14.000000 7.967000 13.871000
672.000000 14.000000 7.967000 14.189000
684.000000 14.000000 7.967000 14.507000
696.000000 14.000000 7.967000 14.825000
708.000000 14.000000 7.967000 15.143000
720.000000 14.000000 7.967000 15.461000
732.000000 14.000000 7.967000 15.779000
744.000000 14.000000 7.967000 16.097000
516.000000 26.000000 8.239000 23.197000
528.000000 26.000000 8.012000 22.879000
540.000000 26.000000 7.853000 22.380000
552.000000 26.000000 7.626000 22.017000
564.000000 26.000000 7.400000 21.518000
576.000000 26.000000 7.195000 21.200000
588.000000 26.000000 7.036000 20.700000
600.000000 26.000000 6.809000 20.383000
612.000000 26.000000 6.423000 20.653000
624.000000 26.000000 6.196000 20.335000
636.000000 26.000000 5.969000 20.017000
648.000000 26.000000 5.742000 19.699000
660.000000 26.000000 5.515000 19.381000
672.000000 26.000000 5.288000 19.063000
684.000000 26.000000 5.061000 18.745000
696.000000 26.000000 4.834000 18.427000
708.000000 26.000000 4.607000 18.109000
720.000000 26.000000 4.380000 17.791000
732.000000 26.000000 4.153000 17.473000
744.000000 26.000000 3.926000 17.155000
696.000000 20.000000 -31.255000 10.804000
708.000000 20.000000 -28.940000 11.122000
720.000000 20.000000 -26.557000 11.621000
732.000000 20.000000 -24.173000 11.962000
744.000000 20.000000 -21.767000 12.121000
756.000000 20.000000 -19.316000 11.803000
768.000000 20.000000 -17.137000 11.803000
780.000000 20.000000 -15.366000 11.803000
792.000000 20.000000 -12.735000 13.348000
804.000000 20.000000 -10.420000 13.666000
816.000000 20.000000 -8.105000 13.984000
828.000000 20.000000 -5.790000 14.302000
840.000000 20.000000 -3.475000 14.620000
852.000000 20.000000 -1.160000 14.938000
864.000000 20.000000 1.155000 15.256000
876.000000 20.000000 3.470000 15.574000
888.000000 20.000000 5.785000 15.892000
900.000000 20.000000 8.100000 16.210000
912.000000 20.000000 10.415000 16.528000
924.000000 20.000000 12.730000 16.846000
744.000000 12.000000 -18.567000 18.045000
756.000000 12.000000 -18.249000 18.204000
768.000000 12.000000 -18.521000 18.204000
780.000000 12.000000 -18.748000 18.204000
792.000000 12.000000 -19.066000 18.204000
804.000000 12.000000 -19.656000 18.204000
816.000000 12.000000 -20.473000 18.363000
828.000000 12.000000 -21.835000 18.544000
840.000000 12.000000 -16.023000 19.317000
852.000000 12.000000 -15.705000 19.476000
864.000000 12.000000 -15.387000 19.635000
876.000000 12.000000 -15.069000 19.794000
888.000000 12.000000 -14.751000 19.953000
900.000000 12.000000 -14.433000 20.112000
912.000000 12.000000 -14.115000 20.271000
924.000000 12.000000 -13.797000 20.430000
936.000000 12.000000 -13.479000 20.589000
948.000000 12.000000 -13.161000 20.748000
960.000000 12.000000 -12.843000 20.907000
972.000000 12.000000 -12.525000 21.066000
744.000000 17.000000 -6.106000 -4.676000
756.000000 17.000000 -6.174000 -5.334000
768.000000 17.000000 -6.265000 -5.833000
780.000000 17.000000 -6.537000 -6.174000
792.000000 17.000000 -6.855000 -6.333000
804.000000 17.000000 -7.218000 -6.673000
816.000000 17.000000 -7.218000 -7.173000
828.000000 17.000000 -7.309000 -7.831000
840.000000 17.000000 -6.650000 -9.940000
852.000000 17.000000 -6.718000 -10.598000
864.000000 17.000000 -6.786000 -11.256000
876.000000 17.000000 -6.854000 -11.914000
888.000000 17.000000 -6.922000 -12.572000
900.000000 17.000000 -6.990000 -13.230000
912.000000 17.000000 -7.058000 -13.888000
924.000000 17.000000 -7.126000 -14.546000
936.000000 17.000000 -7.194000 -15.204000
948.000000 17.000000 -7.262000 -15.862000
960.000000 17.000000 -7.330000 -16.520000
972.000000 17.000000 -7.398000 -17.178000
744.000000 29.000000 4.403000 20.360000
756.000000 29.000000 4.630000 20.700000
768.000000 29.000000 4.630000 21.041000
780.000000 29.000000 4.358000 21.200000
792.000000 29.000000 4.131000 21.200000
804.000000 29.000000 3.813000 21.359000
816.000000 29.000000 3.450000 21.540000
828.000000 29.000000 2.928000 21.858000
840.000000 29.000000 6.219000 23.080000
852.000000 29.000000 6.446000 23.420000
864.000000 29.000000 6.673000 23.760000
876.000000 29.000000 6.900000 24.100000
888.000000 29.000000 7.127000 24.440000
900.000000 29.000000 7.354000 24.780000
912.000000 29.000000 7.581000 25.120000
924.000000 29.000000 7.808000 25.460000
936.000000 29.000000 8.035000 25.800000
948.000000 29.000000 8.262000 26.140000
960.000000 29.000000 8.489000 26.480000
972.000000 29.000000 8.716000 26.820000
744.000000 31.000000 -10.713000 -8.648000
756.000000 31.000000 -10.623000 -8.648000
768.000000 31.000000 -10.486000 -8.512000
780.000000 31.000000 -10.305000 -8.330000
792.000000 31.000000 -10.078000 -8.012000
804.000000 31.000000 -9.715000 -7.649000
816.000000 31.000000 -9.352000 -7.150000
828.000000 31.000000 -9.034000 -6.650000
840.000000 31.000000 -9.993000 -8.648000
852.000000 31.000000 -9.903000 -8.648000
864.000000 31.000000 -9.813000 -8.648000
876.000000 31.000000 -9.723000 -8.648000
888.000000 31.000000 -9.633000 -8.648000
900.000000 31.000000 -9.543000 -8.648000
912.000000 31.000000 -9.453000 -8.648000
924.000000 31.000000 -9.363000 -8.648000
936.000000 31.000000 -9.273000 -8.648000
948.000000 31.000000 -9.183000 -8.648000
960.000000 31.000000 -9.093000 -8.648000
972.000000 31.000000 -9.003000 -8.648000
756.000000 27.000000 7.853000 18.204000
768.000000 27.000000 7.922000 18.204000
780.000000 27.000000 7.490000 18.204000
792.000000 27.000000 7.104000 18.204000
804.000000 27.000000 6.650000 18.204000
816.000000 27.000000 6.287000 18.204000
828.000000 27.000000 5.765000 18.204000
840.000000 27.000000 5.175000 18.204000
852.000000 27.000000 8.405000 18.204000
864.000000 27.000000 8.474000 18.204000
876.000000 27.000000 8.543000 18.204000
888.000000 27.000000 8.612000 18.204000
900.000000 27.000000 8.681000 18.204000
912.000000 27.000000 8.750000 18.204000
924.000000 27.000000 8.819000 18.204000
936.000000 27.000000 8.888000 18.204000
948.000000 27.000000 8.957000 18.204000
960.000000 27.000000 9.026000 18.204000
972.000000 27.000000 9.095000 18.204000
984.000000 27.000000 9.164000 18.204000
780.000000 30.000000 -9.215000 -8.489000
792.000000 30.000000 -9.056000 -8.171000
804.000000 30.000000 -8.988000 -7.831000
816.000000 30.000000 -8.829000 -7.331000
828.000000 30.000000 -8.602000 -7.173000
840.000000 30.000000 -8.307000 -6.991000
852.000000 30.000000 -8.012000 -6.673000
864.000000 30.000000 -7.717000 -6.333000
876.000000 30.000000 -7.943000 -5.945000
888.000000 30.000000 -7.784000 -5.627000
900.000000 30.000000 -7.625000 -5.309000
912.000000 30.000000 -7.466000 -4.991000
924.000000 30.000000 -7.307000 -4.673000
936.000000 30.000000 -7.148000 -4.355000
948.000000 30.000000 -6.989000 -4.037000
960.000000 30.000000 -6.830000 -3.719000
972.000000 30.000000 -6.671000 -3.401000
984.000000 30.000000 -6.512000 -3.083000
996.000000 30.000000 -6.353000 -2.765000
1008.000000 30.000000 -6.194000 -2.447000