0.000000 0.000000 -9.746000 -14.063000
12.000000 0.000000 -9.266000 -13.845000
24.000000 0.000000 -8.787000 -13.562000
36.000000 0.000000 -8.307000 -13.365000
48.000000 0.000000 -7.827000 -13.060000
60.000000 0.000000 -7.239000 -12.755000
72.000000 0.000000 -6.759000 -12.581000
84.000000 0.000000 -6.279000 -12.275000
96.000000 0.000000 -5.906000 -12.319000
108.000000 0.000000 -5.426000 -12.101000
120.000000 0.000000 -4.946000 -11.883000
132.000000 0.000000 -4.466000 -11.665000
144.000000 0.000000 -3.986000 -11.447000
156.000000 0.000000 -3.506000 -11.229000
168.000000 0.000000 -3.026000 -11.011000
180.000000 0.000000 -2.546000 -10.793000
192.000000 0.000000 -2.066000 -10.575000
204.000000 0.000000 -1.586000 -10.357000
216.000000 0.000000 -1.106000 -10.139000
228.000000 0.000000 -0.626000 -9.921000
0.000000 1.000000 -7.588000 15.284000
12.000000 1.000000 -7.217000 15.415000
24.000000 1.000000 -6.868000 15.502000
36.000000 1.000000 -6.388000 15.698000
48.000000 1.000000 -6.040000 15.807000
60.000000 1.000000 -5.560000 15.982000
72.000000 1.000000 -5.189000 16.091000
84.000000 1.000000 -4.819000 16.200000
96.000000 1.000000 -4.620000 16.332000
108.000000 1.000000 -4.249000 16.463000
120.000000 1.000000 -3.878000 16.594000
132.000000 1.000000 -3.507000 16.725000
144.000000 1.000000 -3.136000 16.856000
156.000000 1.000000 -2.765000 16.987000
168.000000 1.000000 -2.394000 17.118000
180.000000 1.000000 -2.023000 17.249000
192.000000 1.000000 -1.652000 17.380000
204.000000 1.000000 -1.281000 17.511000
216.000000 1.000000 -0.910000 17.642000
228.000000 1.000000 -0.539000 17.773000
0.000000 3.000000 28.148000 19.558000
12.000000 3.000000 28.148000 19.558000
24.000000 3.000000 28.148000 19.558000
36.000000 3.000000 28.148000 19.558000
48.000000 3.000000 28.148000 19.558000
60.000000 3.000000 28.148000 19.558000
72.000000 3.000000 28.148000 19.558000
84.000000 3.000000 28.148000 19.558000
96.000000 3.000000 28.148000 19.558000
108.000000 3.000000 28.148000 19.558000
120.000000 3.000000 28.148000 19.558000
132.000000 3.000000 28.148000 19.558000
144.000000 3.000000 28.148000 19.558000
156.000000 3.000000 28.148000 19.558000
168.000000 3.000000 28.148000 19.558000
180.000000 3.000000 28.148000 19.558000
192.000000 3.000000 28.148000 19.558000
204.000000 3.000000 28.148000 19.558000
216.000000 3.000000 28.148000 19.558000
228.000000 3.000000 28.148000 19.558000
0.000000 5.000000 27.123000 20.735000
12.000000 5.000000 27.123000 20.735000
24.000000 5.000000 27.123000 20.735000
36.000000 5.000000 27.123000 20.735000
48.000000 5.000000 27.123000 20.735000
60.000000 5.000000 27.123000 20.735000
72.000000 5.000000 27.123000 20.735000
84.000000 5.000000 27.123000 20.735000
96.000000 5.000000 27.123000 20.735000
108.000000 5.000000 27.123000 20.735000
120.000000 5.000000 27.123000 20.735000
132.000000 5.000000 27.123000 20.735000
144.000000 5.000000 27.123000 20.735000
156.000000 5.000000 27.123000 20.735000
168.000000 5.000000 27.123000 20.735000
180.000000 5.000000 27.123000 20.735000
192.000000 5.000000 27.123000 20.735000
204.000000 5.000000 27.123000 20.735000
216.000000 5.000000 27.123000 20.735000
228.000000 5.000000 27.123000 20.735000
0.000000 7.000000 27.254000 21.629000
12.000000 7.000000 27.254000 21.629000
24.000000 7.000000 27.254000 21.629000
36.000000 7.000000 27.254000 21.629000
48.000000 7.000000 27.254000 21.629000
60.000000 7.000000 27.254000 21.629000
72.000000 7.000000 27.254000 21.629000
84.000000 7.000000 27.254000 21.629000
96.000000 7.000000 27.254000 21.629000
108.000000 7.000000 27.254000 21.629000
120.000000 7.000000 27.254000 21.629000
132.000000 7.000000 27.254000 21.629000
144.000000 7.000000 27.254000 21.629000
156.000000 7.000000 27.254000 21.629000
168.000000 7.000000 27.254000 21.629000
180.000000 7.000000 27.254000 21.629000
192.000000 7.000000 27.254000 21.629000
204.000000 7.000000 27.254000 21.629000
216.000000 7.000000 27.254000 21.629000
228.000000 7.000000 27.254000 21.629000
0.000000 9.000000 11.338000 21.367000
12.000000 9.000000 11.817000 21.476000
24.000000 9.000000 12.406000 21.585000
36.000000 9.000000 12.908000 21.673000
48.000000 9.000000 13.475000 21.782000
60.000000 9.000000 14.085000 21.869000
72.000000 9.000000 14.565000 21.978000
84.000000 9.000000 15.175000 22.065000
96.000000 9.000000 15.170000 22.239000
108.000000 9.000000 15.649000 22.348000
120.000000 9.000000 16.128000 22.457000
132.000000 9.000000 16.607000 22.566000
144.000000 9.000000 17.086000 22.675000
156.000000 9.000000 17.565000 22.784000
168.000000 9.000000 18.044000 22.893000
180.000000 9.000000 18.523000 23.002000
192.000000 9.000000 19.002000 23.111000
204.000000 9.000000 19.481000 23.220000
216.000000 9.000000 19.960000 23.329000
228.000000 9.000000 20.439000 23.438000
240.000000 2.000000 0.589000 17.857000
252.000000 2.000000 0.938000 18.075000
264.000000 2.000000 1.417000 18.162000
276.000000 2.000000 1.766000 18.249000
288.000000 2.000000 2.137000 18.380000
300.000000 2.000000 2.507000 18.555000
312.000000 2.000000 2.856000 18.664000
324.000000 2.000000 3.205000 18.860000
336.000000 2.000000 3.381000 19.601000
348.000000 2.000000 3.730000 19.819000
360.000000 2.000000 4.079000 20.037000
372.000000 2.000000 4.428000 20.255000
384.000000 2.000000 4.777000 20.473000
396.000000 2.000000 5.126000 20.691000
408.000000 2.000000 5.475000 20.909000
420.000000 2.000000 5.824000 21.127000
432.000000 2.000000 6.173000 21.345000
444.000000 2.000000 6.522000 21.563000
456.000000 2.000000 6.871000 21.781000
468.000000 2.000000 7.220000 21.999000
240.000000 4.000000 28.148000 19.558000
252.000000 4.000000 28.148000 19.558000
264.000000 4.000000 28.148000 19.558000
276.000000 4.000000 28.148000 19.558000
288.000000 4.000000 28.148000 19.558000
300.000000 4.000000 28.148000 19.558000
312.000000 4.000000 28.148000 19.558000
324.000000 4.000000 28.148000 19.558000
336.000000 4.000000 28.148000 19.558000
348.000000 4.000000 28.148000 19.558000
360.000000 4.000000 28.148000 19.558000
372.000000 4.000000 28.148000 19.558000
384.000000 4.000000 28.148000 19.558000
396.000000 4.000000 28.148000 19.558000
408.000000 4.000000 28.148000 19.558000
420.000000 4.000000 28.148000 19.558000
432.000000 4.000000 28.148000 19.558000
444.000000 4.000000 28.148000 19.558000
456.000000 4.000000 28.148000 19.558000
468.000000 4.000000 28.148000 19.558000
240.000000 6.000000 27.123000 20.735000
252.000000 6.000000 27.123000 20.735000
264.000000 6.000000 27.123000 20.735000
276.000000 6.000000 27.123000 20.735000
288.000000 6.000000 27.123000 20.735000
300.000000 6.000000 27.123000 20.735000
312.000000 6.000000 27.123000 20.735000
324.000000 6.000000 27.123000 20.735000
336.000000 6.000000 27.123000 20.735000
348.000000 6.000000 27.123000 20.735000
360.000000 6.000000 27.123000 20.735000
372.000000 6.000000 27.123000 20.735000
384.000000 6.000000 27.123000 20.735000
396.000000 6.000000 27.123000 20.735000
408.000000 6.000000 27.123000 20.735000
420.000000 6.000000 27.123000 20.735000
432.000000 6.000000 27.123000 20.735000
444.000000 6.000000 27.123000 20.735000
456.000000 6.000000 27.123000 20.735000
468.000000 6.000000 27.123000 20.735000
240.000000 8.000000 27.254000 21.629000
252.000000 8.000000 27.254000 21.629000
264.000000 8.000000 27.254000 21.629000
276.000000 8.000000 27.254000 21.629000
288.000000 8.000000 27.254000 21.629000
300.000000 8.000000 27.254000 21.629000
312.000000 8.000000 27.254000 21.629000
324.000000 8.000000 27.254000 21.629000
336.000000 8.000000 27.254000 21.629000
348.000000 8.000000 27.254000 21.629000
360.000000 8.000000 27.254000 21.629000
372.000000 8.000000 27.254000 21.629000
384.000000 8.000000 27.254000 21.629000
396.000000 8.000000 27.254000 21.629000
408.000000 8.000000 27.254000 21.629000
420.000000 8.000000 27.254000 21.629000
432.000000 8.000000 27.254000 21.629000
444.000000 8.000000 27.254000 21.629000
456.000000 8.000000 27.254000 21.629000
468.000000 8.000000 27.254000 21.629000