0.000000 3.000000 40.391000 7.389000
12.000000 3.000000 40.391000 7.389000
24.000000 3.000000 40.391000 7.389000
36.000000 3.000000 40.391000 7.389000
48.000000 3.000000 40.391000 7.389000
60.000000 3.000000 40.391000 7.389000
72.000000 3.000000 40.391000 7.389000
84.000000 3.000000 40.391000 7.498000
96.000000 3.000000 40.391000 7.389000
108.000000 3.000000 40.391000 7.389000
120.000000 3.000000 40.391000 7.389000
132.000000 3.000000 40.391000 7.389000
144.000000 3.000000 40.391000 7.389000
156.000000 3.000000 40.391000 7.389000
168.000000 3.000000 40.391000 7.389000
180.000000 3.000000 40.391000 7.389000
192.000000 3.000000 40.391000 7.389000
204.000000 3.000000 40.391000 7.389000
216.000000 3.000000 40.391000 7.389000
228.000000 3.000000 40.391000 7.389000
0.000000 5.000000 40.500000 5.526000
12.000000 5.000000 40.500000 5.526000
24.000000 5.000000 40.500000 5.526000
36.000000 5.000000 40.500000 5.526000
48.000000 5.000000 40.500000 5.526000
60.000000 5.000000 40.500000 5.526000
72.000000 5.000000 40.500000 5.526000
84.000000 5.000000 40.500000 5.526000
96.000000 5.000000 40.500000 5.526000
108.000000 5.000000 40.500000 5.526000
120.000000 5.000000 40.500000 5.526000
132.000000 5.000000 40.500000 5.526000
144.000000 5.000000 40.500000 5.526000
156.000000 5.000000 40.500000 5.526000
168.000000 5.000000 40.500000 5.526000
180.000000 5.000000 40.500000 5.526000
192.000000 5.000000 40.500000 5.526000
204.000000 5.000000 40.500000 5.526000
216.000000 5.000000 40.500000 5.526000
228.000000 5.000000 40.500000 5.526000
0.000000 7.000000 45.028000 7.541000
12.000000 7.000000 45.028000 7.541000
24.000000 7.000000 45.028000 7.541000
36.000000 7.000000 45.028000 7.541000
48.000000 7.000000 45.028000 7.541000
60.000000 7.000000 45.028000 7.541000
72.000000 7.000000 45.028000 7.541000
84.000000 7.000000 45.028000 7.541000
96.000000 7.000000 45.028000 7.541000
108.000000 7.000000 45.028000 7.541000
120.000000 7.000000 45.028000 7.541000
132.000000 7.000000 45.028000 7.541000
144.000000 7.000000 45.028000 7.541000
156.000000 7.000000 45.028000 7.541000
168.000000 7.000000 45.028000 7.541000
180.000000 7.000000 45.028000 7.541000
192.000000 7.000000 45.028000 7.541000
204.000000 7.000000 45.028000 7.541000
216.000000 7.000000 45.028000 7.541000
228.000000 7.000000 45.028000 7.541000
0.000000 9.000000 44.552000 6.869000
12.000000 9.000000 44.552000 6.869000
24.000000 9.000000 44.552000 6.869000
36.000000 9.000000 44.552000 6.869000
48.000000 9.000000 44.552000 6.869000
60.000000 9.000000 44.552000 6.869000
72.000000 9.000000 44.552000 6.869000
84.000000 9.000000 44.552000 6.869000
96.000000 9.000000 44.552000 6.869000
108.000000 9.000000 44.552000 6.869000
120.000000 9.000000 44.552000 6.869000
132.000000 9.000000 44.552000 6.869000
144.000000 9.000000 44.552000 6.869000
156.000000 9.000000 44.552000 6.869000
168.000000 9.000000 44.552000 6.869000
180.000000 9.000000 44.552000 6.869000
192.000000 9.000000 44.552000 6.869000
204.000000 9.000000 44.552000 6.869000
216.000000 9.000000 44.552000 6.869000
228.000000 9.000000 44.552000 6.869000
0.000000 11.000000 47.889000 6.414000
12.000000 11.000000 47.889000 6.414000
24.000000 11.000000 47.889000 6.414000
36.000000 11.000000 47.889000 6.414000
48.000000 11.000000 47.889000 6.414000
60.000000 11.000000 47.889000 6.414000
72.000000 11.000000 47.889000 6.414000
84.000000 11.000000 47.889000 6.414000
96.000000 11.000000 47.889000 6.414000
108.000000 11.000000 47.889000 6.414000
120.000000 11.000000 47.889000 6.414000
132.000000 11.000000 47.889000 6.414000
144.000000 11.000000 47.889000 6.414000
156.000000 11.000000 47.889000 6.414000
168.000000 11.000000 47.889000 6.414000
180.000000 11.000000 47.889000 6.414000
192.000000 11.000000 47.889000 6.414000
204.000000 11.000000 47.889000 6.414000
216.000000 11.000000 47.889000 6.414000
228.000000 11.000000 47.889000 6.414000
0.000000 13.000000 52.483000 3.922000
12.000000 13.000000 52.483000 3.922000
24.000000 13.000000 52.483000 3.922000
36.000000 13.000000 52.483000 3.922000
48.000000 13.000000 52.483000 3.922000
60.000000 13.000000 52.483000 3.922000
72.000000 13.000000 52.483000 3.922000
84.000000 13.000000 52.483000 3.922000
96.000000 13.000000 52.483000 3.922000
108.000000 13.000000 52.483000 3.922000
120.000000 13.000000 52.483000 3.922000
132.000000 13.000000 52.483000 3.922000
144.000000 13.000000 52.483000 3.922000
156.000000 13.000000 52.483000 3.922000
168.000000 13.000000 52.483000 3.922000
180.000000 13.000000 52.483000 3.922000
192.000000 13.000000 52.483000 3.922000
204.000000 13.000000 52.483000 3.922000
216.000000 13.000000 52.483000 3.922000
228.000000 13.000000 52.483000 3.922000
0.000000 15.000000 51.182000 6.111000
12.000000 15.000000 51.182000 6.024000
24.000000 15.000000 51.182000 6.024000
36.000000 15.000000 51.182000 5.916000
48.000000 15.000000 51.312000 5.916000
60.000000 15.000000 51.312000 5.829000
72.000000 15.000000 51.312000 5.829000
84.000000 15.000000 51.312000 5.829000
96.000000 15.000000 51.182000 5.415000
108.000000 15.000000 51.182000 5.328000
120.000000 15.000000 51.182000 5.241000
132.000000 15.000000 51.182000 5.154000
144.000000 15.000000 51.182000 5.067000
156.000000 15.000000 51.182000 4.980000
168.000000 15.000000 51.182000 4.893000
180.000000 15.000000 51.182000 4.806000
192.000000 15.000000 51.182000 4.719000
204.000000 15.000000 51.182000 4.632000
216.000000 15.000000 51.182000 4.545000
228.000000 15.000000 51.182000 4.458000
0.000000 17.000000 50.467000 5.396000
12.000000 17.000000 50.706000 5.179000
24.000000 17.000000 51.052000 4.984000
36.000000 17.000000 51.312000 4.897000
48.000000 17.000000 51.529000 4.897000
60.000000 17.000000 51.659000 4.897000
72.000000 17.000000 51.789000 4.897000
84.000000 17.000000 52.006000 4.897000
96.000000 17.000000 52.379000 3.660000
108.000000 17.000000 52.618000 3.443000
120.000000 17.000000 52.857000 3.226000
132.000000 17.000000 53.096000 3.009000
144.000000 17.000000 53.335000 2.792000
156.000000 17.000000 53.574000 2.575000
168.000000 17.000000 53.813000 2.358000
180.000000 17.000000 54.052000 2.141000
192.000000 17.000000 54.291000 1.924000
204.000000 17.000000 54.530000 1.707000
216.000000 17.000000 54.769000 1.490000
228.000000 17.000000 55.008000 1.273000
0.000000 19.000000 46.632000 9.253000
12.000000 19.000000 46.415000 9.751000
24.000000 19.000000 46.155000 10.249000
36.000000 19.000000 45.938000 10.726000
48.000000 19.000000 45.808000 11.225000
60.000000 19.000000 45.678000 11.723000
72.000000 19.000000 45.570000 12.200000
84.000000 19.000000 45.570000 12.698000
96.000000 19.000000 44.896000 13.237000
108.000000 19.000000 44.679000 13.735000
120.000000 19.000000 44.462000 14.233000
132.000000 19.000000 44.245000 14.731000
144.000000 19.000000 44.028000 15.229000
156.000000 19.000000 43.811000 15.727000
168.000000 19.000000 43.594000 16.225000
180.000000 19.000000 43.377000 16.723000
192.000000 19.000000 43.160000 17.221000
204.000000 19.000000 42.943000 17.719000
216.000000 19.000000 42.726000 18.217000
228.000000 19.000000 42.509000 18.715000
0.000000 21.000000 46.762000 12.806000
12.000000 21.000000 46.762000 12.698000
24.000000 21.000000 46.762000 12.698000
36.000000 21.000000 46.762000 12.698000
48.000000 21.000000 46.762000 12.698000
60.000000 21.000000 46.762000 12.611000
72.000000 21.000000 46.762000 12.611000
84.000000 21.000000 46.762000 12.611000
96.000000 21.000000 46.762000 11.942000
108.000000 21.000000 46.762000 11.834000
120.000000 21.000000 46.762000 11.726000
132.000000 21.000000 46.762000 11.618000
144.000000 21.000000 46.762000 11.510000
156.000000 21.000000 46.762000 11.402000
168.000000 21.000000 46.762000 11.294000
180.000000 21.000000 46.762000 11.186000
192.000000 21.000000 46.762000 11.078000
204.000000 21.000000 46.762000 10.970000
216.000000 21.000000 46.762000 10.862000
228.000000 21.000000 46.762000 10.754000
0.000000 23.000000 47.130000 11.615000
12.000000 23.000000 47.130000 11.615000
24.000000 23.000000 47.130000 11.615000
36.000000 23.000000 47.130000 11.615000
48.000000 23.000000 47.130000 11.615000
60.000000 23.000000 47.130000 11.615000
72.000000 23.000000 47.130000 11.615000
84.000000 23.000000 47.130000 11.615000
96.000000 23.000000 47.130000 11.615000
108.000000 23.000000 47.130000 11.615000
120.000000 23.000000 47.130000 11.615000
132.000000 23.000000 47.130000 11.615000
144.000000 23.000000 47.130000 11.615000
156.000000 23.000000 47.130000 11.615000
168.000000 23.000000 47.130000 11.615000
180.000000 23.000000 47.130000 11.615000
192.000000 23.000000 47.130000 11.615000
204.000000 23.000000 47.130000 11.615000
216.000000 23.000000 47.130000 11.615000
228.000000 23.000000 47.130000 11.615000
0.000000 25.000000 52.006000 9.209000
12.000000 25.000000 52.266000 9.318000
24.000000 25.000000 52.613000 9.404000
36.000000 25.000000 52.959000 9.513000
48.000000 25.000000 52.962000 9.515000
60.000000 25.000000 52.965000 9.517000
72.000000 25.000000 52.968000 9.521000
84.000000 25.000000 52.972000 9.523000
96.000000 25.000000 54.086000 10.081000
108.000000 25.000000 54.346000 10.190000
120.000000 25.000000 54.606000 10.299000
132.000000 25.000000 54.866000 10.408000
144.000000 25.000000 55.126000 10.517000
156.000000 25.000000 55.386000 10.626000
168.000000 25.000000 55.646000 10.735000
180.000000 25.000000 55.906000 10.844000
192.000000 25.000000 56.166000 10.953000
204.000000 25.000000 56.426000 11.062000
216.000000 25.000000 56.686000 11.171000
228.000000 25.000000 56.946000 11.280000
0.000000 27.000000 53.393000 -1.950000
12.000000 27.000000 53.393000 -1.950000
24.000000 27.000000 53.393000 -1.950000
36.000000 27.000000 53.393000 -1.820000
48.000000 27.000000 53.393000 -1.820000
60.000000 27.000000 53.436000 -1.734000
72.000000 27.000000 53.436000 -1.734000
84.000000 27.000000 53.501000 -1.647000
96.000000 27.000000 53.393000 -1.950000
108.000000 27.000000 53.393000 -1.950000
120.000000 27.000000 53.393000 -1.950000
132.000000 27.000000 53.393000 -1.950000
144.000000 27.000000 53.393000 -1.950000
156.000000 27.000000 53.393000 -1.950000
168.000000 27.000000 53.393000 -1.950000
180.000000 27.000000 53.393000 -1.950000
192.000000 27.000000 53.393000 -1.950000
204.000000 27.000000 53.393000 -1.950000
216.000000 27.000000 53.393000 -1.950000
228.000000 27.000000 53.393000 -1.950000
0.000000 29.000000 11.961000 -22.124000
12.000000 29.000000 12.221000 -22.319000
24.000000 29.000000 12.438000 -22.471000
36.000000 29.000000 12.698000 -22.601000
48.000000 29.000000 13.045000 -22.774000
60.000000 29.000000 13.305000 -22.904000
72.000000 29.000000 13.522000 -23.056000
84.000000 29.000000 13.653000 -23.099000
96.000000 29.000000 14.041000 -23.684000
108.000000 29.000000 14.301000 -23.879000
120.000000 29.000000 14.561000 -24.074000
132.000000 29.000000 14.821000 -24.269000
144.000000 29.000000 15.081000 -24.464000
156.000000 29.000000 15.341000 -24.659000
168.000000 29.000000 15.601000 -24.854000
180.000000 29.000000 15.861000 -25.049000
192.000000 29.000000 16.121000 -25.244000
204.000000 29.000000 16.381000 -25.439000
216.000000 29.000000 16.641000 -25.634000
228.000000 29.000000 16.901000 -25.829000
60.000000 1.000000 -13.391000 -22.601000
72.000000 1.000000 -11.355000 -21.431000
84.000000 1.000000 -9.318000 -20.261000
96.000000 1.000000 -7.302000 -18.982000
108.000000 1.000000 -5.287000 -17.790000
120.000000 1.000000 -3.380000 -16.230000
132.000000 1.000000 -1.560000 -14.562000
144.000000 1.000000 0.347000 -12.980000
156.000000 1.000000 2.897000 -13.241000
168.000000 1.000000 4.933000 -12.071000
180.000000 1.000000 6.969000 -10.901000
192.000000 1.000000 9.005000 -9.731000
204.000000 1.000000 11.041000 -8.561000
216.000000 1.000000 13.077000 -7.391000
228.000000 1.000000 15.113000 -6.221000
240.000000 1.000000 17.149000 -5.051000
252.000000 1.000000 19.185000 -3.881000
264.000000 1.000000 21.221000 -2.711000
276.000000 1.000000 23.257000 -1.541000
288.000000 1.000000 25.293000 -0.371000
240.000000 4.000000 40.391000 7.693000
252.000000 4.000000 40.391000 7.693000
264.000000 4.000000 40.391000 7.693000
276.000000 4.000000 40.391000 7.693000
288.000000 4.000000 40.391000 7.693000
300.000000 4.000000 40.391000 7.693000
312.000000 4.000000 40.391000 7.693000
324.000000 4.000000 40.391000 7.693000
336.000000 4.000000 40.391000 7.693000
348.000000 4.000000 40.391000 7.693000
360.000000 4.000000 40.391000 7.693000
372.000000 4.000000 40.391000 7.693000
384.000000 4.000000 40.391000 7.693000
396.000000 4.000000 40.391000 7.693000
408.000000 4.000000 40.391000 7.693000
420.000000 4.000000 40.391000 7.693000
432.000000 4.000000 40.391000 7.693000
444.000000 4.000000 40.391000 7.693000
456.000000 4.000000 40.391000 7.693000
468.000000 4.000000 40.391000 7.693000
240.000000 6.000000 40.500000 5.526000
252.000000 6.000000 40.500000 5.526000
264.000000 6.000000 40.500000 5.526000
276.000000 6.000000 40.500000 5.526000
288.000000 6.000000 40.500000 5.526000
300.000000 6.000000 40.500000 5.526000
312.000000 6.000000 40.500000 5.526000
324.000000 6.000000 40.500000 5.526000
336.000000 6.000000 40.500000 5.526000
348.000000 6.000000 40.500000 5.526000
360.000000 6.000000 40.500000 5.526000
372.000000 6.000000 40.500000 5.526000
384.000000 6.000000 40.500000 5.526000
396.000000 6.000000 40.500000 5.526000
408.000000 6.000000 40.500000 5.526000
420.000000 6.000000 40.500000 5.526000
432.000000 6.000000 40.500000 5.526000
444.000000 6.000000 40.500000 5.526000
456.000000 6.000000 40.500000 5.526000
468.000000 6.000000 40.500000 5.526000
240.000000 8.000000 45.028000 7.541000
252.000000 8.000000 45.028000 7.541000
264.000000 8.000000 45.028000 7.541000
276.000000 8.000000 45.028000 7.541000
288.000000 8.000000 45.028000 7.541000
300.000000 8.000000 45.028000 7.541000
312.000000 8.000000 45.028000 7.541000
324.000000 8.000000 45.028000 7.541000
336.000000 8.000000 45.028000 7.541000
348.000000 8.000000 45.028000 7.541000
360.000000 8.000000 45.028000 7.541000
372.000000 8.000000 45.028000 7.541000
384.000000 8.000000 45.028000 7.541000
396.000000 8.000000 45.028000 7.541000
408.000000 8.000000 45.028000 7.541000
420.000000 8.000000 45.028000 7.541000
432.000000 8.000000 45.028000 7.541000
444.000000 8.000000 45.028000 7.541000
456.000000 8.000000 45.028000 7.541000
468.000000 8.000000 45.028000 7.541000
240.000000 10.000000 44.552000 6.869000
252.000000 10.000000 44.552000 6.869000
264.000000 10.000000 44.552000 6.869000
276.000000 10.000000 44.552000 6.869000
288.000000 10.000000 44.552000 6.869000
300.000000 10.000000 44.552000 6.869000
312.000000 10.000000 44.552000 6.869000
324.000000 10.000000 44.552000 6.869000
336.000000 10.000000 44.552000 6.869000
348.000000 10.000000 44.552000 6.869000
360.000000 10.000000 44.552000 6.869000
372.000000 10.000000 44.552000 6.869000
384.000000 10.000000 44.552000 6.869000
396.000000 10.000000 44.552000 6.869000
408.000000 10.000000 44.552000 6.869000
420.000000 10.000000 44.552000 6.869000
432.000000 10.000000 44.552000 6.869000
444.000000 10.000000 44.552000 6.869000
456.000000 10.000000 44.552000 6.869000
468.000000 10.000000 44.552000 6.869000
240.000000 12.000000 47.889000 6.414000
252.000000 12.000000 47.889000 6.414000
264.000000 12.000000 47.889000 6.414000
276.000000 12.000000 47.889000 6.414000
288.000000 12.000000 47.889000 6.414000
300.000000 12.000000 47.889000 6.414000
312.000000 12.000000 47.889000 6.414000
324.000000 12.000000 47.889000 6.414000
336.000000 12.000000 47.889000 6.414000
348.000000 12.000000 47.889000 6.414000
360.000000 12.000000 47.889000 6.414000
372.000000 12.000000 47.889000 6.414000
384.000000 12.000000 47.889000 6.414000
396.000000 12.000000 47.889000 6.414000
408.000000 12.000000 47.889000 6.414000
420.000000 12.000000 47.889000 6.414000
432.000000 12.000000 47.889000 6.414000
444.000000 12.000000 47.889000 6.414000
456.000000 12.000000 47.889000 6.414000
468.000000 12.000000 47.889000 6.414000
240.000000 14.000000 52.483000 3.922000
252.000000 14.000000 52.483000 3.922000
264.000000 14.000000 52.483000 3.922000
276.000000 14.000000 52.483000 3.922000
288.000000 14.000000 52.483000 3.922000
300.000000 14.000000 52.483000 3.922000
312.000000 14.000000 52.483000 3.922000
324.000000 14.000000 52.483000 3.922000
336.000000 14.000000 52.483000 3.922000
348.000000 14.000000 52.483000 3.922000
360.000000 14.000000 52.483000 3.922000
372.000000 14.000000 52.483000 3.922000
384.000000 14.000000 52.483000 3.922000
396.000000 14.000000 52.483000 3.922000
408.000000 14.000000 52.483000 3.922000
420.000000 14.000000 52.483000 3.922000
432.000000 14.000000 52.483000 3.922000
444.000000 14.000000 52.483000 3.922000
456.000000 14.000000 52.483000 3.922000
468.000000 14.000000 52.483000 3.922000
240.000000 16.000000 51.659000 5.526000
252.000000 16.000000 51.659000 5.526000
264.000000 16.000000 51.659000 5.526000
276.000000 16.000000 51.659000 5.526000
288.000000 16.000000 51.659000 5.526000
300.000000 16.000000 51.659000 5.526000
312.000000 16.000000 51.659000 5.526000
324.000000 16.000000 51.659000 5.526000
336.000000 16.000000 51.659000 5.526000
348.000000 16.000000 51.659000 5.526000
360.000000 16.000000 51.659000 5.526000
372.000000 16.000000 51.659000 5.526000
384.000000 16.000000 51.659000 5.526000
396.000000 16.000000 51.659000 5.526000
408.000000 16.000000 51.659000 5.526000
420.000000 16.000000 51.659000 5.526000
432.000000 16.000000 51.659000 5.526000
444.000000 16.000000 51.659000 5.526000
456.000000 16.000000 51.659000 5.526000
468.000000 16.000000 51.659000 5.526000
240.000000 18.000000 53.089000 5.396000
252.000000 18.000000 53.089000 5.396000
264.000000 18.000000 52.959000 5.396000
276.000000 18.000000 52.851000 5.396000
288.000000 18.000000 52.851000 5.287000
300.000000 18.000000 52.743000 5.287000
312.000000 18.000000 52.613000 5.287000
324.000000 18.000000 52.483000 5.287000
336.000000 18.000000 53.089000 5.396000
348.000000 18.000000 53.089000 5.396000
360.000000 18.000000 53.089000 5.396000
372.000000 18.000000 53.089000 5.396000
384.000000 18.000000 53.089000 5.396000
396.000000 18.000000 53.089000 5.396000
408.000000 18.000000 53.089000 5.396000
420.000000 18.000000 53.089000 5.396000
432.000000 18.000000 53.089000 5.396000
444.000000 18.000000 53.089000 5.396000
456.000000 18.000000 53.089000 5.396000
468.000000 18.000000 53.089000 5.396000
240.000000 20.000000 46.153000 18.568000
252.000000 20.000000 46.132000 18.283000
264.000000 20.000000 46.111000 17.998000
276.000000 20.000000 46.090000 17.713000
288.000000 20.000000 46.068000 17.428000
300.000000 20.000000 46.047000 17.142000
312.000000 20.000000 46.026000 16.857000
324.000000 20.000000 46.004000 16.572000
336.000000 20.000000 45.985000 16.288000
348.000000 20.000000 45.964000 16.003000
360.000000 20.000000 45.943000 15.718000
372.000000 20.000000 45.922000 15.433000
384.000000 20.000000 45.901000 15.148000
396.000000 20.000000 45.880000 14.863000
408.000000 20.000000 45.859000 14.578000
420.000000 20.000000 45.838000 14.293000
432.000000 20.000000 45.817000 14.008000
444.000000 20.000000 45.796000 13.723000
456.000000 20.000000 45.775000 13.438000
468.000000 20.000000 45.754000 13.153000
240.000000 22.000000 46.892000 12.308000
252.000000 22.000000 46.892000 12.308000
264.000000 22.000000 46.892000 12.308000
276.000000 22.000000 46.892000 12.200000
288.000000 22.000000 46.892000 12.200000
300.000000 22.000000 46.892000 12.200000
312.000000 22.000000 46.892000 12.200000
324.000000 22.000000 46.892000 12.200000
336.000000 22.000000 46.892000 12.308000
348.000000 22.000000 46.892000 12.308000
360.000000 22.000000 46.892000 12.308000
372.000000 22.000000 46.892000 12.308000
384.000000 22.000000 46.892000 12.308000
396.000000 22.000000 46.892000 12.308000
408.000000 22.000000 46.892000 12.308000
420.000000 22.000000 46.892000 12.308000
432.000000 22.000000 46.892000 12.308000
444.000000 22.000000 46.892000 12.308000
456.000000 22.000000 46.892000 12.308000
468.000000 22.000000 46.892000 12.308000
240.000000 24.000000 47.130000 11.615000
252.000000 24.000000 47.130000 11.615000
264.000000 24.000000 47.130000 11.615000
276.000000 24.000000 47.130000 11.615000
288.000000 24.000000 47.130000 11.615000
300.000000 24.000000 47.130000 11.615000
312.000000 24.000000 47.130000 11.615000
324.000000 24.000000 47.130000 11.615000
336.000000 24.000000 47.130000 11.615000
348.000000 24.000000 47.130000 11.615000
360.000000 24.000000 47.130000 11.615000
372.000000 24.000000 47.130000 11.615000
384.000000 24.000000 47.130000 11.615000
396.000000 24.000000 47.130000 11.615000
408.000000 24.000000 47.130000 11.615000
420.000000 24.000000 47.130000 11.615000
432.000000 24.000000 47.130000 11.615000
444.000000 24.000000 47.130000 11.615000
456.000000 24.000000 47.130000 11.615000
468.000000 24.000000 47.130000 11.615000
240.000000 26.000000 53.015000 9.559000
252.000000 26.000000 53.018000 9.562000
264.000000 26.000000 53.022000 9.565000
276.000000 26.000000 53.025000 9.567000
288.000000 26.000000 53.028000 9.570000
300.000000 26.000000 53.032000 9.573000
312.000000 26.000000 53.035000 9.576000
324.000000 26.000000 53.038000 9.579000
336.000000 26.000000 53.039000 9.583000
348.000000 26.000000 53.042000 9.586000
360.000000 26.000000 53.045000 9.589000
372.000000 26.000000 53.048000 9.592000
384.000000 26.000000 53.051000 9.595000
396.000000 26.000000 53.054000 9.598000
408.000000 26.000000 53.057000 9.601000
420.000000 26.000000 53.060000 9.604000
432.000000 26.000000 53.063000 9.607000
444.000000 26.000000 53.066000 9.610000
456.000000 26.000000 53.069000 9.613000
468.000000 26.000000 53.072000 9.616000
240.000000 28.000000 53.804000 -1.040000
252.000000 28.000000 53.848000 -0.953000
264.000000 28.000000 53.848000 -0.953000
276.000000 28.000000 53.848000 -0.867000
288.000000 28.000000 53.848000 -0.867000
300.000000 28.000000 53.978000 -0.737000
312.000000 28.000000 53.978000 -0.737000
324.000000 28.000000 53.978000 -0.650000
336.000000 28.000000 54.156000 -0.344000
348.000000 28.000000 54.200000 -0.257000
360.000000 28.000000 54.244000 -0.170000
372.000000 28.000000 54.288000 -0.083000
384.000000 28.000000 54.332000 0.004000
396.000000 28.000000 54.376000 0.091000
408.000000 28.000000 54.420000 0.178000
420.000000 28.000000 54.464000 0.265000
432.000000 28.000000 54.508000 0.352000
444.000000 28.000000 54.552000 0.439000
456.000000 28.000000 54.596000 0.526000
468.000000 28.000000 54.640000 0.613000
240.000000 30.000000 13.700000 -23.099000
252.000000 30.000000 13.704000 -23.099000
264.000000 30.000000 13.707000 -23.099000
276.000000 30.000000 13.711000 -23.099000
288.000000 30.000000 13.715000 -23.099000
300.000000 30.000000 13.719000 -23.099000
312.000000 30.000000 13.722000 -23.099000
324.000000 30.000000 13.726000 -23.099000
336.000000 30.000000 13.732000 -23.099000
348.000000 30.000000 13.736000 -23.099000
360.000000 30.000000 13.740000 -23.099000
372.000000 30.000000 13.744000 -23.099000
384.000000 30.000000 13.748000 -23.099000
396.000000 30.000000 13.752000 -23.099000
408.000000 30.000000 13.756000 -23.099000
420.000000 30.000000 13.760000 -23.099000
432.000000 30.000000 13.764000 -23.099000
444.000000 30.000000 13.768000 -23.099000
456.000000 30.000000 13.772000 -23.099000
468.000000 30.000000 13.776000 -23.099000
276.000000 0.000000 -16.967000 -22.861000
288.000000 0.000000 -15.233000 -22.861000
300.000000 0.000000 -13.457000 -22.861000
312.000000 0.000000 -11.680000 -22.861000
324.000000 0.000000 -9.859000 -22.753000
336.000000 0.000000 -7.823000 -22.666000
348.000000 0.000000 -5.829000 -22.666000
360.000000 0.000000 -3.792000 -22.558000
372.000000 0.000000 -3.095000 -22.861000
384.000000 0.000000 -1.361000 -22.861000
396.000000 0.000000 0.373000 -22.861000
408.000000 0.000000 2.107000 -22.861000
420.000000 0.000000 3.841000 -22.861000
432.000000 0.000000 5.575000 -22.861000
444.000000 0.000000 7.309000 -22.861000
456.000000 0.000000 9.043000 -22.861000
468.000000 0.000000 10.777000 -22.861000
480.000000 0.000000 12.511000 -22.861000
492.000000 0.000000 14.245000 -22.861000
504.000000 0.000000 15.979000 -22.861000