0.000000 1.000000 20.467000 11.255000
12.000000 1.000000 20.334000 11.255000
24.000000 1.000000 20.334000 11.255000
36.000000 1.000000 20.201000 11.255000
48.000000 1.000000 20.201000 11.255000
60.000000 1.000000 20.090000 11.255000
72.000000 1.000000 19.979000 11.255000
84.000000 1.000000 19.979000 11.255000
96.000000 1.000000 19.403000 11.255000
108.000000 1.000000 19.270000 11.255000
120.000000 1.000000 19.137000 11.255000
132.000000 1.000000 19.004000 11.255000
144.000000 1.000000 18.871000 11.255000
156.000000 1.000000 18.738000 11.255000
168.000000 1.000000 18.605000 11.255000
180.000000 1.000000 18.472000 11.255000
192.000000 1.000000 18.339000 11.255000
204.000000 1.000000 18.206000 11.255000
216.000000 1.000000 18.073000 11.255000
228.000000 1.000000 17.940000 11.255000
0.000000 3.000000 -25.906000 13.519000
12.000000 3.000000 -23.486000 13.807000
24.000000 3.000000 -21.310000 14.429000
36.000000 3.000000 -18.735000 14.829000
48.000000 3.000000 -16.538000 15.517000
60.000000 3.000000 -14.340000 16.227000
72.000000 3.000000 -12.120000 17.337000
84.000000 3.000000 -9.923000 18.536000
96.000000 3.000000 -6.546000 15.823000
108.000000 3.000000 -4.126000 16.111000
120.000000 3.000000 -1.706000 16.399000
132.000000 3.000000 0.714000 16.687000
144.000000 3.000000 3.134000 16.975000
156.000000 3.000000 5.554000 17.263000
168.000000 3.000000 7.974000 17.551000
180.000000 3.000000 10.394000 17.839000
192.000000 3.000000 12.814000 18.127000
204.000000 3.000000 15.234000 18.415000
216.000000 3.000000 17.654000 18.703000
228.000000 3.000000 20.074000 18.991000
0.000000 5.000000 5.372000 11.565000
12.000000 5.000000 2.908000 11.255000
24.000000 5.000000 1.066000 11.166000
36.000000 5.000000 -0.755000 11.033000
48.000000 5.000000 -2.575000 10.855000
60.000000 5.000000 -4.440000 10.744000
72.000000 5.000000 -6.260000 10.744000
84.000000 5.000000 -8.080000 10.633000
96.000000 5.000000 -14.340000 9.085000
108.000000 5.000000 -16.804000 8.775000
120.000000 5.000000 -19.268000 8.465000
132.000000 5.000000 -21.732000 8.155000
144.000000 5.000000 -24.196000 7.845000
156.000000 5.000000 -26.660000 7.535000
168.000000 5.000000 -29.124000 7.225000
180.000000 5.000000 -31.588000 6.915000
192.000000 5.000000 -34.052000 6.605000
204.000000 5.000000 -36.516000 6.295000
216.000000 5.000000 -38.980000 5.985000
228.000000 5.000000 -41.444000 5.675000
0.000000 7.000000 12.143000 16.782000
12.000000 7.000000 12.387000 16.582000
24.000000 7.000000 12.764000 16.382000
36.000000 7.000000 12.986000 16.294000
48.000000 7.000000 13.363000 16.072000
60.000000 7.000000 13.608000 15.983000
72.000000 7.000000 13.985000 15.783000
84.000000 7.000000 14.340000 15.672000
96.000000 7.000000 14.095000 15.182000
108.000000 7.000000 14.339000 14.982000
120.000000 7.000000 14.583000 14.782000
132.000000 7.000000 14.827000 14.582000
144.000000 7.000000 15.071000 14.382000
156.000000 7.000000 15.315000 14.182000
168.000000 7.000000 15.559000 13.982000
180.000000 7.000000 15.803000 13.782000
192.000000 7.000000 16.047000 13.582000
204.000000 7.000000 16.291000 13.382000
216.000000 7.000000 16.535000 13.182000
228.000000 7.000000 16.779000 12.982000
0.000000 9.000000 12.098000 4.706000
12.000000 9.000000 13.075000 5.217000
24.000000 9.000000 14.163000 5.705000
36.000000 9.000000 15.250000 6.216000
48.000000 9.000000 16.360000 6.815000
60.000000 9.000000 17.470000 7.325000
72.000000 9.000000 18.558000 7.836000
84.000000 9.000000 19.646000 8.324000
96.000000 9.000000 19.914000 8.794000
108.000000 9.000000 20.891000 9.305000
120.000000 9.000000 21.868000 9.816000
132.000000 9.000000 22.845000 10.327000
144.000000 9.000000 23.822000 10.838000
156.000000 9.000000 24.799000 11.349000
168.000000 9.000000 25.776000 11.860000
180.000000 9.000000 26.753000 12.371000
192.000000 9.000000 27.730000 12.882000
204.000000 9.000000 28.707000 13.393000
216.000000 9.000000 29.684000 13.904000
228.000000 9.000000 30.661000 14.415000
192.000000 0.000000 -30.478000 13.608000
204.000000 0.000000 -28.747000 13.918000
216.000000 0.000000 -27.060000 14.207000
228.000000 0.000000 -25.328000 14.518000
240.000000 0.000000 -23.508000 14.829000
252.000000 0.000000 -21.777000 15.228000
264.000000 0.000000 -19.823000 15.428000
276.000000 0.000000 -17.870000 15.539000
288.000000 0.000000 -16.630000 16.088000
300.000000 0.000000 -14.899000 16.398000
312.000000 0.000000 -13.168000 16.708000
324.000000 0.000000 -11.437000 17.018000
336.000000 0.000000 -9.706000 17.328000
348.000000 0.000000 -7.975000 17.638000
360.000000 0.000000 -6.244000 17.948000
372.000000 0.000000 -4.513000 18.258000
384.000000 0.000000 -2.782000 18.568000
396.000000 0.000000 -1.051000 18.878000
408.000000 0.000000 0.680000 19.188000
420.000000 0.000000 2.411000 19.498000
240.000000 2.000000 19.601000 11.055000
252.000000 2.000000 19.601000 11.055000
264.000000 2.000000 19.601000 11.144000
276.000000 2.000000 19.601000 11.144000
288.000000 2.000000 19.490000 11.144000
300.000000 2.000000 19.490000 11.144000
312.000000 2.000000 19.490000 11.255000
324.000000 2.000000 19.490000 11.255000
336.000000 2.000000 19.601000 11.055000
348.000000 2.000000 19.601000 11.055000
360.000000 2.000000 19.601000 11.055000
372.000000 2.000000 19.601000 11.055000
384.000000 2.000000 19.601000 11.055000
396.000000 2.000000 19.601000 11.055000
408.000000 2.000000 19.601000 11.055000
420.000000 2.000000 19.601000 11.055000
432.000000 2.000000 19.601000 11.055000
444.000000 2.000000 19.601000 11.055000
456.000000 2.000000 19.601000 11.055000
468.000000 2.000000 19.601000 11.055000
240.000000 4.000000 -6.435000 21.047000
252.000000 4.000000 -6.767000 20.840000
264.000000 4.000000 -7.099000 20.633000
276.000000 4.000000 -7.431000 20.427000
288.000000 4.000000 -7.763000 20.220000
300.000000 4.000000 -8.095000 20.013000
312.000000 4.000000 -8.427000 19.806000
324.000000 4.000000 -8.759000 19.599000
336.000000 4.000000 -9.091000 19.391000
348.000000 4.000000 -9.423000 19.184000
360.000000 4.000000 -9.755000 18.977000
372.000000 4.000000 -10.087000 18.770000
384.000000 4.000000 -10.419000 18.563000
396.000000 4.000000 -10.751000 18.356000
408.000000 4.000000 -11.083000 18.149000
420.000000 4.000000 -11.415000 17.942000
432.000000 4.000000 -11.747000 17.735000
444.000000 4.000000 -12.079000 17.528000
456.000000 4.000000 -12.411000 17.321000
468.000000 4.000000 -12.743000 17.114000
240.000000 6.000000 -29.259000 8.520000
252.000000 6.000000 -27.797000 8.646000
264.000000 6.000000 -26.335000 8.772000
276.000000 6.000000 -24.873000 8.899000
288.000000 6.000000 -23.410000 9.025000
300.000000 6.000000 -21.948000 9.152000
312.000000 6.000000 -20.486000 9.278000
324.000000 6.000000 -19.024000 9.405000
336.000000 6.000000 -17.563000 9.528000
348.000000 6.000000 -16.101000 9.654000
360.000000 6.000000 -14.639000 9.780000
372.000000 6.000000 -13.177000 9.906000
384.000000 6.000000 -11.715000 10.032000
396.000000 6.000000 -10.253000 10.158000
408.000000 6.000000 -8.791000 10.284000
420.000000 6.000000 -7.329000 10.410000
432.000000 6.000000 -5.867000 10.536000
444.000000 6.000000 -4.405000 10.662000
456.000000 6.000000 -2.943000 10.788000
468.000000 6.000000 -1.481000 10.914000
240.000000 8.000000 19.246000 13.452000
252.000000 8.000000 19.601000 13.363000
264.000000 8.000000 19.956000 13.164000
276.000000 8.000000 20.445000 13.053000
288.000000 8.000000 20.822000 12.964000
300.000000 8.000000 21.310000 12.875000
312.000000 8.000000 21.799000 12.764000
324.000000 8.000000 22.287000 12.653000
336.000000 8.000000 22.086000 12.740000
348.000000 8.000000 22.441000 12.651000
360.000000 8.000000 22.796000 12.562000
372.000000 8.000000 23.151000 12.473000
384.000000 8.000000 23.506000 12.384000
396.000000 8.000000 23.861000 12.295000
408.000000 8.000000 24.216000 12.206000
420.000000 8.000000 24.571000 12.117000
432.000000 8.000000 24.926000 12.028000
444.000000 8.000000 25.281000 11.939000
456.000000 8.000000 25.636000 11.850000
468.000000 8.000000 25.991000 11.761000
240.000000 10.000000 34.829000 13.252000
252.000000 10.000000 36.161000 13.474000
264.000000 10.000000 37.515000 13.763000
276.000000 10.000000 38.736000 14.052000
288.000000 10.000000 40.068000 14.362000
300.000000 10.000000 41.444000 14.673000
312.000000 10.000000 42.776000 14.873000
324.000000 10.000000 44.241000 15.073000
336.000000 10.000000 45.485000 15.028000
348.000000 10.000000 46.817000 15.250000
360.000000 10.000000 48.149000 15.472000
372.000000 10.000000 49.481000 15.694000
384.000000 10.000000 50.813000 15.916000
396.000000 10.000000 52.145000 16.138000
408.000000 10.000000 53.477000 16.360000
420.000000 10.000000 54.809000 16.582000
432.000000 10.000000 56.141000 16.804000
444.000000 10.000000 57.473000 17.026000
456.000000 10.000000 58.805000 17.248000
468.000000 10.000000 60.137000 17.470000
276.000000 11.000000 54.386000 -21.310000
288.000000 11.000000 53.720000 -21.111000
300.000000 11.000000 53.720000 -20.711000
312.000000 11.000000 53.720000 -20.289000
324.000000 11.000000 53.587000 -19.801000
336.000000 11.000000 53.587000 -19.401000
348.000000 11.000000 53.587000 -18.980000
360.000000 11.000000 53.587000 -18.580000
372.000000 11.000000 49.058000 -19.718000
384.000000 11.000000 48.392000 -19.519000
396.000000 11.000000 47.726000 -19.320000
408.000000 11.000000 47.060000 -19.121000
420.000000 11.000000 46.394000 -18.922000
432.000000 11.000000 45.728000 -18.723000
444.000000 11.000000 45.062000 -18.524000
456.000000 11.000000 44.396000 -18.325000
468.000000 11.000000 43.730000 -18.126000
480.000000 11.000000 43.064000 -17.927000
492.000000 11.000000 42.398000 -17.728000
504.000000 11.000000 41.732000 -17.529000