0.000000 1.000000 10.292000 13.907000
12.000000 1.000000 10.803000 14.014000
24.000000 1.000000 11.398000 14.205000
36.000000 1.000000 11.994000 14.396000
48.000000 1.000000 12.568000 14.545000
60.000000 1.000000 13.163000 14.715000
72.000000 1.000000 13.737000 14.864000
84.000000 1.000000 14.333000 15.077000
96.000000 1.000000 14.380000 14.763000
108.000000 1.000000 14.891000 14.870000
120.000000 1.000000 15.402000 14.977000
132.000000 1.000000 15.913000 15.084000
144.000000 1.000000 16.424000 15.191000
156.000000 1.000000 16.935000 15.298000
168.000000 1.000000 17.446000 15.405000
180.000000 1.000000 17.957000 15.512000
192.000000 1.000000 18.468000 15.619000
204.000000 1.000000 18.979000 15.726000
216.000000 1.000000 19.490000 15.833000
228.000000 1.000000 20.001000 15.940000
0.000000 3.000000 35.938000 22.201000
12.000000 3.000000 35.470000 22.094000
24.000000 3.000000 35.002000 22.009000
36.000000 3.000000 34.535000 21.924000
48.000000 3.000000 34.194000 21.797000
60.000000 3.000000 33.726000 21.712000
72.000000 3.000000 33.259000 21.627000
84.000000 3.000000 32.833000 21.542000
96.000000 3.000000 32.194000 21.345000
108.000000 3.000000 31.726000 21.238000
120.000000 3.000000 31.258000 21.131000
132.000000 3.000000 30.790000 21.024000
144.000000 3.000000 30.322000 20.917000
156.000000 3.000000 29.854000 20.810000
168.000000 3.000000 29.386000 20.703000
180.000000 3.000000 28.918000 20.596000
192.000000 3.000000 28.450000 20.489000
204.000000 3.000000 27.982000 20.382000
216.000000 3.000000 27.514000 20.275000
228.000000 3.000000 27.046000 20.168000
0.000000 5.000000 32.663000 15.119000
12.000000 5.000000 32.195000 14.630000
24.000000 5.000000 31.728000 14.248000
36.000000 5.000000 31.260000 13.865000
48.000000 5.000000 30.898000 13.461000
60.000000 5.000000 30.430000 13.078000
72.000000 5.000000 29.963000 12.695000
84.000000 5.000000 29.601000 12.227000
96.000000 5.000000 28.919000 11.207000
108.000000 5.000000 28.451000 10.718000
120.000000 5.000000 27.983000 10.229000
132.000000 5.000000 27.515000 9.740000
144.000000 5.000000 27.047000 9.251000
156.000000 5.000000 26.579000 8.762000
168.000000 5.000000 26.111000 8.273000
180.000000 5.000000 25.643000 7.784000
192.000000 5.000000 25.175000 7.295000
204.000000 5.000000 24.707000 6.806000
216.000000 5.000000 24.239000 6.317000
228.000000 5.000000 23.771000 5.828000
0.000000 7.000000 41.680000 13.673000
12.000000 7.000000 40.978000 13.269000
24.000000 7.000000 40.276000 12.887000
36.000000 7.000000 39.681000 12.610000
48.000000 7.000000 38.979000 12.227000
60.000000 7.000000 38.341000 11.930000
72.000000 7.000000 37.682000 11.547000
84.000000 7.000000 37.044000 11.271000
96.000000 7.000000 36.064000 10.441000
108.000000 7.000000 35.362000 10.037000
120.000000 7.000000 34.660000 9.633000
132.000000 7.000000 33.958000 9.229000
144.000000 7.000000 33.256000 8.825000
156.000000 7.000000 32.554000 8.421000
168.000000 7.000000 31.852000 8.017000
180.000000 7.000000 31.150000 7.613000
192.000000 7.000000 30.448000 7.209000
204.000000 7.000000 29.746000 6.805000
216.000000 7.000000 29.044000 6.401000
228.000000 7.000000 28.342000 5.997000
0.000000 9.000000 10.866000 -16.693000
12.000000 9.000000 11.334000 -16.587000
24.000000 9.000000 11.930000 -16.502000
36.000000 9.000000 12.504000 -16.417000
48.000000 9.000000 13.099000 -16.310000
60.000000 9.000000 13.673000 -16.119000
72.000000 9.000000 14.141000 -16.034000
84.000000 9.000000 14.737000 -15.928000
96.000000 9.000000 14.610000 -15.845000
108.000000 9.000000 15.078000 -15.739000
120.000000 9.000000 15.546000 -15.633000
132.000000 9.000000 16.014000 -15.527000
144.000000 9.000000 16.482000 -15.421000
156.000000 9.000000 16.950000 -15.315000
168.000000 9.000000 17.418000 -15.209000
180.000000 9.000000 17.886000 -15.103000
192.000000 9.000000 18.354000 -14.997000
204.000000 9.000000 18.822000 -14.891000
216.000000 9.000000 19.290000 -14.785000
228.000000 9.000000 19.758000 -14.679000
0.000000 11.000000 -25.731000 13.907000
12.000000 11.000000 -25.263000 13.716000
24.000000 11.000000 -24.753000 13.610000
36.000000 11.000000 -24.285000 13.525000
48.000000 11.000000 -23.753000 13.440000
60.000000 11.000000 -23.221000 13.291000
72.000000 11.000000 -22.690000 13.184000
84.000000 11.000000 -22.222000 13.078000
96.000000 11.000000 -21.987000 12.379000
108.000000 11.000000 -21.519000 12.188000
120.000000 11.000000 -21.051000 11.997000
132.000000 11.000000 -20.583000 11.806000
144.000000 11.000000 -20.115000 11.615000
156.000000 11.000000 -19.647000 11.424000
168.000000 11.000000 -19.179000 11.233000
180.000000 11.000000 -18.711000 11.042000
192.000000 11.000000 -18.243000 10.851000
204.000000 11.000000 -17.775000 10.660000
216.000000 11.000000 -17.307000 10.469000
228.000000 11.000000 -16.839000 10.278000
0.000000 13.000000 -26.092000 5.338000
12.000000 13.000000 -25.965000 5.146000
24.000000 13.000000 -25.731000 4.934000
36.000000 13.000000 -25.497000 4.763000
48.000000 13.000000 -25.263000 4.551000
60.000000 13.000000 -25.029000 4.466000
72.000000 13.000000 -24.923000 4.551000
84.000000 13.000000 -24.689000 4.657000
96.000000 13.000000 -25.076000 3.802000
108.000000 13.000000 -24.949000 3.610000
120.000000 13.000000 -24.822000 3.418000
132.000000 13.000000 -24.695000 3.226000
144.000000 13.000000 -24.568000 3.034000
156.000000 13.000000 -24.441000 2.842000
168.000000 13.000000 -24.314000 2.650000
180.000000 13.000000 -24.187000 2.458000
192.000000 13.000000 -24.060000 2.266000
204.000000 13.000000 -23.933000 2.074000
216.000000 13.000000 -23.806000 1.882000
228.000000 13.000000 -23.679000 1.690000
0.000000 15.000000 -20.797000 11.079000
12.000000 15.000000 -20.585000 11.079000
24.000000 15.000000 -20.329000 11.164000
36.000000 15.000000 -20.117000 11.249000
48.000000 15.000000 -19.862000 11.356000
60.000000 15.000000 -19.649000 11.462000
72.000000 15.000000 -19.394000 11.547000
84.000000 15.000000 -19.181000 11.632000
96.000000 15.000000 -19.101000 11.079000
108.000000 15.000000 -18.889000 11.079000
120.000000 15.000000 -18.677000 11.079000
132.000000 15.000000 -18.465000 11.079000
144.000000 15.000000 -18.253000 11.079000
156.000000 15.000000 -18.041000 11.079000
168.000000 15.000000 -17.829000 11.079000
180.000000 15.000000 -17.617000 11.079000
192.000000 15.000000 -17.405000 11.079000
204.000000 15.000000 -17.193000 11.079000
216.000000 15.000000 -16.981000 11.079000
228.000000 15.000000 -16.769000 11.079000
0.000000 17.000000 -23.115000 -1.744000
12.000000 17.000000 -23.200000 -1.744000
24.000000 17.000000 -23.200000 -1.744000
36.000000 17.000000 -23.200000 -1.744000
48.000000 17.000000 -23.200000 -1.744000
60.000000 17.000000 -23.200000 -1.744000
72.000000 17.000000 -23.200000 -1.744000
84.000000 17.000000 -23.200000 -1.744000
96.000000 17.000000 -23.795000 -1.744000
108.000000 17.000000 -23.880000 -1.744000
120.000000 17.000000 -23.965000 -1.744000
132.000000 17.000000 -24.050000 -1.744000
144.000000 17.000000 -24.135000 -1.744000
156.000000 17.000000 -24.220000 -1.744000
168.000000 17.000000 -24.305000 -1.744000
180.000000 17.000000 -24.390000 -1.744000
192.000000 17.000000 -24.475000 -1.744000
204.000000 17.000000 -24.560000 -1.744000
216.000000 17.000000 -24.645000 -1.744000
228.000000 17.000000 -24.730000 -1.744000
0.000000 19.000000 -7.507000 -22.711000
12.000000 19.000000 -7.166000 -22.626000
24.000000 19.000000 -6.699000 -22.541000
36.000000 19.000000 -6.231000 -22.435000
48.000000 19.000000 -5.827000 -22.286000
60.000000 19.000000 -5.359000 -22.137000
72.000000 19.000000 -4.955000 -22.052000
84.000000 19.000000 -4.529000 -21.903000
96.000000 19.000000 -4.779000 -22.031000
108.000000 19.000000 -4.438000 -21.946000
120.000000 19.000000 -4.097000 -21.861000
132.000000 19.000000 -3.756000 -21.776000
144.000000 19.000000 -3.415000 -21.691000
156.000000 19.000000 -3.074000 -21.606000
168.000000 19.000000 -2.733000 -21.521000
180.000000 19.000000 -2.392000 -21.436000
192.000000 19.000000 -2.051000 -21.351000
204.000000 19.000000 -1.710000 -21.266000
216.000000 19.000000 -1.369000 -21.181000
228.000000 19.000000 -1.028000 -21.096000
240.000000 2.000000 21.116000 17.055000
252.000000 2.000000 21.712000 17.225000
264.000000 2.000000 22.286000 17.437000
276.000000 2.000000 22.881000 17.522000
288.000000 2.000000 23.583000 17.714000
300.000000 2.000000 24.051000 18.012000
312.000000 2.000000 24.625000 18.203000
324.000000 2.000000 25.093000 18.501000
336.000000 2.000000 25.884000 18.415000
348.000000 2.000000 26.480000 18.585000
360.000000 2.000000 27.076000 18.755000
372.000000 2.000000 27.672000 18.925000
384.000000 2.000000 28.268000 19.095000
396.000000 2.000000 28.864000 19.265000
408.000000 2.000000 29.460000 19.435000
420.000000 2.000000 30.056000 19.605000
432.000000 2.000000 30.652000 19.775000
444.000000 2.000000 31.248000 19.945000
456.000000 2.000000 31.844000 20.115000
468.000000 2.000000 32.440000 20.285000
240.000000 4.000000 26.858000 20.648000
252.000000 4.000000 26.390000 20.648000
264.000000 4.000000 25.795000 20.563000
276.000000 4.000000 25.327000 20.563000
288.000000 4.000000 24.859000 20.478000
300.000000 4.000000 24.391000 20.478000
312.000000 4.000000 23.817000 20.351000
324.000000 4.000000 23.349000 20.266000
336.000000 4.000000 23.114000 20.648000
348.000000 4.000000 22.646000 20.648000
360.000000 4.000000 22.178000 20.648000
372.000000 4.000000 21.710000 20.648000
384.000000 4.000000 21.242000 20.648000
396.000000 4.000000 20.774000 20.648000
408.000000 4.000000 20.306000 20.648000
420.000000 4.000000 19.838000 20.648000
432.000000 4.000000 19.370000 20.648000
444.000000 4.000000 18.902000 20.648000
456.000000 4.000000 18.434000 20.648000
468.000000 4.000000 17.966000 20.648000
240.000000 6.000000 23.859000 7.400000
252.000000 6.000000 23.392000 7.017000
264.000000 6.000000 22.924000 6.741000
276.000000 6.000000 22.456000 6.358000
288.000000 6.000000 21.988000 6.061000
300.000000 6.000000 21.520000 5.678000
312.000000 6.000000 21.052000 5.295000
324.000000 6.000000 20.585000 4.997000
336.000000 6.000000 20.123000 4.336000
348.000000 6.000000 19.656000 3.953000
360.000000 6.000000 19.189000 3.570000
372.000000 6.000000 18.722000 3.187000
384.000000 6.000000 18.255000 2.804000
396.000000 6.000000 17.788000 2.421000
408.000000 6.000000 17.321000 2.038000
420.000000 6.000000 16.854000 1.655000
432.000000 6.000000 16.387000 1.272000
444.000000 6.000000 15.920000 0.889000
456.000000 6.000000 15.453000 0.506000
468.000000 6.000000 14.986000 0.123000
240.000000 8.000000 29.197000 6.146000
252.000000 8.000000 28.623000 5.763000
264.000000 8.000000 28.027000 5.274000
276.000000 8.000000 27.453000 4.891000
288.000000 8.000000 26.858000 4.508000
300.000000 8.000000 26.156000 4.125000
312.000000 8.000000 25.582000 3.658000
324.000000 8.000000 24.986000 3.254000
336.000000 8.000000 24.605000 3.082000
348.000000 8.000000 24.031000 2.699000
360.000000 8.000000 23.457000 2.316000
372.000000 8.000000 22.883000 1.933000
384.000000 8.000000 22.309000 1.550000
396.000000 8.000000 21.735000 1.167000
408.000000 8.000000 21.161000 0.784000
420.000000 8.000000 20.587000 0.401000
432.000000 8.000000 20.013000 0.018000
444.000000 8.000000 19.439000 -0.365000
456.000000 8.000000 18.865000 -0.748000
468.000000 8.000000 18.291000 -1.131000
240.000000 10.000000 21.542000 -14.758000
252.000000 10.000000 22.116000 -14.673000
264.000000 10.000000 22.584000 -14.588000
276.000000 10.000000 23.051000 -14.588000
288.000000 10.000000 23.519000 -14.482000
300.000000 10.000000 24.093000 -14.375000
312.000000 10.000000 24.561000 -14.375000
324.000000 10.000000 25.050000 -14.290000
336.000000 10.000000 26.134000 -14.078000
348.000000 10.000000 26.708000 -13.993000
360.000000 10.000000 27.282000 -13.908000
372.000000 10.000000 27.856000 -13.823000
384.000000 10.000000 28.430000 -13.738000
396.000000 10.000000 29.004000 -13.653000
408.000000 10.000000 29.578000 -13.568000
420.000000 10.000000 30.152000 -13.483000
432.000000 10.000000 30.726000 -13.398000
444.000000 10.000000 31.300000 -13.313000
456.000000 10.000000 31.874000 -13.228000
468.000000 10.000000 32.448000 -13.143000
240.000000 12.000000 -19.543000 14.248000
252.000000 12.000000 -19.415000 14.248000
264.000000 12.000000 -19.075000 14.354000
276.000000 12.000000 -18.820000 14.354000
288.000000 12.000000 -18.479000 14.439000
300.000000 12.000000 -18.224000 14.439000
312.000000 12.000000 -17.884000 14.524000
324.000000 12.000000 -17.671000 14.524000
336.000000 12.000000 -18.519000 14.248000
348.000000 12.000000 -18.391000 14.248000
360.000000 12.000000 -18.263000 14.248000
372.000000 12.000000 -18.135000 14.248000
384.000000 12.000000 -18.007000 14.248000
396.000000 12.000000 -17.879000 14.248000
408.000000 12.000000 -17.751000 14.248000
420.000000 12.000000 -17.623000 14.248000
432.000000 12.000000 -17.495000 14.248000
444.000000 12.000000 -17.367000 14.248000
456.000000 12.000000 -17.239000 14.248000
468.000000 12.000000 -17.111000 14.248000
240.000000 14.000000 -21.520000 6.592000
252.000000 14.000000 -21.159000 6.677000
264.000000 14.000000 -20.819000 6.869000
276.000000 14.000000 -20.457000 6.975000
288.000000 14.000000 -20.117000 7.166000
300.000000 14.000000 -19.755000 7.251000
312.000000 14.000000 -19.415000 7.443000
324.000000 14.000000 -19.054000 7.655000
336.000000 14.000000 -18.632000 7.272000
348.000000 14.000000 -18.271000 7.357000
360.000000 14.000000 -17.910000 7.442000
372.000000 14.000000 -17.549000 7.527000
384.000000 14.000000 -17.188000 7.612000
396.000000 14.000000 -16.827000 7.697000
408.000000 14.000000 -16.466000 7.782000
420.000000 14.000000 -16.105000 7.867000
432.000000 14.000000 -15.744000 7.952000
444.000000 14.000000 -15.383000 8.037000
456.000000 14.000000 -15.022000 8.122000
468.000000 14.000000 -14.661000 8.207000
240.000000 16.000000 -15.906000 12.695000
252.000000 16.000000 -15.524000 12.695000
264.000000 16.000000 -15.311000 12.695000
276.000000 16.000000 -15.056000 12.695000
288.000000 16.000000 -14.843000 12.802000
300.000000 16.000000 -14.503000 12.802000
312.000000 16.000000 -14.248000 12.802000
324.000000 16.000000 -14.035000 12.802000
336.000000 16.000000 -12.850000 12.695000
348.000000 16.000000 -12.468000 12.695000
360.000000 16.000000 -12.086000 12.695000
372.000000 16.000000 -11.704000 12.695000
384.000000 16.000000 -11.322000 12.695000
396.000000 16.000000 -10.940000 12.695000
408.000000 16.000000 -10.558000 12.695000
420.000000 16.000000 -10.176000 12.695000
432.000000 16.000000 -9.794000 12.695000
444.000000 16.000000 -9.412000 12.695000
456.000000 16.000000 -9.030000 12.695000
468.000000 16.000000 -8.648000 12.695000
240.000000 18.000000 -23.392000 -1.616000
252.000000 18.000000 -23.392000 -1.616000
264.000000 18.000000 -23.392000 -1.616000
276.000000 18.000000 -23.392000 -1.510000
288.000000 18.000000 -23.392000 -1.510000
300.000000 18.000000 -23.392000 -1.510000
312.000000 18.000000 -23.392000 -1.510000
324.000000 18.000000 -23.392000 -1.510000
336.000000 18.000000 -23.392000 -1.616000
348.000000 18.000000 -23.392000 -1.616000
360.000000 18.000000 -23.392000 -1.616000
372.000000 18.000000 -23.392000 -1.616000
384.000000 18.000000 -23.392000 -1.616000
396.000000 18.000000 -23.392000 -1.616000
408.000000 18.000000 -23.392000 -1.616000
420.000000 18.000000 -23.392000 -1.616000
432.000000 18.000000 -23.392000 -1.616000
444.000000 18.000000 -23.392000 -1.616000
456.000000 18.000000 -23.392000 -1.616000
468.000000 18.000000 -23.392000 -1.616000
240.000000 20.000000 0.510000 -20.457000
252.000000 20.000000 0.851000 -20.351000
264.000000 20.000000 1.212000 -20.181000
276.000000 20.000000 1.552000 -19.968000
288.000000 20.000000 1.914000 -19.777000
300.000000 20.000000 2.148000 -19.585000
312.000000 20.000000 2.488000 -19.394000
324.000000 20.000000 2.850000 -19.287000
336.000000 20.000000 3.238000 -19.609000
348.000000 20.000000 3.579000 -19.503000
360.000000 20.000000 3.920000 -19.397000
372.000000 20.000000 4.261000 -19.291000
384.000000 20.000000 4.602000 -19.185000
396.000000 20.000000 4.943000 -19.079000
408.000000 20.000000 5.284000 -18.973000
420.000000 20.000000 5.625000 -18.867000
432.000000 20.000000 5.966000 -18.761000
444.000000 20.000000 6.307000 -18.655000
456.000000 20.000000 6.648000 -18.549000
468.000000 20.000000 6.989000 -18.443000