0.000000000000000000e+00 1.000000000000000000e+00 1.608500000000000085e+01 1.373300000000000054e+01
1.200000000000000000e+01 1.000000000000000000e+00 1.556700000000000017e+01 1.388899999999999935e+01
2.400000000000000000e+01 1.000000000000000000e+00 1.508200000000000074e+01 1.402699999999999925e+01
3.600000000000000000e+01 1.000000000000000000e+00 1.456300000000000061e+01 1.416600000000000037e+01
4.800000000000000000e+01 1.000000000000000000e+00 1.407900000000000063e+01 1.430400000000000027e+01
6.000000000000000000e+01 1.000000000000000000e+00 1.359500000000000064e+01 1.444200000000000017e+01
7.200000000000000000e+01 1.000000000000000000e+00 1.311100000000000065e+01 1.458099999999999952e+01
8.400000000000000000e+01 1.000000000000000000e+00 1.278200000000000003e+01 1.471899999999999942e+01
9.600000000000000000e+01 1.000000000000000000e+00 1.382560790680288676e+01 1.527038883946132586e+01
1.080000000000000000e+02 1.000000000000000000e+00 1.244446166508172702e+01 1.697491035052713926e+01
1.200000000000000000e+02 1.000000000000000000e+00 1.220159144493577053e+01 1.836363514193361723e+01
1.320000000000000000e+02 1.000000000000000000e+00 8.980907815894642710e+00 2.011697146813796166e+01
1.440000000000000000e+02 1.000000000000000000e+00 8.299193999877484629e+00 2.186200194658476548e+01
1.560000000000000000e+02 1.000000000000000000e+00 7.002132691877450021e+00 2.223657857673601512e+01
1.680000000000000000e+02 1.000000000000000000e+00 5.616268441624244545e+00 2.336601609046014261e+01
1.800000000000000000e+02 1.000000000000000000e+00 3.853541725194534084e+00 2.331205635494642436e+01
1.920000000000000000e+02 1.000000000000000000e+00 3.005542261633034506e+00 2.213039755461390001e+01
2.040000000000000000e+02 1.000000000000000000e+00 3.766178657962501397e+00 2.038664175259997435e+01
2.160000000000000000e+02 1.000000000000000000e+00 4.538523586591242776e+00 1.983735009595205412e+01
2.280000000000000000e+02 1.000000000000000000e+00 6.539041618885391038e+00 1.531244434373136976e+01
0.000000000000000000e+00 5.000000000000000000e+00 -1.845499999999999829e+01 1.136400000000000077e+01
1.200000000000000000e+01 5.000000000000000000e+00 -1.795299999999999940e+01 1.136400000000000077e+01
2.400000000000000000e+01 5.000000000000000000e+00 -1.743499999999999872e+01 1.136400000000000077e+01
3.600000000000000000e+01 5.000000000000000000e+00 -1.691600000000000037e+01 1.136400000000000077e+01
4.800000000000000000e+01 5.000000000000000000e+00 -1.639699999999999847e+01 1.136400000000000077e+01
6.000000000000000000e+01 5.000000000000000000e+00 -1.587800000000000011e+01 1.136400000000000077e+01
7.200000000000000000e+01 5.000000000000000000e+00 -1.535899999999999999e+01 1.136400000000000077e+01
8.400000000000000000e+01 5.000000000000000000e+00 -1.497899999999999920e+01 1.136400000000000077e+01
9.600000000000000000e+01 5.000000000000000000e+00 -1.449139118742819932e+01 1.173325099011746708e+01
1.080000000000000000e+02 5.000000000000000000e+00 -1.545943930166352409e+01 1.248352726262847412e+01
1.200000000000000000e+02 5.000000000000000000e+00 -1.433986373518015256e+01 1.188130903271948924e+01
1.320000000000000000e+02 5.000000000000000000e+00 -1.332158169586480767e+01 1.371779431844560904e+01
1.440000000000000000e+02 5.000000000000000000e+00 -1.375552562284019054e+01 1.394080995949055790e+01
1.560000000000000000e+02 5.000000000000000000e+00 -1.412217592051913151e+01 1.511165050579279523e+01
1.680000000000000000e+02 5.000000000000000000e+00 -1.334018990932803739e+01 1.482122263411660157e+01
1.800000000000000000e+02 5.000000000000000000e+00 -1.296325479759008203e+01 1.448495304784436577e+01
1.920000000000000000e+02 5.000000000000000000e+00 -1.215433780717069467e+01 1.428293382188823557e+01
2.040000000000000000e+02 5.000000000000000000e+00 -1.164842972152306899e+01 1.432780853974885282e+01
2.160000000000000000e+02 5.000000000000000000e+00 -1.100426655186728908e+01 1.347388422050599033e+01
2.280000000000000000e+02 5.000000000000000000e+00 -1.024517309507014495e+01 1.071383766208547605e+01
0.000000000000000000e+00 7.000000000000000000e+00 -1.997700000000000031e+01 -5.275000000000000355e+00
1.200000000000000000e+01 7.000000000000000000e+00 -1.983899999999999864e+01 -5.551999999999999602e+00
2.400000000000000000e+01 7.000000000000000000e+00 -1.971799999999999997e+01 -5.690000000000000391e+00
3.600000000000000000e+01 7.000000000000000000e+00 -1.959700000000000131e+01 -5.966999999999999638e+00
4.800000000000000000e+01 7.000000000000000000e+00 -1.945799999999999841e+01 -6.105999999999999872e+00
6.000000000000000000e+01 7.000000000000000000e+00 -1.912999999999999901e+01 -6.105999999999999872e+00
7.200000000000000000e+01 7.000000000000000000e+00 -1.873199999999999932e+01 -6.105999999999999872e+00
8.400000000000000000e+01 7.000000000000000000e+00 -1.848999999999999844e+01 -6.243999999999999773e+00
9.600000000000000000e+01 7.000000000000000000e+00 -1.801188859858901026e+01 -7.549690588462263818e+00
1.080000000000000000e+02 7.000000000000000000e+00 -1.786070423822808806e+01 -6.220929553060844164e+00
1.200000000000000000e+02 7.000000000000000000e+00 -1.950571196208677804e+01 -6.385010122577770453e+00
1.320000000000000000e+02 7.000000000000000000e+00 -2.166908385275964832e+01 -8.291159153130584158e+00
1.440000000000000000e+02 7.000000000000000000e+00 -2.475864988663622412e+01 -7.579742258075460093e+00
1.560000000000000000e+02 7.000000000000000000e+00 -2.600003412135263048e+01 -8.727273187948298983e+00
1.680000000000000000e+02 7.000000000000000000e+00 -2.821412127532341785e+01 -1.077326557016242425e+01
1.800000000000000000e+02 7.000000000000000000e+00 -2.867237827652240156e+01 -1.184749319251356248e+01
1.920000000000000000e+02 7.000000000000000000e+00 -2.770865110382982976e+01 -1.108492918256268034e+01
2.040000000000000000e+02 7.000000000000000000e+00 -2.538990514732357084e+01 -1.052827830801353670e+01
2.160000000000000000e+02 7.000000000000000000e+00 -2.176590643923377399e+01 -1.014372274138431784e+01
2.280000000000000000e+02 7.000000000000000000e+00 -1.983657424737939223e+01 -6.316441100505530315e+00
0.000000000000000000e+00 1.000000000000000000e+01 1.650100000000000122e+01 -1.700000000000000122e-02
1.200000000000000000e+01 1.000000000000000000e+01 1.650100000000000122e+01 -1.700000000000000122e-02
2.400000000000000000e+01 1.000000000000000000e+01 1.650100000000000122e+01 -1.700000000000000122e-02
3.600000000000000000e+01 1.000000000000000000e+01 1.650100000000000122e+01 -1.700000000000000122e-02
4.800000000000000000e+01 1.000000000000000000e+01 1.650100000000000122e+01 -1.700000000000000122e-02
6.000000000000000000e+01 1.000000000000000000e+01 1.650100000000000122e+01 -1.700000000000000122e-02
7.200000000000000000e+01 1.000000000000000000e+01 1.650100000000000122e+01 -1.700000000000000122e-02
8.400000000000000000e+01 1.000000000000000000e+01 1.650100000000000122e+01 -1.700000000000000122e-02
9.600000000000000000e+01 1.000000000000000000e+01 1.812329276192093985e+01 -2.243898552225851439e+00
1.080000000000000000e+02 1.000000000000000000e+01 1.926768361208357305e+01 -9.892004930113826866e-01
1.200000000000000000e+02 1.000000000000000000e+01 2.317093166157513906e+01 -1.546265713660142760e+00
1.320000000000000000e+02 1.000000000000000000e+01 2.535208407889056303e+01 -2.617719185800250425e+00
1.440000000000000000e+02 1.000000000000000000e+01 3.098310585793503691e+01 -1.509881856676932088e+00
1.560000000000000000e+02 1.000000000000000000e+01 3.258441356951056633e+01 -2.601981045943595472e+00
1.680000000000000000e+02 1.000000000000000000e+01 3.288339286446158383e+01 -4.194902173926379874e+00
1.800000000000000000e+02 1.000000000000000000e+01 3.221809205575671342e+01 -3.806651834691001657e+00
1.920000000000000000e+02 1.000000000000000000e+01 3.072867936789319998e+01 -5.268995479121178604e+00
2.040000000000000000e+02 1.000000000000000000e+01 2.705998516341972149e+01 -3.108723990915155611e+00
2.160000000000000000e+02 1.000000000000000000e+01 2.243746716096878657e+01 -2.448790248349664189e+00
2.280000000000000000e+02 1.000000000000000000e+01 1.805157176293549171e+01 -1.195813851904452108e+00
0.000000000000000000e+00 1.200000000000000000e+01 6.001999999999999780e+00 1.053299999999999947e+01
1.200000000000000000e+01 1.200000000000000000e+01 6.381999999999999673e+00 1.025699999999999967e+01
2.400000000000000000e+01 1.200000000000000000e+01 6.831999999999999851e+00 1.011800000000000033e+01
3.600000000000000000e+01 1.200000000000000000e+01 7.299000000000000377e+00 9.962999999999999190e+00
4.800000000000000000e+01 1.200000000000000000e+01 7.766000000000000014e+00 9.823999999999999844e+00
6.000000000000000000e+01 1.200000000000000000e+01 8.147000000000000242e+00 9.547000000000000597e+00
7.200000000000000000e+01 1.200000000000000000e+01 8.596000000000000085e+00 9.409000000000000696e+00
8.400000000000000000e+01 1.200000000000000000e+01 9.045999999999999375e+00 9.271000000000000796e+00
9.600000000000000000e+01 1.200000000000000000e+01 9.181610148983217812e+00 7.179148695655960921e+00
1.080000000000000000e+02 1.200000000000000000e+01 8.222954860131745036e+00 8.385640516671305278e+00
1.200000000000000000e+02 1.200000000000000000e+01 9.360582219371510249e+00 9.261374547374920496e+00
1.320000000000000000e+02 1.200000000000000000e+01 7.410935729365678348e+00 7.998704215263014561e+00
1.440000000000000000e+02 1.200000000000000000e+01 7.660803634578665644e+00 8.361366223214652393e+00
1.560000000000000000e+02 1.200000000000000000e+01 8.445716230588772078e+00 7.913419901164679082e+00
1.680000000000000000e+02 1.200000000000000000e+01 8.613750646265732058e+00 6.294976370471335514e+00
1.800000000000000000e+02 1.200000000000000000e+01 9.322563108903251461e+00 6.212846996177332493e+00
1.920000000000000000e+02 1.200000000000000000e+01 1.074397290828670748e+01 6.847859096655385613e+00
2.040000000000000000e+02 1.200000000000000000e+01 1.205831313455913545e+01 6.593447114459321412e+00
2.160000000000000000e+02 1.200000000000000000e+01 1.295580914210407286e+01 7.570349048329974906e+00
2.280000000000000000e+02 1.200000000000000000e+01 1.473959536303206264e+01 8.373689841089154484e+00
1.080000000000000000e+02 3.000000000000000000e+00 -2.163800000000000168e+01 4.415699999999999648e+01
1.200000000000000000e+02 3.000000000000000000e+00 -2.136100000000000065e+01 4.374199999999999733e+01
1.320000000000000000e+02 3.000000000000000000e+00 -2.098000000000000043e+01 4.358599999999999852e+01
1.440000000000000000e+02 3.000000000000000000e+00 -2.060000000000000142e+01 4.344800000000000040e+01
1.560000000000000000e+02 3.000000000000000000e+00 -2.020200000000000173e+01 4.331000000000000227e+01
1.680000000000000000e+02 3.000000000000000000e+00 -1.980399999999999849e+01 4.317099999999999937e+01
1.800000000000000000e+02 3.000000000000000000e+00 -1.942399999999999949e+01 4.303300000000000125e+01
1.920000000000000000e+02 3.000000000000000000e+00 -1.904299999999999926e+01 4.303300000000000125e+01
2.040000000000000000e+02 3.000000000000000000e+00 -1.868461857653368696e+01 4.330101041550007324e+01
2.160000000000000000e+02 3.000000000000000000e+00 -1.830457649107413687e+01 4.303023498302499661e+01
2.280000000000000000e+02 3.000000000000000000e+00 -1.798157538496447572e+01 4.312188102626071640e+01
2.400000000000000000e+02 3.000000000000000000e+00 -1.750705906629643849e+01 4.325048770721818414e+01
2.520000000000000000e+02 3.000000000000000000e+00 -1.720223848675913558e+01 4.325348367159119078e+01
2.640000000000000000e+02 3.000000000000000000e+00 -1.674947512435358021e+01 4.331994058866500552e+01
2.760000000000000000e+02 3.000000000000000000e+00 -1.641303631689886089e+01 4.310826634600373097e+01
2.880000000000000000e+02 3.000000000000000000e+00 -1.617027181220803200e+01 4.300276950071332749e+01
3.000000000000000000e+02 3.000000000000000000e+00 -1.578260270571730572e+01 4.288858227934521494e+01
3.120000000000000000e+02 3.000000000000000000e+00 -1.524727180419761297e+01 4.230056921092955236e+01
3.240000000000000000e+02 3.000000000000000000e+00 -1.484578252251769825e+01 4.194485567237101264e+01
3.360000000000000000e+02 3.000000000000000000e+00 -1.427181562745168186e+01 4.159098736746612701e+01
2.400000000000000000e+02 2.000000000000000000e+00 6.554999999999999716e+00 1.598199999999999932e+01
2.520000000000000000e+02 2.000000000000000000e+00 6.035999999999999588e+00 1.598199999999999932e+01
2.640000000000000000e+02 2.000000000000000000e+00 5.517000000000000348e+00 1.612000000000000099e+01
2.760000000000000000e+02 2.000000000000000000e+00 5.049999999999999822e+00 1.625799999999999912e+01
2.880000000000000000e+02 2.000000000000000000e+00 4.532000000000000028e+00 1.625799999999999912e+01
3.000000000000000000e+02 2.000000000000000000e+00 4.219999999999999751e+00 1.639699999999999847e+01
3.120000000000000000e+02 2.000000000000000000e+00 3.891999999999999904e+00 1.667399999999999949e+01
3.240000000000000000e+02 2.000000000000000000e+00 3.632000000000000117e+00 1.681200000000000117e+01
3.360000000000000000e+02 2.000000000000000000e+00 3.522006824215475618e+00 1.698362418473864111e+01
3.480000000000000000e+02 2.000000000000000000e+00 3.851128267225214508e+00 1.756056146644310445e+01
3.600000000000000000e+02 2.000000000000000000e+00 4.760195553060768248e+00 1.877612663925205538e+01
3.720000000000000000e+02 2.000000000000000000e+00 5.587216616958913917e+00 1.887112268418328753e+01
3.840000000000000000e+02 2.000000000000000000e+00 5.759208972420649886e+00 1.948285996751664229e+01
3.960000000000000000e+02 2.000000000000000000e+00 5.838792462717760756e+00 2.007741363925696731e+01
4.080000000000000000e+02 2.000000000000000000e+00 5.448766967743141620e+00 2.007717346336218611e+01
4.200000000000000000e+02 2.000000000000000000e+00 5.447280014851361152e+00 2.012605986120549417e+01
4.320000000000000000e+02 2.000000000000000000e+00 4.335322746432279217e+00 2.034480751614215421e+01
4.440000000000000000e+02 2.000000000000000000e+00 3.151893166290956394e+00 2.009061979621326444e+01
4.560000000000000000e+02 2.000000000000000000e+00 1.920829676235469297e+00 1.975397720024258774e+01
4.680000000000000000e+02 2.000000000000000000e+00 -1.542775830716305030e-01 2.026090339230376713e+01
2.400000000000000000e+02 6.000000000000000000e+00 -1.034299999999999997e+01 1.184800000000000075e+01
2.520000000000000000e+02 6.000000000000000000e+00 -1.004899999999999949e+01 1.184800000000000075e+01
2.640000000000000000e+02 6.000000000000000000e+00 -9.685999999999999943e+00 1.184800000000000075e+01
2.760000000000000000e+02 6.000000000000000000e+00 -9.409000000000000696e+00 1.184800000000000075e+01
2.880000000000000000e+02 6.000000000000000000e+00 -9.045999999999999375e+00 1.184800000000000075e+01
3.000000000000000000e+02 6.000000000000000000e+00 -8.682999999999999829e+00 1.191699999999999982e+01
3.120000000000000000e+02 6.000000000000000000e+00 -7.956000000000000405e+00 1.191699999999999982e+01
3.240000000000000000e+02 6.000000000000000000e+00 -7.644999999999999574e+00 1.191699999999999982e+01
3.360000000000000000e+02 6.000000000000000000e+00 -7.522630325119370909e+00 1.157106908788045274e+01
3.480000000000000000e+02 6.000000000000000000e+00 -7.445830951567969258e+00 1.222944844892856864e+01
3.600000000000000000e+02 6.000000000000000000e+00 -7.372481047845882429e+00 1.201389644832573289e+01
3.720000000000000000e+02 6.000000000000000000e+00 -6.889565916158874259e+00 1.277036650810145701e+01
3.840000000000000000e+02 6.000000000000000000e+00 -6.970133133777797418e+00 1.260512606185606543e+01
3.960000000000000000e+02 6.000000000000000000e+00 -6.603473650343878454e+00 1.262075424150221181e+01
4.080000000000000000e+02 6.000000000000000000e+00 -6.818220447954310259e+00 1.277780576286560255e+01
4.200000000000000000e+02 6.000000000000000000e+00 -7.737228651656154810e+00 1.285636179292434988e+01
4.320000000000000000e+02 6.000000000000000000e+00 -7.555236984275007117e+00 1.353244881533060706e+01
4.440000000000000000e+02 6.000000000000000000e+00 -8.226225287624664873e+00 1.269831227420527320e+01
4.560000000000000000e+02 6.000000000000000000e+00 -8.596786401223798890e+00 1.268791429229179357e+01
4.680000000000000000e+02 6.000000000000000000e+00 -8.439490949127364416e+00 1.249020751249651617e+01
2.400000000000000000e+02 8.000000000000000000e+00 -1.828200000000000003e+01 -6.658999999999999808e+00
2.520000000000000000e+02 8.000000000000000000e+00 -1.828200000000000003e+01 -6.658999999999999808e+00
2.640000000000000000e+02 8.000000000000000000e+00 -1.828200000000000003e+01 -6.658999999999999808e+00
2.760000000000000000e+02 8.000000000000000000e+00 -1.828200000000000003e+01 -6.658999999999999808e+00
2.880000000000000000e+02 8.000000000000000000e+00 -1.828200000000000003e+01 -6.658999999999999808e+00
3.000000000000000000e+02 8.000000000000000000e+00 -1.828200000000000003e+01 -6.658999999999999808e+00
3.120000000000000000e+02 8.000000000000000000e+00 -1.828200000000000003e+01 -6.658999999999999808e+00
3.240000000000000000e+02 8.000000000000000000e+00 -1.828200000000000003e+01 -6.658999999999999808e+00
3.360000000000000000e+02 8.000000000000000000e+00 -1.863577730502145968e+01 -6.958856333863742805e+00
3.480000000000000000e+02 8.000000000000000000e+00 -1.780927817776022337e+01 -7.867357087774155211e+00
3.600000000000000000e+02 8.000000000000000000e+00 -1.788344580294297970e+01 -8.193953457144537822e+00
3.720000000000000000e+02 8.000000000000000000e+00 -1.654709284369297251e+01 -9.366106991063091414e+00
3.840000000000000000e+02 8.000000000000000000e+00 -1.624032178687777872e+01 -1.000323187301316352e+01
3.960000000000000000e+02 8.000000000000000000e+00 -1.614365333619528187e+01 -9.705770447037158632e+00
4.080000000000000000e+02 8.000000000000000000e+00 -1.540564276214244899e+01 -9.799730369231099303e+00
4.200000000000000000e+02 8.000000000000000000e+00 -1.500889816112955799e+01 -1.004265841403360326e+01
4.320000000000000000e+02 8.000000000000000000e+00 -1.569045020457040174e+01 -8.741799152437049969e+00
4.440000000000000000e+02 8.000000000000000000e+00 -1.608225739001787957e+01 -6.683469785437814892e+00
4.560000000000000000e+02 8.000000000000000000e+00 -1.663344325107704691e+01 -6.022633508518179468e+00
4.680000000000000000e+02 8.000000000000000000e+00 -1.793064516924914287e+01 -5.305545169986869425e+00
2.400000000000000000e+02 1.100000000000000000e+01 1.650100000000000122e+01 -1.700000000000000122e-02
2.520000000000000000e+02 1.100000000000000000e+01 1.650100000000000122e+01 -1.700000000000000122e-02
2.640000000000000000e+02 1.100000000000000000e+01 1.650100000000000122e+01 -1.700000000000000122e-02
2.760000000000000000e+02 1.100000000000000000e+01 1.650100000000000122e+01 -1.700000000000000122e-02
2.880000000000000000e+02 1.100000000000000000e+01 1.650100000000000122e+01 -1.700000000000000122e-02
3.000000000000000000e+02 1.100000000000000000e+01 1.650100000000000122e+01 -1.700000000000000122e-02
3.120000000000000000e+02 1.100000000000000000e+01 1.650100000000000122e+01 -1.700000000000000122e-02
3.240000000000000000e+02 1.100000000000000000e+01 1.650100000000000122e+01 -1.700000000000000122e-02
3.360000000000000000e+02 1.100000000000000000e+01 1.726069853926776432e+01 -4.649446017391258290e-01
3.480000000000000000e+02 1.100000000000000000e+01 1.682371013087087874e+01 -5.287958697820688281e-01
3.600000000000000000e+02 1.100000000000000000e+01 1.698930696732818291e+01 -1.053431944522954078e+00
3.720000000000000000e+02 1.100000000000000000e+01 1.772816555251235116e+01 -9.643219633741115793e-01
3.840000000000000000e+02 1.100000000000000000e+01 1.745087320743904158e+01 -1.926366445041577169e+00
3.960000000000000000e+02 1.100000000000000000e+01 1.724198509202088303e+01 -2.196308455810619620e+00
4.080000000000000000e+02 1.100000000000000000e+01 1.875592976898573738e+01 -1.461100811112053366e+00
4.200000000000000000e+02 1.100000000000000000e+01 1.949558579293597305e+01 -1.035552366160746196e+00
4.320000000000000000e+02 1.100000000000000000e+01 1.861610704252161241e+01 -1.406186433840132644e+00
4.440000000000000000e+02 1.100000000000000000e+01 1.797178035850309286e+01 -1.096979035459416663e+00
4.560000000000000000e+02 1.100000000000000000e+01 1.712148128522669310e+01 -2.681118028534494879e-01
4.680000000000000000e+02 1.100000000000000000e+01 1.614604393994827802e+01 4.238270031798057058e-01
3.240000000000000000e+02 9.000000000000000000e+00 2.016700000000000159e+01 4.149399999999999977e+01
3.360000000000000000e+02 9.000000000000000000e+00 1.978699999999999903e+01 4.149399999999999977e+01
3.480000000000000000e+02 9.000000000000000000e+00 1.933699999999999974e+01 4.149399999999999977e+01
3.600000000000000000e+02 9.000000000000000000e+00 1.893900000000000006e+01 4.149399999999999977e+01
3.720000000000000000e+02 9.000000000000000000e+00 1.854200000000000159e+01 4.107800000000000296e+01
3.840000000000000000e+02 9.000000000000000000e+00 1.816100000000000136e+01 4.080199999999999960e+01
3.960000000000000000e+02 9.000000000000000000e+00 1.790200000000000102e+01 4.023100000000000165e+01
4.080000000000000000e+02 9.000000000000000000e+00 1.757300000000000040e+01 3.974699999999999989e+01
4.200000000000000000e+02 9.000000000000000000e+00 1.731544676510528902e+01 3.936794028962669501e+01
4.320000000000000000e+02 9.000000000000000000e+00 1.723924274806545753e+01 3.866130537561341640e+01
4.440000000000000000e+02 9.000000000000000000e+00 1.706027218075042384e+01 3.822803798940243780e+01
4.560000000000000000e+02 9.000000000000000000e+00 1.680465517711190060e+01 3.769335445122658967e+01
4.680000000000000000e+02 9.000000000000000000e+00 1.636005219616377815e+01 3.722160422798611279e+01
4.800000000000000000e+02 9.000000000000000000e+00 1.596329659802218970e+01 3.645037331849205486e+01
4.920000000000000000e+02 9.000000000000000000e+00 1.577392765389859264e+01 3.562726322135853252e+01
5.040000000000000000e+02 9.000000000000000000e+00 1.520536436909469025e+01 3.499808522236875774e+01
5.160000000000000000e+02 9.000000000000000000e+00 1.483150086500343789e+01 3.409476521741814281e+01
5.280000000000000000e+02 9.000000000000000000e+00 1.426978378232989897e+01 3.354476467668460060e+01
5.400000000000000000e+02 9.000000000000000000e+00 1.397258564728827324e+01 3.297476975166416935e+01
5.520000000000000000e+02 9.000000000000000000e+00 1.404660696784607055e+01 3.224546851571416539e+01
3.480000000000000000e+02 4.000000000000000000e+00 -1.413100000000000023e+01 4.121699999999999875e+01
3.600000000000000000e+02 4.000000000000000000e+00 -1.394100000000000072e+01 4.093999999999999773e+01
3.720000000000000000e+02 4.000000000000000000e+00 -1.375000000000000000e+01 4.066299999999999670e+01
3.840000000000000000e+02 4.000000000000000000e+00 -1.354299999999999926e+01 4.038700000000000045e+01
3.960000000000000000e+02 4.000000000000000000e+00 -1.354299999999999926e+01 3.981600000000000250e+01
4.080000000000000000e+02 4.000000000000000000e+00 -1.354299999999999926e+01 3.940100000000000335e+01
4.200000000000000000e+02 4.000000000000000000e+00 -1.354299999999999926e+01 3.896800000000000352e+01
4.320000000000000000e+02 4.000000000000000000e+00 -1.349099999999999966e+01 3.855299999999999727e+01
4.440000000000000000e+02 4.000000000000000000e+00 -1.360403607949363192e+01 3.807179378559879979e+01
4.560000000000000000e+02 4.000000000000000000e+00 -1.406108513903416224e+01 3.782496860232249958e+01
4.680000000000000000e+02 4.000000000000000000e+00 -1.443945147094272841e+01 3.770201514705117063e+01
4.800000000000000000e+02 4.000000000000000000e+00 -1.454847976074537996e+01 3.756754193448510648e+01
4.920000000000000000e+02 4.000000000000000000e+00 -1.514614655764508555e+01 3.733579932637213972e+01
5.040000000000000000e+02 4.000000000000000000e+00 -1.553867997987478944e+01 3.696357713793351962e+01
5.160000000000000000e+02 4.000000000000000000e+00 -1.589034422912388145e+01 3.659900241249586372e+01
5.280000000000000000e+02 4.000000000000000000e+00 -1.608816765507010871e+01 3.633126218927701956e+01
5.400000000000000000e+02 4.000000000000000000e+00 -1.579879306404777495e+01 3.552608217119502854e+01
5.520000000000000000e+02 4.000000000000000000e+00 -1.512913247456190646e+01 3.488194402880805001e+01
5.640000000000000000e+02 4.000000000000000000e+00 -1.467991709105421805e+01 3.413709189497703278e+01
5.760000000000000000e+02 4.000000000000000000e+00 -1.395174352814757412e+01 3.367938984914479761e+01
