0.000000000000000000e+00 1.290000000000000000e+02 1.310100000000000087e+01 5.980000000000000426e+00
1.200000000000000000e+01 1.290000000000000000e+02 1.235899999999999999e+01 5.980000000000000426e+00
2.400000000000000000e+01 1.290000000000000000e+02 1.163100000000000023e+01 5.980000000000000426e+00
3.600000000000000000e+01 1.290000000000000000e+02 1.090300000000000047e+01 5.980000000000000426e+00
4.800000000000000000e+01 1.290000000000000000e+02 1.016099999999999959e+01 5.980000000000000426e+00
6.000000000000000000e+01 1.290000000000000000e+02 9.476000000000000867e+00 6.094000000000000306e+00
7.200000000000000000e+01 1.290000000000000000e+02 8.691000000000000725e+00 6.094000000000000306e+00
8.400000000000000000e+01 1.290000000000000000e+02 7.905999999999999694e+00 6.094000000000000306e+00
9.600000000000000000e+01 1.290000000000000000e+02 6.648651032388515958e+00 7.933255790365136839e+00
1.080000000000000000e+02 1.290000000000000000e+02 5.110958185556633282e+00 6.913764701203607643e+00
1.200000000000000000e+02 1.290000000000000000e+02 4.714062035425479635e+00 6.726847341083546539e+00
1.320000000000000000e+02 1.290000000000000000e+02 2.884886818198842739e+00 7.881879494956550936e+00
1.440000000000000000e+02 1.290000000000000000e+02 3.106567235395878424e+00 6.271483643153275445e+00
1.560000000000000000e+02 1.290000000000000000e+02 2.379632084026053640e+00 7.456677070462663259e+00
1.680000000000000000e+02 1.290000000000000000e+02 4.350766063322455413e-01 6.149981656871032598e+00
1.800000000000000000e+02 1.290000000000000000e+02 -1.730809922134699530e-01 5.582408531952395947e+00
1.920000000000000000e+02 1.290000000000000000e+02 -7.035006656246056700e-01 4.571769707182250286e+00
2.040000000000000000e+02 1.290000000000000000e+02 -7.495420713333615925e-01 5.577446135934141402e+00
2.160000000000000000e+02 1.290000000000000000e+02 -1.484283000446354972e+00 5.299776276252552876e+00
2.280000000000000000e+02 1.290000000000000000e+02 -1.025296808951212224e+00 6.589999791826205211e+00
0.000000000000000000e+00 1.120000000000000000e+02 -1.986599999999999966e+01 1.869600000000000151e+01
1.200000000000000000e+01 1.120000000000000000e+02 -1.986599999999999966e+01 1.869600000000000151e+01
2.400000000000000000e+01 1.120000000000000000e+02 -1.980900000000000105e+01 1.869600000000000151e+01
3.600000000000000000e+01 1.120000000000000000e+02 -1.976599999999999824e+01 1.869600000000000151e+01
4.800000000000000000e+01 1.120000000000000000e+02 -1.970899999999999963e+01 1.869600000000000151e+01
6.000000000000000000e+01 1.120000000000000000e+02 -1.965200000000000102e+01 1.869600000000000151e+01
7.200000000000000000e+01 1.120000000000000000e+02 -1.959499999999999886e+01 1.869600000000000151e+01
8.400000000000000000e+01 1.120000000000000000e+02 -1.959499999999999886e+01 1.869600000000000151e+01
9.600000000000000000e+01 1.120000000000000000e+02 -1.956137453066929766e+01 1.826893140089123690e+01
1.080000000000000000e+02 1.120000000000000000e+02 -1.980542829059173116e+01 1.814705240120796503e+01
1.200000000000000000e+02 1.120000000000000000e+02 -1.972762178678485867e+01 1.800900434182951670e+01
1.320000000000000000e+02 1.120000000000000000e+02 -2.096113626256637730e+01 1.779597319734522642e+01
1.440000000000000000e+02 1.120000000000000000e+02 -2.227474260325215738e+01 1.820948161810384391e+01
1.560000000000000000e+02 1.120000000000000000e+02 -2.310698887241085586e+01 1.875125062289512812e+01
1.680000000000000000e+02 1.120000000000000000e+02 -2.410168848637164274e+01 1.902912768588254977e+01
1.800000000000000000e+02 1.120000000000000000e+02 -2.411232123883091205e+01 1.867553783188313332e+01
1.920000000000000000e+02 1.120000000000000000e+02 -2.451764149413632765e+01 1.975460717832146429e+01
2.040000000000000000e+02 1.120000000000000000e+02 -2.289302688833496902e+01 1.979026731955703156e+01
2.160000000000000000e+02 1.120000000000000000e+02 -2.038621773749746779e+01 1.913715824644378216e+01
2.280000000000000000e+02 1.120000000000000000e+02 -1.853627409790884073e+01 1.891147376771487387e+01
6.000000000000000000e+01 1.410000000000000000e+02 -8.205999999999999517e+00 2.784400000000000119e+01
7.200000000000000000e+01 1.410000000000000000e+02 -8.648999999999999133e+00 2.784400000000000119e+01
8.400000000000000000e+01 1.410000000000000000e+02 -9.019999999999999574e+00 2.807199999999999918e+01
9.600000000000000000e+01 1.410000000000000000e+02 -9.375999999999999446e+00 2.841499999999999915e+01
1.080000000000000000e+02 1.410000000000000000e+02 -9.647999999999999687e+00 2.830099999999999838e+01
1.200000000000000000e+02 1.410000000000000000e+02 -9.862000000000000099e+00 2.795799999999999841e+01
1.320000000000000000e+02 1.410000000000000000e+02 -9.843999999999999417e+00 2.795799999999999841e+01
1.440000000000000000e+02 1.410000000000000000e+02 -9.823000000000000398e+00 2.795700000000000074e+01
1.560000000000000000e+02 1.410000000000000000e+02 -1.017709795779864912e+01 2.860177134549827827e+01
1.680000000000000000e+02 1.410000000000000000e+02 -1.013562939314956068e+01 2.900905006524092045e+01
1.800000000000000000e+02 1.410000000000000000e+02 -1.081716264475350897e+01 2.996539820389008923e+01
1.920000000000000000e+02 1.410000000000000000e+02 -1.102100730085646774e+01 3.061904789642568403e+01
2.040000000000000000e+02 1.410000000000000000e+02 -1.243532329403112868e+01 2.994572119488698903e+01
2.160000000000000000e+02 1.410000000000000000e+02 -1.283433678216480089e+01 3.032555841793424634e+01
2.280000000000000000e+02 1.410000000000000000e+02 -1.461217065304946416e+01 3.054349848528994826e+01
2.400000000000000000e+02 1.410000000000000000e+02 -1.383358188637873454e+01 3.044521369640741071e+01
2.520000000000000000e+02 1.410000000000000000e+02 -1.508099154191210012e+01 2.954043683031601120e+01
2.640000000000000000e+02 1.410000000000000000e+02 -1.523347785850053349e+01 2.784732914470134801e+01
2.760000000000000000e+02 1.410000000000000000e+02 -1.200527431914101939e+01 2.751764492819986785e+01
2.880000000000000000e+02 1.410000000000000000e+02 -9.104487297811720836e+00 2.821280646010222881e+01
6.000000000000000000e+01 1.170000000000000000e+02 -2.298000000000000043e+00 3.423799999999999955e+01
7.200000000000000000e+01 1.170000000000000000e+02 -2.411999999999999922e+00 3.460900000000000176e+01
8.400000000000000000e+01 1.170000000000000000e+02 -2.612000000000000099e+00 3.483700000000000330e+01
9.600000000000000000e+01 1.170000000000000000e+02 -2.839999999999999858e+00 3.483700000000000330e+01
1.080000000000000000e+02 1.170000000000000000e+02 -3.096999999999999975e+00 3.495100000000000051e+01
1.200000000000000000e+02 1.170000000000000000e+02 -3.297000000000000153e+00 3.495100000000000051e+01
1.320000000000000000e+02 1.170000000000000000e+02 -3.668000000000000149e+00 3.495100000000000051e+01
1.440000000000000000e+02 1.170000000000000000e+02 -4.195999999999999730e+00 3.483700000000000330e+01
1.560000000000000000e+02 1.170000000000000000e+02 -4.277923317248125024e+00 3.428734160909637296e+01
1.680000000000000000e+02 1.170000000000000000e+02 -4.843438055659170516e+00 3.512212393822684220e+01
1.800000000000000000e+02 1.170000000000000000e+02 -4.917226881737468247e+00 3.615645730915065315e+01
1.920000000000000000e+02 1.170000000000000000e+02 -4.609219969583438825e+00 3.596250345004256843e+01
2.040000000000000000e+02 1.170000000000000000e+02 -4.163357377753624355e+00 3.752071392885512324e+01
2.160000000000000000e+02 1.170000000000000000e+02 -3.715920300623997363e+00 3.753801993270998594e+01
2.280000000000000000e+02 1.170000000000000000e+02 -3.508037702418281611e+00 3.750818329785388983e+01
2.400000000000000000e+02 1.170000000000000000e+02 -3.566262887219791899e+00 3.788594419171647587e+01
2.520000000000000000e+02 1.170000000000000000e+02 -4.376216915155748843e+00 3.641519883441956296e+01
2.640000000000000000e+02 1.170000000000000000e+02 -4.886257296049741683e+00 3.624887807914184634e+01
2.760000000000000000e+02 1.170000000000000000e+02 -5.976808599241973496e+00 3.611457570276253648e+01
2.880000000000000000e+02 1.170000000000000000e+02 -6.796406921867697903e+00 3.565217240903671581e+01
1.080000000000000000e+02 1.310000000000000000e+02 1.631200000000000117e+01 7.293000000000000149e+00
1.200000000000000000e+02 1.310000000000000000e+02 1.566999999999999993e+01 6.836000000000000298e+00
1.320000000000000000e+02 1.310000000000000000e+02 1.504199999999999982e+01 6.836000000000000298e+00
1.440000000000000000e+02 1.310000000000000000e+02 1.441399999999999970e+01 6.836000000000000298e+00
1.560000000000000000e+02 1.310000000000000000e+02 1.378599999999999959e+01 6.836000000000000298e+00
1.680000000000000000e+02 1.310000000000000000e+02 1.320100000000000051e+01 6.836000000000000298e+00
1.800000000000000000e+02 1.310000000000000000e+02 1.257300000000000040e+01 6.836000000000000298e+00
1.920000000000000000e+02 1.310000000000000000e+02 1.194500000000000028e+01 6.722000000000000419e+00
2.040000000000000000e+02 1.310000000000000000e+02 1.203554663566758798e+01 6.605554656645850287e+00
2.160000000000000000e+02 1.310000000000000000e+02 1.159448335228691462e+01 7.866270266512200848e+00
2.280000000000000000e+02 1.310000000000000000e+02 1.098612870444849854e+01 7.842139786634097831e+00
2.400000000000000000e+02 1.310000000000000000e+02 1.073635664424880787e+01 8.492986301812988970e+00
2.520000000000000000e+02 1.310000000000000000e+02 1.039114737538368693e+01 8.861127499144240360e+00
2.640000000000000000e+02 1.310000000000000000e+02 9.851625559221755424e+00 8.672692826781139175e+00
2.760000000000000000e+02 1.310000000000000000e+02 9.775870079021323988e+00 8.060130055205338095e+00
2.880000000000000000e+02 1.310000000000000000e+02 9.227356242150406729e+00 7.812905470871723601e+00
3.000000000000000000e+02 1.310000000000000000e+02 7.967044903680884360e+00 7.106878034621882279e+00
3.120000000000000000e+02 1.310000000000000000e+02 6.617367687494366990e+00 6.563212522779775071e+00
3.240000000000000000e+02 1.310000000000000000e+02 6.069899696104983811e+00 6.286601317134950406e+00
3.360000000000000000e+02 1.310000000000000000e+02 4.247169914265314539e+00 6.040874301070237706e+00
2.400000000000000000e+02 1.300000000000000000e+02 -9.989999999999999991e-01 6.435999999999999943e+00
2.520000000000000000e+02 1.300000000000000000e+02 -1.727000000000000091e+00 6.435999999999999943e+00
2.640000000000000000e+02 1.300000000000000000e+02 -2.468999999999999861e+00 6.435999999999999943e+00
2.760000000000000000e+02 1.300000000000000000e+02 -3.197000000000000064e+00 6.435999999999999943e+00
2.880000000000000000e+02 1.300000000000000000e+02 -3.939000000000000057e+00 6.435999999999999943e+00
3.000000000000000000e+02 1.300000000000000000e+02 -4.666999999999999815e+00 6.435999999999999943e+00
3.120000000000000000e+02 1.300000000000000000e+02 -5.394999999999999574e+00 6.435999999999999943e+00
3.240000000000000000e+02 1.300000000000000000e+02 -6.193999999999999950e+00 6.435999999999999943e+00
3.360000000000000000e+02 1.300000000000000000e+02 -7.263372338604544787e+00 5.565676511975450325e+00
3.480000000000000000e+02 1.300000000000000000e+02 -8.020137451217298263e+00 6.045766206880590410e+00
3.600000000000000000e+02 1.300000000000000000e+02 -9.137520468999575485e+00 4.635867988727944145e+00
3.720000000000000000e+02 1.300000000000000000e+02 -8.591210412690092113e+00 3.440671370235119486e+00
3.840000000000000000e+02 1.300000000000000000e+02 -1.073018159071456878e+01 1.903907347889383317e+00
3.960000000000000000e+02 1.300000000000000000e+02 -1.162339650590366524e+01 1.507257678808042733e+00
4.080000000000000000e+02 1.300000000000000000e+02 -1.132470048655665984e+01 1.213263913072298639e+00
4.200000000000000000e+02 1.300000000000000000e+02 -1.319245884624168497e+01 2.326720138806284144e+00
4.320000000000000000e+02 1.300000000000000000e+02 -1.474994027050880163e+01 1.415292040781142235e+00
4.440000000000000000e+02 1.300000000000000000e+02 -1.533734520494714992e+01 2.778646229456564143e+00
4.560000000000000000e+02 1.300000000000000000e+02 -1.635395056775978517e+01 4.065440336184678927e+00
4.680000000000000000e+02 1.300000000000000000e+02 -1.675405882194770157e+01 6.341117889545914821e+00
2.400000000000000000e+02 1.130000000000000000e+02 -1.818199999999999861e+01 1.842200000000000060e+01
2.520000000000000000e+02 1.130000000000000000e+02 -1.823900000000000077e+01 1.843299999999999983e+01
2.640000000000000000e+02 1.130000000000000000e+02 -1.829500000000000171e+01 1.844399999999999906e+01
2.760000000000000000e+02 1.130000000000000000e+02 -1.835200000000000031e+01 1.845599999999999952e+01
2.880000000000000000e+02 1.130000000000000000e+02 -1.840800000000000125e+01 1.846699999999999875e+01
3.000000000000000000e+02 1.130000000000000000e+02 -1.846499999999999986e+01 1.847800000000000153e+01
3.120000000000000000e+02 1.130000000000000000e+02 -1.852100000000000080e+01 1.848999999999999844e+01
3.240000000000000000e+02 1.130000000000000000e+02 -1.857799999999999940e+01 1.850100000000000122e+01
3.360000000000000000e+02 1.130000000000000000e+02 -1.792988505822786749e+01 1.893298411089213218e+01
3.480000000000000000e+02 1.130000000000000000e+02 -1.853338364942774064e+01 1.856909557238392949e+01
3.600000000000000000e+02 1.130000000000000000e+02 -1.877263093093214152e+01 1.973290765607490727e+01
3.720000000000000000e+02 1.130000000000000000e+02 -1.983656565505774694e+01 2.009032003652355058e+01
3.840000000000000000e+02 1.130000000000000000e+02 -2.112637059774936787e+01 1.947152476518571973e+01
3.960000000000000000e+02 1.130000000000000000e+02 -2.119821487315805442e+01 2.017760083589570286e+01
4.080000000000000000e+02 1.130000000000000000e+02 -2.143082842586526837e+01 2.008861646322634442e+01
4.200000000000000000e+02 1.130000000000000000e+02 -2.159181770917122378e+01 1.988987410573825443e+01
4.320000000000000000e+02 1.130000000000000000e+02 -2.118558170449701095e+01 2.056120622967122102e+01
4.440000000000000000e+02 1.130000000000000000e+02 -2.132225095569017270e+01 2.014485516097111173e+01
4.560000000000000000e+02 1.130000000000000000e+02 -1.958649490625102629e+01 1.914963672332103428e+01
4.680000000000000000e+02 1.130000000000000000e+02 -1.977048695645958887e+01 1.858621457424393597e+01
3.000000000000000000e+02 1.420000000000000000e+02 -9.547000000000000597e+00 2.795200000000000173e+01
3.120000000000000000e+02 1.420000000000000000e+02 -9.525999999999999801e+00 2.795200000000000173e+01
3.240000000000000000e+02 1.420000000000000000e+02 -9.505000000000000782e+00 2.795100000000000051e+01
3.360000000000000000e+02 1.420000000000000000e+02 -9.483000000000000540e+00 2.795100000000000051e+01
3.480000000000000000e+02 1.420000000000000000e+02 -9.461999999999999744e+00 2.795100000000000051e+01
3.600000000000000000e+02 1.420000000000000000e+02 -9.441000000000000725e+00 2.794999999999999929e+01
3.720000000000000000e+02 1.420000000000000000e+02 -9.419999999999999929e+00 2.794999999999999929e+01
3.840000000000000000e+02 1.420000000000000000e+02 -9.398999999999999133e+00 2.794900000000000162e+01
3.960000000000000000e+02 1.420000000000000000e+02 -9.436974775598480747e+00 2.738451108843040060e+01
4.080000000000000000e+02 1.420000000000000000e+02 -1.016111939082991356e+01 2.891311425988681094e+01
4.200000000000000000e+02 1.420000000000000000e+02 -1.080064653356138038e+01 3.034744239152204415e+01
4.320000000000000000e+02 1.420000000000000000e+02 -1.205640611877609913e+01 3.016061324392826037e+01
4.440000000000000000e+02 1.420000000000000000e+02 -1.299166938390419723e+01 3.074949560928691739e+01
4.560000000000000000e+02 1.420000000000000000e+02 -1.259189967761215456e+01 3.219581235048478618e+01
4.680000000000000000e+02 1.420000000000000000e+02 -1.344276470075289254e+01 3.174287283705817231e+01
4.800000000000000000e+02 1.420000000000000000e+02 -1.379062026542244723e+01 3.106468902096223061e+01
4.920000000000000000e+02 1.420000000000000000e+02 -1.306424838260776156e+01 3.112527766262507001e+01
5.040000000000000000e+02 1.420000000000000000e+02 -1.194636599737798832e+01 2.957503070839421611e+01
5.160000000000000000e+02 1.420000000000000000e+02 -1.137815696805150267e+01 2.973737347358237315e+01
5.280000000000000000e+02 1.420000000000000000e+02 -9.664678754920085879e+00 2.838799568618891556e+01
3.000000000000000000e+02 1.180000000000000000e+02 -6.102999999999999758e+00 3.475000000000000000e+01
3.120000000000000000e+02 1.180000000000000000e+02 -5.913999999999999702e+00 3.475399999999999778e+01
3.240000000000000000e+02 1.180000000000000000e+02 -5.724999999999999645e+00 3.475900000000000034e+01
3.360000000000000000e+02 1.180000000000000000e+02 -5.536999999999999922e+00 3.476400000000000290e+01
3.480000000000000000e+02 1.180000000000000000e+02 -5.347999999999999865e+00 3.476800000000000068e+01
3.600000000000000000e+02 1.180000000000000000e+02 -5.158999999999999808e+00 3.477199999999999847e+01
3.720000000000000000e+02 1.180000000000000000e+02 -4.969999999999999751e+00 3.477700000000000102e+01
3.840000000000000000e+02 1.180000000000000000e+02 -4.782000000000000028e+00 3.478199999999999648e+01
3.960000000000000000e+02 1.180000000000000000e+02 -3.636325992832560416e+00 3.461462496209935580e+01
4.080000000000000000e+02 1.180000000000000000e+02 -2.867148212106277239e+00 3.487300852040469579e+01
4.200000000000000000e+02 1.180000000000000000e+02 -1.996725781208552153e+00 3.512978758185124661e+01
4.320000000000000000e+02 1.180000000000000000e+02 -6.088687685069077427e-02 3.566273015671207247e+01
4.440000000000000000e+02 1.180000000000000000e+02 1.280602876190140682e+00 3.578813574605496228e+01
4.560000000000000000e+02 1.180000000000000000e+02 2.546592108817688160e+00 3.577471615008801820e+01
4.680000000000000000e+02 1.180000000000000000e+02 2.928277886245632011e+00 3.681522502953595222e+01
4.800000000000000000e+02 1.180000000000000000e+02 4.201839819051635061e+00 3.733102898079133780e+01
4.920000000000000000e+02 1.180000000000000000e+02 2.565208333566095789e+00 3.738762083076618836e+01
5.040000000000000000e+02 1.180000000000000000e+02 2.176613532661005657e+00 3.675002433404691260e+01
5.160000000000000000e+02 1.180000000000000000e+02 2.231590572745599799e-01 3.559145404946693247e+01
5.280000000000000000e+02 1.180000000000000000e+02 -1.826326594890678612e+00 3.523274935926775697e+01
3.480000000000000000e+02 1.320000000000000000e+02 3.825000000000000178e+00 6.493999999999999773e+00
3.600000000000000000e+02 1.320000000000000000e+02 3.197000000000000064e+00 6.493999999999999773e+00
3.720000000000000000e+02 1.320000000000000000e+02 2.512000000000000011e+00 6.493999999999999773e+00
3.840000000000000000e+02 1.320000000000000000e+02 1.826999999999999957e+00 6.378999999999999559e+00
3.960000000000000000e+02 1.320000000000000000e+02 1.155999999999999917e+00 6.378999999999999559e+00
4.080000000000000000e+02 1.320000000000000000e+02 4.709999999999999742e-01 6.378999999999999559e+00
4.200000000000000000e+02 1.320000000000000000e+02 -1.570000000000000007e-01 6.251000000000000334e+00
4.320000000000000000e+02 1.320000000000000000e+02 -8.419999999999999707e-01 6.251000000000000334e+00
4.440000000000000000e+02 1.320000000000000000e+02 -1.227108232211253647e+00 6.020690907262679303e+00
4.560000000000000000e+02 1.320000000000000000e+02 -1.601274791987624901e+00 5.539184599226933514e+00
4.680000000000000000e+02 1.320000000000000000e+02 -2.226184880267946475e+00 4.657285284087738120e+00
4.800000000000000000e+02 1.320000000000000000e+02 -2.272806147883994043e+00 4.608622216561683693e+00
4.920000000000000000e+02 1.320000000000000000e+02 -2.646967181940826030e+00 4.429957668850391883e+00
5.040000000000000000e+02 1.320000000000000000e+02 -2.834388741642423604e+00 4.261179586784389350e+00
5.160000000000000000e+02 1.320000000000000000e+02 -3.458290304720979425e+00 4.862161174796898244e+00
5.280000000000000000e+02 1.320000000000000000e+02 -4.216043165699908890e+00 4.221283482389311281e+00
5.400000000000000000e+02 1.320000000000000000e+02 -4.791774050097993509e+00 4.677899981522489981e+00
5.520000000000000000e+02 1.320000000000000000e+02 -5.499288991169080987e+00 4.671166261759855054e+00
5.640000000000000000e+02 1.320000000000000000e+02 -7.234658242496166736e+00 5.322040704370397890e+00
5.760000000000000000e+02 1.320000000000000000e+02 -8.220104340482794925e+00 6.334164857261898263e+00
5.280000000000000000e+02 1.390000000000000000e+02 -1.492800000000000082e+01 3.817600000000000193e+01
5.400000000000000000e+02 1.390000000000000000e+02 -1.531300000000000061e+01 3.834799999999999898e+01
5.520000000000000000e+02 1.390000000000000000e+02 -1.551299999999999990e+01 3.863300000000000267e+01
5.640000000000000000e+02 1.390000000000000000e+02 -1.545599999999999952e+01 3.863300000000000267e+01
5.760000000000000000e+02 1.390000000000000000e+02 -1.541300000000000026e+01 3.863300000000000267e+01
5.880000000000000000e+02 1.390000000000000000e+02 -1.535599999999999987e+01 3.863300000000000267e+01
6.000000000000000000e+02 1.390000000000000000e+02 -1.525600000000000023e+01 3.868999999999999773e+01
6.120000000000000000e+02 1.390000000000000000e+02 -1.531300000000000061e+01 3.868999999999999773e+01
6.240000000000000000e+02 1.390000000000000000e+02 -1.537967983294840479e+01 3.883054633215273554e+01
6.360000000000000000e+02 1.390000000000000000e+02 -1.566264016996015940e+01 3.917345340989945157e+01
6.480000000000000000e+02 1.390000000000000000e+02 -1.573166713837304087e+01 3.909919005388859858e+01
6.600000000000000000e+02 1.390000000000000000e+02 -1.579185693145695524e+01 3.924906696868696088e+01
6.720000000000000000e+02 1.390000000000000000e+02 -1.568289799377204119e+01 3.913823441520364099e+01
6.840000000000000000e+02 1.390000000000000000e+02 -1.572145855693335292e+01 3.928691721172947382e+01
6.960000000000000000e+02 1.390000000000000000e+02 -1.581266621918241100e+01 3.918558735897028100e+01
7.080000000000000000e+02 1.390000000000000000e+02 -1.557686640602450368e+01 3.896567352186137612e+01
7.200000000000000000e+02 1.390000000000000000e+02 -1.552540131591819161e+01 3.898953570687599068e+01
7.320000000000000000e+02 1.390000000000000000e+02 -1.554785197718727652e+01 3.909304966822065097e+01
7.440000000000000000e+02 1.390000000000000000e+02 -1.555803259895205493e+01 3.875751692943023841e+01
7.560000000000000000e+02 1.390000000000000000e+02 -1.558275291303230503e+01 3.889147538887447553e+01
7.680000000000000000e+02 1.400000000000000000e+02 -1.557000000000000028e+01 3.877400000000000091e+01
7.800000000000000000e+02 1.400000000000000000e+02 -1.557000000000000028e+01 3.877600000000000335e+01
7.920000000000000000e+02 1.400000000000000000e+02 -1.557000000000000028e+01 3.877799999999999869e+01
8.040000000000000000e+02 1.400000000000000000e+02 -1.557000000000000028e+01 3.878000000000000114e+01
8.160000000000000000e+02 1.400000000000000000e+02 -1.557000000000000028e+01 3.878199999999999648e+01
8.280000000000000000e+02 1.400000000000000000e+02 -1.557000000000000028e+01 3.878399999999999892e+01
8.400000000000000000e+02 1.400000000000000000e+02 -1.557000000000000028e+01 3.878600000000000136e+01
8.520000000000000000e+02 1.400000000000000000e+02 -1.557000000000000028e+01 3.878799999999999670e+01
8.640000000000000000e+02 1.400000000000000000e+02 -1.551276375648490458e+01 3.869417701462526793e+01
8.760000000000000000e+02 1.400000000000000000e+02 -1.557633251048517309e+01 3.871094135049064988e+01
8.880000000000000000e+02 1.400000000000000000e+02 -1.557935838142452312e+01 3.865393373931139820e+01
9.000000000000000000e+02 1.400000000000000000e+02 -1.536468850333021052e+01 3.844278555666352304e+01
9.120000000000000000e+02 1.400000000000000000e+02 -1.518220255808250130e+01 3.836559910824009734e+01
9.240000000000000000e+02 1.400000000000000000e+02 -1.492426555042709069e+01 3.847564620369031729e+01
9.360000000000000000e+02 1.400000000000000000e+02 -1.485495660900915738e+01 3.846700001824528670e+01
9.480000000000000000e+02 1.400000000000000000e+02 -1.479585754706074496e+01 3.845577295810165452e+01
9.600000000000000000e+02 1.400000000000000000e+02 -1.483056487782600996e+01 3.848351517522468157e+01
9.720000000000000000e+02 1.400000000000000000e+02 -1.498051401456493892e+01 3.868109307627429416e+01
9.840000000000000000e+02 1.400000000000000000e+02 -1.519891020757635047e+01 3.857143871764708365e+01
9.960000000000000000e+02 1.400000000000000000e+02 -1.540464817948911858e+01 3.867663480872748494e+01
1.416000000000000000e+03 1.600000000000000000e+02 -1.591300000000000026e+01 1.875300000000000011e+01
1.428000000000000000e+03 1.600000000000000000e+02 -1.648400000000000176e+01 1.875300000000000011e+01
1.440000000000000000e+03 1.600000000000000000e+02 -1.705499999999999972e+01 1.875300000000000011e+01
1.452000000000000000e+03 1.600000000000000000e+02 -1.764000000000000057e+01 1.875300000000000011e+01
1.464000000000000000e+03 1.600000000000000000e+02 -1.819600000000000151e+01 1.880999999999999872e+01
1.476000000000000000e+03 1.600000000000000000e+02 -1.876699999999999946e+01 1.880999999999999872e+01
1.488000000000000000e+03 1.600000000000000000e+02 -1.933800000000000097e+01 1.880999999999999872e+01
1.500000000000000000e+03 1.600000000000000000e+02 -1.980900000000000105e+01 1.880999999999999872e+01
1.512000000000000000e+03 1.600000000000000000e+02 -1.988924553187366939e+01 1.878318634311135327e+01
1.524000000000000000e+03 1.600000000000000000e+02 -1.982990982408946223e+01 1.870165005893321108e+01
1.536000000000000000e+03 1.600000000000000000e+02 -1.984946918054312093e+01 1.854864116179975042e+01
1.548000000000000000e+03 1.600000000000000000e+02 -1.968062411784688237e+01 1.843545206105236645e+01
1.560000000000000000e+03 1.600000000000000000e+02 -1.923902819830449928e+01 1.849527294271574007e+01
1.572000000000000000e+03 1.600000000000000000e+02 -1.918666858727869595e+01 1.841787999684222399e+01
1.584000000000000000e+03 1.600000000000000000e+02 -1.857938066281287703e+01 1.826426391738873889e+01
1.596000000000000000e+03 1.600000000000000000e+02 -1.860959458163295110e+01 1.855706416769104905e+01
1.608000000000000000e+03 1.600000000000000000e+02 -1.848769093002332653e+01 1.849640839446948348e+01
1.620000000000000000e+03 1.600000000000000000e+02 -1.878873400065766219e+01 1.830088143772024267e+01
1.632000000000000000e+03 1.600000000000000000e+02 -1.926004448842024175e+01 1.827198349049639603e+01
1.644000000000000000e+03 1.600000000000000000e+02 -1.980258770350931741e+01 1.830371130282831871e+01
1.524000000000000000e+03 5.000000000000000000e+00 1.294400000000000084e+01 5.208999999999999631e+00
1.536000000000000000e+03 5.000000000000000000e+00 1.247300000000000075e+01 5.208999999999999631e+00
1.548000000000000000e+03 5.000000000000000000e+00 1.194500000000000028e+01 5.323000000000000398e+00
1.560000000000000000e+03 5.000000000000000000e+00 1.141699999999999982e+01 5.323000000000000398e+00
1.572000000000000000e+03 5.000000000000000000e+00 1.094599999999999973e+01 5.451999999999999957e+00
1.584000000000000000e+03 5.000000000000000000e+00 1.043299999999999983e+01 5.451999999999999957e+00
1.596000000000000000e+03 5.000000000000000000e+00 9.903999999999999915e+00 5.565999999999999837e+00
1.608000000000000000e+03 5.000000000000000000e+00 9.433999999999999275e+00 5.565999999999999837e+00
1.620000000000000000e+03 5.000000000000000000e+00 8.838566991476378476e+00 5.672975926721411710e+00
1.632000000000000000e+03 5.000000000000000000e+00 8.193575613372416910e+00 5.562251735258693763e+00
1.644000000000000000e+03 5.000000000000000000e+00 7.641119873509005345e+00 5.540421208765740069e+00
1.656000000000000000e+03 5.000000000000000000e+00 7.075945043527479328e+00 5.693828737795464612e+00
1.668000000000000000e+03 5.000000000000000000e+00 6.460777943410128898e+00 5.450703471335524242e+00
1.680000000000000000e+03 5.000000000000000000e+00 5.685869959934320761e+00 5.335554615192219075e+00
1.692000000000000000e+03 5.000000000000000000e+00 5.073832726062106779e+00 5.411262521573402928e+00
1.704000000000000000e+03 5.000000000000000000e+00 4.565714279263796804e+00 5.363265645283290972e+00
1.716000000000000000e+03 5.000000000000000000e+00 4.364267168864558677e+00 5.614735300820761665e+00
1.728000000000000000e+03 5.000000000000000000e+00 4.049219961589519912e+00 5.587716199657484673e+00
1.740000000000000000e+03 5.000000000000000000e+00 3.739428548969272903e+00 5.684877810127990649e+00
1.752000000000000000e+03 5.000000000000000000e+00 3.570398109545647625e+00 5.712119653742540493e+00
1.656000000000000000e+03 1.610000000000000000e+02 -1.993700000000000117e+01 1.822500000000000142e+01
1.668000000000000000e+03 1.610000000000000000e+02 -1.996600000000000108e+01 1.822500000000000142e+01
1.680000000000000000e+03 1.610000000000000000e+02 -1.996600000000000108e+01 1.816799999999999926e+01
1.692000000000000000e+03 1.610000000000000000e+02 -1.996600000000000108e+01 1.816799999999999926e+01
1.704000000000000000e+03 1.610000000000000000e+02 -1.999399999999999977e+01 1.811100000000000065e+01
1.716000000000000000e+03 1.610000000000000000e+02 -1.999399999999999977e+01 1.805399999999999849e+01
1.728000000000000000e+03 1.610000000000000000e+02 -1.999399999999999977e+01 1.805399999999999849e+01
1.740000000000000000e+03 1.610000000000000000e+02 -2.000900000000000034e+01 1.799599999999999866e+01
1.752000000000000000e+03 1.610000000000000000e+02 -2.008985018974521708e+01 1.783847729901177104e+01
1.764000000000000000e+03 1.610000000000000000e+02 -1.991184495639456031e+01 1.778131023406078270e+01
1.776000000000000000e+03 1.610000000000000000e+02 -1.991294532572453591e+01 1.774222023490920819e+01
1.788000000000000000e+03 1.610000000000000000e+02 -1.971036778421427726e+01 1.749652941484364987e+01
1.800000000000000000e+03 1.610000000000000000e+02 -1.960847422150920494e+01 1.759774256869190978e+01
1.812000000000000000e+03 1.610000000000000000e+02 -1.947543105023773080e+01 1.760357086956753037e+01
1.824000000000000000e+03 1.610000000000000000e+02 -1.906699942647043500e+01 1.747825588123871299e+01
1.836000000000000000e+03 1.610000000000000000e+02 -1.848371106977931788e+01 1.759437047320543712e+01
1.848000000000000000e+03 1.610000000000000000e+02 -1.792670593354560538e+01 1.751111603065594835e+01
1.860000000000000000e+03 1.610000000000000000e+02 -1.729045950954134270e+01 1.764627697971230091e+01
1.872000000000000000e+03 1.610000000000000000e+02 -1.646235095304257712e+01 1.782515443104730934e+01
1.884000000000000000e+03 1.610000000000000000e+02 -1.577604249280191873e+01 1.801821240121652323e+01
1.764000000000000000e+03 6.000000000000000000e+00 3.083000000000000185e+00 5.693999999999999950e+00
1.776000000000000000e+03 6.000000000000000000e+00 2.568999999999999950e+00 5.693999999999999950e+00
1.788000000000000000e+03 6.000000000000000000e+00 2.040999999999999925e+00 5.693999999999999950e+00
1.800000000000000000e+03 6.000000000000000000e+00 1.512999999999999901e+00 5.693999999999999950e+00
1.812000000000000000e+03 6.000000000000000000e+00 9.989999999999999991e-01 5.693999999999999950e+00
1.824000000000000000e+03 6.000000000000000000e+00 4.709999999999999742e-01 5.693999999999999950e+00
1.836000000000000000e+03 6.000000000000000000e+00 -5.700000000000000205e-02 5.693999999999999950e+00
1.848000000000000000e+03 6.000000000000000000e+00 -5.709999999999999520e-01 5.693999999999999950e+00
1.860000000000000000e+03 6.000000000000000000e+00 -9.054002792383405440e-01 5.745426714396707268e+00
1.872000000000000000e+03 6.000000000000000000e+00 -1.336474506140927332e+00 5.749348516790948160e+00
1.884000000000000000e+03 6.000000000000000000e+00 -1.613237299415038795e+00 5.546195762184678912e+00
1.896000000000000000e+03 6.000000000000000000e+00 -1.996398120960701128e+00 5.367359901893924423e+00
1.908000000000000000e+03 6.000000000000000000e+00 -2.396904454103057969e+00 5.136296559399212924e+00
1.920000000000000000e+03 6.000000000000000000e+00 -2.997900366210730194e+00 5.181014083406902060e+00
1.932000000000000000e+03 6.000000000000000000e+00 -3.528736211762588670e+00 5.168659506793230385e+00
1.944000000000000000e+03 6.000000000000000000e+00 -4.183884647780230281e+00 5.199249008488059154e+00
1.956000000000000000e+03 6.000000000000000000e+00 -4.976617831326288766e+00 5.379169847283156614e+00
1.968000000000000000e+03 6.000000000000000000e+00 -5.720722304458124796e+00 5.418145599715652239e+00
1.980000000000000000e+03 6.000000000000000000e+00 -6.407605503498617239e+00 5.400212067795222559e+00
1.992000000000000000e+03 6.000000000000000000e+00 -7.192517001481244066e+00 5.593943652685804402e+00
2.004000000000000000e+03 7.000000000000000000e+00 -7.634999999999999787e+00 5.623000000000000220e+00
2.016000000000000000e+03 7.000000000000000000e+00 -8.063000000000000611e+00 5.679999999999999716e+00
2.028000000000000000e+03 7.000000000000000000e+00 -8.519999999999999574e+00 5.679999999999999716e+00
2.040000000000000000e+03 7.000000000000000000e+00 -8.977000000000000313e+00 5.623000000000000220e+00
2.052000000000000000e+03 7.000000000000000000e+00 -9.404999999999999361e+00 5.679999999999999716e+00
2.064000000000000000e+03 7.000000000000000000e+00 -9.862000000000000099e+00 5.679999999999999716e+00
2.076000000000000000e+03 7.000000000000000000e+00 -1.037500000000000000e+01 5.623000000000000220e+00
2.088000000000000000e+03 7.000000000000000000e+00 -1.096100000000000030e+01 5.623000000000000220e+00
2.100000000000000000e+03 7.000000000000000000e+00 -1.154377828373995563e+01 5.249912444311381599e+00
2.112000000000000000e+03 7.000000000000000000e+00 -1.227620780360846098e+01 5.115699206414857869e+00
2.124000000000000000e+03 7.000000000000000000e+00 -1.380422668641994477e+01 4.278285437064061725e+00
2.136000000000000000e+03 7.000000000000000000e+00 -1.532526009374847575e+01 3.962727875457122906e+00
2.148000000000000000e+03 7.000000000000000000e+00 -1.639568287843000860e+01 3.422689647877169783e+00
2.160000000000000000e+03 7.000000000000000000e+00 -1.786894465263827669e+01 2.972076901602332732e+00
2.172000000000000000e+03 7.000000000000000000e+00 -1.831175053447117307e+01 2.778072486103635441e+00
2.184000000000000000e+03 7.000000000000000000e+00 -1.884658698231456952e+01 3.249206890481379340e+00
2.196000000000000000e+03 7.000000000000000000e+00 -1.879651113028707954e+01 3.568468758610151781e+00
2.208000000000000000e+03 7.000000000000000000e+00 -1.840967582926468538e+01 4.204670954144103412e+00
2.220000000000000000e+03 7.000000000000000000e+00 -1.767742380092244048e+01 5.084229512044107224e+00
2.232000000000000000e+03 7.000000000000000000e+00 -1.682976805390472208e+01 5.899760161269994363e+00
2.052000000000000000e+03 8.000000000000000000e+00 -2.570000000000000062e-01 1.753999999999999915e+01
2.064000000000000000e+03 8.000000000000000000e+00 -9.419999999999999485e-01 1.753999999999999915e+01
2.076000000000000000e+03 8.000000000000000000e+00 -1.570000000000000062e+00 1.742599999999999838e+01
2.088000000000000000e+03 8.000000000000000000e+00 -2.197999999999999954e+00 1.742599999999999838e+01
2.100000000000000000e+03 8.000000000000000000e+00 -2.826000000000000068e+00 1.742599999999999838e+01
2.112000000000000000e+03 8.000000000000000000e+00 -3.454000000000000181e+00 1.731099999999999994e+01
2.124000000000000000e+03 8.000000000000000000e+00 -4.038999999999999702e+00 1.731099999999999994e+01
2.136000000000000000e+03 8.000000000000000000e+00 -4.666999999999999815e+00 1.731099999999999994e+01
2.148000000000000000e+03 8.000000000000000000e+00 -4.829040127683555284e+00 1.769664387142340800e+01
2.160000000000000000e+03 8.000000000000000000e+00 -4.712844172513452001e+00 1.819605924335618496e+01
2.172000000000000000e+03 8.000000000000000000e+00 -5.247547004715475971e+00 1.868738657009591719e+01
2.184000000000000000e+03 8.000000000000000000e+00 -5.500394549411378620e+00 1.889852250056281591e+01
2.196000000000000000e+03 8.000000000000000000e+00 -6.050192661637093572e+00 1.928728401911257961e+01
2.208000000000000000e+03 8.000000000000000000e+00 -6.199959392938834135e+00 1.952888184966076679e+01
2.220000000000000000e+03 8.000000000000000000e+00 -7.030818443435741472e+00 1.967876583840485338e+01
2.232000000000000000e+03 8.000000000000000000e+00 -7.505812943946548188e+00 1.941220006790510411e+01
2.244000000000000000e+03 8.000000000000000000e+00 -8.192130493052776075e+00 1.923668224447787267e+01
2.256000000000000000e+03 8.000000000000000000e+00 -9.442224694722380463e+00 1.863820844517131547e+01
2.268000000000000000e+03 8.000000000000000000e+00 -1.042960821754078360e+01 1.758589516184229140e+01
2.280000000000000000e+03 8.000000000000000000e+00 -1.197715118958637248e+01 1.706094279857775931e+01
3.228000000000000000e+03 3.700000000000000000e+01 -5.420000000000000373e-01 1.725400000000000134e+01
3.240000000000000000e+03 3.700000000000000000e+01 -1.140000000000000041e-01 1.679799999999999827e+01
3.252000000000000000e+03 3.700000000000000000e+01 4.570000000000000173e-01 1.679799999999999827e+01
3.264000000000000000e+03 3.700000000000000000e+01 4.510000000000000120e-01 1.703900000000000148e+01
3.276000000000000000e+03 3.700000000000000000e+01 4.289999999999999925e-01 1.708999999999999986e+01
3.288000000000000000e+03 3.700000000000000000e+01 4.069999999999999729e-01 1.714099999999999824e+01
3.300000000000000000e+03 3.700000000000000000e+01 3.850000000000000089e-01 1.719200000000000017e+01
3.312000000000000000e+03 3.700000000000000000e+01 3.619999999999999885e-01 1.724299999999999855e+01
3.324000000000000000e+03 3.700000000000000000e+01 2.608393226434138068e-01 1.717811754502928423e+01
3.336000000000000000e+03 3.700000000000000000e+01 3.601093264713767783e-01 1.741683005625487368e+01
3.348000000000000000e+03 3.700000000000000000e+01 4.359849299250344035e-01 1.736532550863604385e+01
3.360000000000000000e+03 3.700000000000000000e+01 4.182250476721728338e-01 1.741354256042322390e+01
3.372000000000000000e+03 3.700000000000000000e+01 5.208269327128274284e-01 1.756643042084991180e+01
3.384000000000000000e+03 3.700000000000000000e+01 4.927350831808989806e-01 1.762560483013898605e+01
3.396000000000000000e+03 3.700000000000000000e+01 5.613035936202769305e-01 1.781533474069189182e+01
3.408000000000000000e+03 3.700000000000000000e+01 6.327601430071712052e-01 1.787742500671748402e+01
3.420000000000000000e+03 3.700000000000000000e+01 6.743596232309653216e-01 1.799514072933607878e+01
3.432000000000000000e+03 3.700000000000000000e+01 4.974245367969152287e-01 1.806155680776579686e+01
3.444000000000000000e+03 3.700000000000000000e+01 1.952608266062648978e-01 1.801078659795658865e+01
3.456000000000000000e+03 3.700000000000000000e+01 1.660491760096872160e-01 1.792603596487022344e+01
3.492000000000000000e+03 3.500000000000000000e+01 1.028000000000000025e+00 1.702599999999999980e+01
3.504000000000000000e+03 3.500000000000000000e+01 4.570000000000000173e-01 1.714000000000000057e+01
3.516000000000000000e+03 3.500000000000000000e+01 1.280000000000000027e-01 1.725400000000000134e+01
3.528000000000000000e+03 3.500000000000000000e+01 -1.859999999999999987e-01 1.736899999999999977e+01
3.540000000000000000e+03 3.500000000000000000e+01 -5.000000000000000000e-01 1.753999999999999915e+01
3.552000000000000000e+03 3.500000000000000000e+01 -8.709999999999999964e-01 1.753999999999999915e+01
3.564000000000000000e+03 3.500000000000000000e+01 -1.185000000000000053e+00 1.753999999999999915e+01
3.576000000000000000e+03 3.500000000000000000e+01 -1.612999999999999989e+00 1.753999999999999915e+01
3.588000000000000000e+03 3.500000000000000000e+01 -1.998907568238621035e+00 1.738680632018217764e+01
3.600000000000000000e+03 3.500000000000000000e+01 -2.345833439830049549e+00 1.746730004982991602e+01
3.612000000000000000e+03 3.500000000000000000e+01 -2.830966116957953194e+00 1.733800295419244719e+01
3.624000000000000000e+03 3.500000000000000000e+01 -3.220628344823948552e+00 1.727815762005042899e+01
3.636000000000000000e+03 3.500000000000000000e+01 -3.739906693086300749e+00 1.732669781890064797e+01
3.648000000000000000e+03 3.500000000000000000e+01 -4.232706445964574016e+00 1.745458332192072248e+01
3.660000000000000000e+03 3.500000000000000000e+01 -4.724310834059727071e+00 1.733903456744916127e+01
3.672000000000000000e+03 3.500000000000000000e+01 -4.831020162534786166e+00 1.742982479776102878e+01
3.684000000000000000e+03 3.500000000000000000e+01 -5.215890412623862105e+00 1.746260563929658005e+01
3.696000000000000000e+03 3.500000000000000000e+01 -5.236610018470486239e+00 1.755210122970649778e+01
3.708000000000000000e+03 3.500000000000000000e+01 -5.558055355898040339e+00 1.754578516056859883e+01
3.720000000000000000e+03 3.500000000000000000e+01 -6.038368573881082391e+00 1.741219671278168946e+01
3.732000000000000000e+03 3.600000000000000000e+01 -6.264999999999999680e+00 1.742599999999999838e+01
3.744000000000000000e+03 3.600000000000000000e+01 -6.636000000000000121e+00 1.742599999999999838e+01
3.756000000000000000e+03 3.600000000000000000e+01 -7.006999999999999673e+00 1.742599999999999838e+01
3.768000000000000000e+03 3.600000000000000000e+01 -7.378000000000000114e+00 1.742599999999999838e+01
3.780000000000000000e+03 3.600000000000000000e+01 -7.721000000000000085e+00 1.742599999999999838e+01
3.792000000000000000e+03 3.600000000000000000e+01 -8.035000000000000142e+00 1.742599999999999838e+01
3.804000000000000000e+03 3.600000000000000000e+01 -8.406000000000000583e+00 1.742599999999999838e+01
3.816000000000000000e+03 3.600000000000000000e+01 -8.776999999999999247e+00 1.742599999999999838e+01
3.828000000000000000e+03 3.600000000000000000e+01 -9.329510286455906964e+00 1.730339183306634254e+01
3.840000000000000000e+03 3.600000000000000000e+01 -9.608775751116979791e+00 1.747902010585814736e+01
3.852000000000000000e+03 3.600000000000000000e+01 -1.007627105465817330e+01 1.740224167648868558e+01
3.864000000000000000e+03 3.600000000000000000e+01 -1.052311977001446763e+01 1.748831786044247849e+01
3.876000000000000000e+03 3.600000000000000000e+01 -1.101269671491628266e+01 1.740767126913634399e+01
3.888000000000000000e+03 3.600000000000000000e+01 -1.143788077245944557e+01 1.744473403979673165e+01
3.900000000000000000e+03 3.600000000000000000e+01 -1.172208868875954835e+01 1.758643248650487578e+01
3.912000000000000000e+03 3.600000000000000000e+01 -1.213857277969562531e+01 1.744863339163328675e+01
3.924000000000000000e+03 3.600000000000000000e+01 -1.247758453738334694e+01 1.731317764254385239e+01
3.936000000000000000e+03 3.600000000000000000e+01 -1.289725177056705796e+01 1.743979656382389010e+01
3.948000000000000000e+03 3.600000000000000000e+01 -1.302218715281430761e+01 1.736635485309279403e+01
3.960000000000000000e+03 3.600000000000000000e+01 -1.299334361721067843e+01 1.742038951384915890e+01
4.788000000000000000e+03 7.400000000000000000e+01 1.636899999999999977e+01 6.493999999999999773e+00
4.800000000000000000e+03 7.400000000000000000e+01 1.498499999999999943e+01 6.435999999999999943e+00
4.812000000000000000e+03 7.400000000000000000e+01 1.350099999999999945e+01 6.435999999999999943e+00
4.824000000000000000e+03 7.400000000000000000e+01 1.197400000000000020e+01 6.551000000000000156e+00
4.836000000000000000e+03 7.400000000000000000e+01 1.050399999999999956e+01 6.551000000000000156e+00
4.848000000000000000e+03 7.400000000000000000e+01 8.962999999999999190e+00 6.551000000000000156e+00
4.860000000000000000e+03 7.400000000000000000e+01 7.264000000000000234e+00 6.551000000000000156e+00
4.872000000000000000e+03 7.400000000000000000e+01 5.551999999999999602e+00 6.551000000000000156e+00
4.884000000000000000e+03 7.400000000000000000e+01 3.875888012864131316e+00 6.552104932183020480e+00
4.896000000000000000e+03 7.400000000000000000e+01 1.885183533701948022e+00 6.622106802201644271e+00
4.908000000000000000e+03 7.400000000000000000e+01 1.072004855549174296e-01 6.423246277317113950e+00
4.920000000000000000e+03 7.400000000000000000e+01 -1.746039999159861189e+00 6.410614506270716717e+00
4.932000000000000000e+03 7.400000000000000000e+01 -3.676914284500969465e+00 6.479280081838489025e+00
4.944000000000000000e+03 7.400000000000000000e+01 -5.401835413091728100e+00 6.675382063977721714e+00
4.956000000000000000e+03 7.400000000000000000e+01 -7.314320371822120137e+00 6.522244749598542057e+00
4.968000000000000000e+03 7.400000000000000000e+01 -9.040407954760492970e+00 6.522522830639559288e+00
4.980000000000000000e+03 7.400000000000000000e+01 -1.065205160964935160e+01 6.411394748959263978e+00
4.992000000000000000e+03 7.400000000000000000e+01 -1.222828813928436631e+01 6.310673381491320733e+00
5.004000000000000000e+03 7.400000000000000000e+01 -1.347270050195840163e+01 6.174109447998723965e+00
5.016000000000000000e+03 7.400000000000000000e+01 -1.490330427677367808e+01 6.164882608760068550e+00
6.744000000000000000e+03 1.520000000000000000e+02 1.514199999999999946e+01 5.865999999999999659e+00
6.756000000000000000e+03 1.520000000000000000e+02 1.411500000000000021e+01 5.865999999999999659e+00
6.768000000000000000e+03 1.520000000000000000e+02 1.323000000000000043e+01 5.980000000000000426e+00
6.780000000000000000e+03 1.520000000000000000e+02 1.250200000000000067e+01 5.980000000000000426e+00
6.792000000000000000e+03 1.520000000000000000e+02 1.175999999999999979e+01 6.094000000000000306e+00
6.804000000000000000e+03 1.520000000000000000e+02 1.113199999999999967e+01 6.094000000000000306e+00
6.816000000000000000e+03 1.520000000000000000e+02 1.060399999999999920e+01 6.094000000000000306e+00
6.828000000000000000e+03 1.520000000000000000e+02 1.003299999999999947e+01 6.094000000000000306e+00
6.840000000000000000e+03 1.520000000000000000e+02 9.518336473461545211e+00 6.048434687300781931e+00
6.852000000000000000e+03 1.520000000000000000e+02 9.091076775448389213e+00 6.214923605247867577e+00
6.864000000000000000e+03 1.520000000000000000e+02 8.623971622255920622e+00 6.053088068337235228e+00
6.876000000000000000e+03 1.520000000000000000e+02 7.930606234893803119e+00 6.066625814061984201e+00
6.888000000000000000e+03 1.520000000000000000e+02 7.620717574083551327e+00 5.947154814166766279e+00
6.900000000000000000e+03 1.520000000000000000e+02 7.086954770944853266e+00 5.969815980132127109e+00
6.912000000000000000e+03 1.520000000000000000e+02 6.502978007925402260e+00 6.298436054656820104e+00
6.924000000000000000e+03 1.520000000000000000e+02 6.096294646980519261e+00 6.279544675660111430e+00
6.936000000000000000e+03 1.520000000000000000e+02 5.476429994441431859e+00 6.180429268947939647e+00
6.948000000000000000e+03 1.520000000000000000e+02 4.985116119719246619e+00 6.238187841445453685e+00
6.960000000000000000e+03 1.520000000000000000e+02 4.402790268942818663e+00 6.218985399401120162e+00
6.972000000000000000e+03 1.520000000000000000e+02 4.163563568229605494e+00 6.056493135948863404e+00
6.984000000000000000e+03 1.500000000000000000e+02 -1.965200000000000102e+01 1.771099999999999852e+01
6.996000000000000000e+03 1.500000000000000000e+02 -1.923799999999999955e+01 1.771099999999999852e+01
7.008000000000000000e+03 1.500000000000000000e+02 -1.846699999999999875e+01 1.753999999999999915e+01
7.020000000000000000e+03 1.500000000000000000e+02 -1.811100000000000065e+01 1.776800000000000068e+01
7.032000000000000000e+03 1.500000000000000000e+02 -1.764000000000000057e+01 1.799599999999999866e+01
7.044000000000000000e+03 1.500000000000000000e+02 -1.632700000000000173e+01 1.811100000000000065e+01
7.056000000000000000e+03 1.500000000000000000e+02 -1.507099999999999973e+01 1.811100000000000065e+01
7.068000000000000000e+03 1.500000000000000000e+02 -1.375799999999999912e+01 1.822500000000000142e+01
7.080000000000000000e+03 1.500000000000000000e+02 -1.247142940163386271e+01 1.843859943566734927e+01
7.092000000000000000e+03 1.500000000000000000e+02 -1.168795010570570270e+01 1.906074326587618017e+01
7.104000000000000000e+03 1.500000000000000000e+02 -1.100329889116272319e+01 1.964753568651298821e+01
7.116000000000000000e+03 1.500000000000000000e+02 -1.071344819285373262e+01 2.059113505956381474e+01
7.128000000000000000e+03 1.500000000000000000e+02 -1.025151349598077033e+01 2.118522962034206358e+01
7.140000000000000000e+03 1.500000000000000000e+02 -9.617932192813576364e+00 2.133198724340491026e+01
7.152000000000000000e+03 1.500000000000000000e+02 -9.648412572080648175e+00 2.120417016160497781e+01
7.164000000000000000e+03 1.500000000000000000e+02 -9.041756776442904098e+00 2.092982819813134654e+01
7.176000000000000000e+03 1.500000000000000000e+02 -8.277628291023384932e+00 2.021836677556281003e+01
7.188000000000000000e+03 1.500000000000000000e+02 -7.569847100699890419e+00 1.944815814523519037e+01
7.200000000000000000e+03 1.500000000000000000e+02 -7.266227762144785274e+00 1.874376507230971711e+01
7.212000000000000000e+03 1.500000000000000000e+02 -6.747435633586861492e+00 1.763355049552090748e+01
6.984000000000000000e+03 1.530000000000000000e+02 3.424999999999999822e+00 6.094000000000000306e+00
6.996000000000000000e+03 1.530000000000000000e+02 2.854000000000000092e+00 6.094000000000000306e+00
7.008000000000000000e+03 1.530000000000000000e+02 2.269000000000000128e+00 6.094000000000000306e+00
7.020000000000000000e+03 1.530000000000000000e+02 1.697999999999999954e+00 6.094000000000000306e+00
7.032000000000000000e+03 1.530000000000000000e+02 1.127000000000000002e+00 6.094000000000000306e+00
7.044000000000000000e+03 1.530000000000000000e+02 5.000000000000000000e-01 6.094000000000000306e+00
7.056000000000000000e+03 1.530000000000000000e+02 -8.599999999999999312e-02 6.094000000000000306e+00
7.068000000000000000e+03 1.530000000000000000e+02 -6.560000000000000275e-01 6.036999999999999922e+00
7.080000000000000000e+03 1.530000000000000000e+02 -1.205755378009858880e+00 5.788029370972040510e+00
7.092000000000000000e+03 1.530000000000000000e+02 -1.130634249872371155e+00 5.200210032642117675e+00
7.104000000000000000e+03 1.530000000000000000e+02 -1.693317638567541472e+00 4.822975234298562341e+00
7.116000000000000000e+03 1.530000000000000000e+02 -1.652186623226854945e+00 4.136788627472908431e+00
7.128000000000000000e+03 1.530000000000000000e+02 -1.003021903815119131e+00 3.263666921366584539e+00
7.140000000000000000e+03 1.530000000000000000e+02 -1.167003363653349890e+00 3.107546230347518090e+00
7.152000000000000000e+03 1.530000000000000000e+02 -1.900716826532396597e+00 2.789925038994382156e+00
7.164000000000000000e+03 1.530000000000000000e+02 -1.867087406481710232e+00 2.906300947472701957e+00
7.176000000000000000e+03 1.530000000000000000e+02 -2.969474705331329734e+00 3.514223990501752493e+00
7.188000000000000000e+03 1.530000000000000000e+02 -4.283742968037379306e+00 3.628782948557663701e+00
7.200000000000000000e+03 1.530000000000000000e+02 -5.464059964777422174e+00 4.594452524471281940e+00
7.212000000000000000e+03 1.530000000000000000e+02 -7.727116445868162486e+00 5.594165621027128665e+00
7.224000000000000000e+03 1.510000000000000000e+02 -6.716000000000000192e+00 1.765399999999999991e+01
7.236000000000000000e+03 1.510000000000000000e+02 -6.711999999999999744e+00 1.765399999999999991e+01
7.248000000000000000e+03 1.510000000000000000e+02 -6.708999999999999631e+00 1.765399999999999991e+01
7.260000000000000000e+03 1.510000000000000000e+02 -6.705000000000000071e+00 1.765399999999999991e+01
7.272000000000000000e+03 1.510000000000000000e+02 -6.700999999999999623e+00 1.765399999999999991e+01
7.284000000000000000e+03 1.510000000000000000e+02 -6.698000000000000398e+00 1.765399999999999991e+01
7.296000000000000000e+03 1.510000000000000000e+02 -6.693999999999999950e+00 1.765399999999999991e+01
7.308000000000000000e+03 1.510000000000000000e+02 -6.690999999999999837e+00 1.765399999999999991e+01
7.320000000000000000e+03 1.510000000000000000e+02 -6.525600680551043808e+00 1.822830181053806342e+01
7.332000000000000000e+03 1.510000000000000000e+02 -6.028621448405322880e+00 1.873715313455888420e+01
7.344000000000000000e+03 1.510000000000000000e+02 -5.096700381570399507e+00 1.877767031541698373e+01
7.356000000000000000e+03 1.510000000000000000e+02 -4.067533556324126387e+00 1.935378428491501879e+01
7.368000000000000000e+03 1.510000000000000000e+02 -3.025334069248797775e+00 1.964742983197410808e+01
7.380000000000000000e+03 1.510000000000000000e+02 -2.673628088883801546e+00 1.973456400483815187e+01
7.392000000000000000e+03 1.510000000000000000e+02 -2.069149278018491245e+00 1.991103477022644341e+01
7.404000000000000000e+03 1.510000000000000000e+02 -1.976958373097109867e+00 1.990969920716014485e+01
7.416000000000000000e+03 1.510000000000000000e+02 -2.592848139090546233e+00 1.962404781587888536e+01
7.428000000000000000e+03 1.510000000000000000e+02 -3.136731440189017839e+00 1.906524407767158280e+01
7.440000000000000000e+03 1.510000000000000000e+02 -4.629629665266918437e+00 1.839301241918160912e+01
7.452000000000000000e+03 1.510000000000000000e+02 -6.696924683589186245e+00 1.800767986624204653e+01
7.224000000000000000e+03 1.540000000000000000e+02 -8.305999999999999162e+00 5.793999999999999595e+00
7.236000000000000000e+03 1.540000000000000000e+02 -8.919999999999999929e+00 5.793999999999999595e+00
7.248000000000000000e+03 1.540000000000000000e+02 -9.433999999999999275e+00 5.793999999999999595e+00
7.260000000000000000e+03 1.540000000000000000e+02 -9.903999999999999915e+00 5.793999999999999595e+00
7.272000000000000000e+03 1.540000000000000000e+02 -1.054700000000000060e+01 5.793999999999999595e+00
7.284000000000000000e+03 1.540000000000000000e+02 -1.111800000000000033e+01 5.793999999999999595e+00
7.296000000000000000e+03 1.540000000000000000e+02 -1.174600000000000044e+01 5.793999999999999595e+00
7.308000000000000000e+03 1.540000000000000000e+02 -1.231600000000000072e+01 5.793999999999999595e+00
7.320000000000000000e+03 1.540000000000000000e+02 -1.304377793890827775e+01 5.449733828864982144e+00
7.332000000000000000e+03 1.540000000000000000e+02 -1.477492979014621710e+01 4.755856585288350757e+00
7.344000000000000000e+03 1.540000000000000000e+02 -1.614898739480260659e+01 4.491352689394086717e+00
7.356000000000000000e+03 1.540000000000000000e+02 -1.768351853599543944e+01 3.867178565335136042e+00
7.368000000000000000e+03 1.540000000000000000e+02 -1.902782298534431860e+01 3.339717900785560190e+00
7.380000000000000000e+03 1.540000000000000000e+02 -2.033653944809230296e+01 3.247681857406489847e+00
7.392000000000000000e+03 1.540000000000000000e+02 -2.124343018676747974e+01 2.975873710872361855e+00
7.404000000000000000e+03 1.540000000000000000e+02 -2.179028437511351513e+01 2.992578827822538479e+00
7.416000000000000000e+03 1.540000000000000000e+02 -2.157282184310868089e+01 3.696567350678737984e+00
7.428000000000000000e+03 1.540000000000000000e+02 -2.147218008081257423e+01 3.966315199860877438e+00
7.440000000000000000e+03 1.540000000000000000e+02 -2.064811913350719053e+01 4.815186551672722359e+00
7.452000000000000000e+03 1.540000000000000000e+02 -1.969107835402423490e+01 6.031715995774724171e+00
7.512000000000000000e+03 1.560000000000000000e+02 -1.979500000000000171e+01 1.845299999999999940e+01
7.524000000000000000e+03 1.560000000000000000e+02 -1.942399999999999949e+01 1.845299999999999940e+01
7.536000000000000000e+03 1.560000000000000000e+02 -1.905300000000000082e+01 1.833899999999999864e+01
7.548000000000000000e+03 1.560000000000000000e+02 -1.868100000000000094e+01 1.833899999999999864e+01
7.560000000000000000e+03 1.560000000000000000e+02 -1.826800000000000068e+01 1.833899999999999864e+01
7.572000000000000000e+03 1.560000000000000000e+02 -1.785399999999999920e+01 1.833899999999999864e+01
7.584000000000000000e+03 1.560000000000000000e+02 -1.736899999999999977e+01 1.833899999999999864e+01
7.596000000000000000e+03 1.560000000000000000e+02 -1.691199999999999903e+01 1.822500000000000142e+01
7.608000000000000000e+03 1.560000000000000000e+02 -1.675582496227965379e+01 1.898307307620732587e+01
7.620000000000000000e+03 1.560000000000000000e+02 -1.645055885964810116e+01 1.928204650278267707e+01
7.632000000000000000e+03 1.560000000000000000e+02 -1.605447629034865997e+01 2.013443451668409523e+01
7.644000000000000000e+03 1.560000000000000000e+02 -1.575743273156532709e+01 2.101111538462667028e+01
7.656000000000000000e+03 1.560000000000000000e+02 -1.532537462426640040e+01 2.099899486150358641e+01
7.668000000000000000e+03 1.560000000000000000e+02 -1.474232793864768709e+01 2.118767699258133064e+01
7.680000000000000000e+03 1.560000000000000000e+02 -1.408773143780823389e+01 2.120595762144179020e+01
7.692000000000000000e+03 1.560000000000000000e+02 -1.381282878186350871e+01 2.091526456664775679e+01
7.704000000000000000e+03 1.560000000000000000e+02 -1.323722405647770550e+01 2.017727753346408903e+01
7.716000000000000000e+03 1.560000000000000000e+02 -1.255963169109542044e+01 1.936223571095690232e+01
7.728000000000000000e+03 1.560000000000000000e+02 -1.197399367482778132e+01 1.888389834254627786e+01
7.740000000000000000e+03 1.560000000000000000e+02 -1.140784651952111695e+01 1.832886548134463567e+01
7.596000000000000000e+03 8.600000000000000000e+01 -1.342999999999999972e+01 7.634999999999999787e+00
7.608000000000000000e+03 8.600000000000000000e+01 -1.280199999999999960e+01 7.634999999999999787e+00
7.620000000000000000e+03 8.600000000000000000e+01 -1.217399999999999949e+01 7.634999999999999787e+00
7.632000000000000000e+03 8.600000000000000000e+01 -1.148900000000000077e+01 7.634999999999999787e+00
7.644000000000000000e+03 8.600000000000000000e+01 -1.080400000000000027e+01 7.634999999999999787e+00
7.656000000000000000e+03 8.600000000000000000e+01 -1.017600000000000016e+01 7.634999999999999787e+00
7.668000000000000000e+03 8.600000000000000000e+01 -9.490999999999999659e+00 7.634999999999999787e+00
7.680000000000000000e+03 8.600000000000000000e+01 -8.862999999999999545e+00 7.634999999999999787e+00
7.692000000000000000e+03 8.600000000000000000e+01 -8.180073185189947083e+00 7.604153091752749560e+00
7.704000000000000000e+03 8.600000000000000000e+01 -7.427121196016498672e+00 6.381312319828108315e+00
7.716000000000000000e+03 8.600000000000000000e+01 -6.576618688702600579e+00 5.958294624994232791e+00
7.728000000000000000e+03 8.600000000000000000e+01 -5.681852832452321422e+00 5.244063187051143160e+00
7.740000000000000000e+03 8.600000000000000000e+01 -5.304412018656815775e+00 4.528622185372277897e+00
7.752000000000000000e+03 8.600000000000000000e+01 -4.773066417454615795e+00 3.481994992048671023e+00
7.764000000000000000e+03 8.600000000000000000e+01 -4.157606170529253298e+00 3.119017330986700198e+00
7.776000000000000000e+03 8.600000000000000000e+01 -3.956291361576194099e+00 3.464776575864236818e+00
7.788000000000000000e+03 8.600000000000000000e+01 -3.131843678407804532e+00 3.648523504379461713e+00
7.800000000000000000e+03 8.600000000000000000e+01 -2.743501949277179719e+00 5.205117638044258754e+00
7.812000000000000000e+03 8.600000000000000000e+01 -2.102907871898985093e+00 6.193186961217485020e+00
7.824000000000000000e+03 8.600000000000000000e+01 -1.560522847071876162e+00 7.575326659189997258e+00
7.644000000000000000e+03 9.200000000000000000e+01 1.658399999999999963e+01 6.551000000000000156e+00
7.656000000000000000e+03 9.200000000000000000e+01 1.658399999999999963e+01 6.551000000000000156e+00
7.668000000000000000e+03 9.200000000000000000e+01 1.658399999999999963e+01 6.551000000000000156e+00
7.680000000000000000e+03 9.200000000000000000e+01 1.634100000000000108e+01 6.551000000000000156e+00
7.692000000000000000e+03 9.200000000000000000e+01 1.588400000000000034e+01 6.551000000000000156e+00
7.704000000000000000e+03 9.200000000000000000e+01 1.536999999999999922e+01 6.551000000000000156e+00
7.716000000000000000e+03 9.200000000000000000e+01 1.491399999999999970e+01 6.551000000000000156e+00
7.728000000000000000e+03 9.200000000000000000e+01 1.442900000000000027e+01 6.551000000000000156e+00
7.740000000000000000e+03 9.200000000000000000e+01 1.434271005742548155e+01 6.606383058242982109e+00
7.752000000000000000e+03 9.200000000000000000e+01 1.464888919830242564e+01 6.889802488895307775e+00
7.764000000000000000e+03 9.200000000000000000e+01 1.510944969803242444e+01 7.095931702887888548e+00
7.776000000000000000e+03 9.200000000000000000e+01 1.590439068155138713e+01 6.906903304096038809e+00
7.788000000000000000e+03 9.200000000000000000e+01 1.663125197620062323e+01 6.658828218785565412e+00
7.800000000000000000e+03 9.200000000000000000e+01 1.699088320508143823e+01 6.810304267840042058e+00
7.812000000000000000e+03 9.200000000000000000e+01 1.701863944728527400e+01 7.139360803009393130e+00
7.824000000000000000e+03 9.200000000000000000e+01 1.657544737651325306e+01 7.120959076824314060e+00
7.836000000000000000e+03 9.200000000000000000e+01 1.532286673879124450e+01 6.783739582588591333e+00
7.848000000000000000e+03 9.200000000000000000e+01 1.385455413562550220e+01 6.822326970900582488e+00
7.860000000000000000e+03 9.200000000000000000e+01 1.210212414003155423e+01 6.850848095142587191e+00
7.872000000000000000e+03 9.200000000000000000e+01 9.353948961732273304e+00 6.664769869780865719e+00
7.836000000000000000e+03 8.700000000000000000e+01 -3.280000000000000138e-01 7.634999999999999787e+00
7.848000000000000000e+03 8.700000000000000000e+01 2.999999999999999889e-01 7.764000000000000234e+00
7.860000000000000000e+03 8.700000000000000000e+01 9.419999999999999485e-01 7.764000000000000234e+00
7.872000000000000000e+03 8.700000000000000000e+01 1.570000000000000062e+00 7.764000000000000234e+00
7.884000000000000000e+03 8.700000000000000000e+01 2.197999999999999954e+00 7.764000000000000234e+00
7.896000000000000000e+03 8.700000000000000000e+01 2.839999999999999858e+00 7.892000000000000348e+00
7.908000000000000000e+03 8.700000000000000000e+01 3.467999999999999972e+00 7.892000000000000348e+00
7.920000000000000000e+03 8.700000000000000000e+01 4.096000000000000085e+00 7.892000000000000348e+00
7.932000000000000000e+03 8.700000000000000000e+01 4.513259847342784958e+00 8.528626354122380349e+00
7.944000000000000000e+03 8.700000000000000000e+01 5.873414272369714695e+00 7.977492800475085133e+00
7.956000000000000000e+03 8.700000000000000000e+01 7.025823632520955542e+00 8.903085731677034431e+00
7.968000000000000000e+03 8.700000000000000000e+01 8.456464362041691274e+00 9.781972870198423209e+00
7.980000000000000000e+03 8.700000000000000000e+01 9.298238111299662378e+00 8.131884207361522954e+00
7.992000000000000000e+03 8.700000000000000000e+01 9.743742485987830548e+00 7.047035070955874225e+00
8.004000000000000000e+03 8.700000000000000000e+01 1.112884571432491398e+01 8.071469196155222292e+00
8.016000000000000000e+03 8.700000000000000000e+01 1.091126694507122075e+01 7.788964755994959965e+00
8.028000000000000000e+03 8.700000000000000000e+01 1.162273277255599702e+01 7.103832593556713704e+00
8.040000000000000000e+03 8.700000000000000000e+01 1.131669770578953305e+01 7.370091626837929510e+00
8.052000000000000000e+03 8.700000000000000000e+01 1.155286707781629474e+01 8.101444088747182803e+00
8.064000000000000000e+03 8.700000000000000000e+01 1.081131900691914538e+01 8.250946496679651077e+00
7.884000000000000000e+03 9.300000000000000000e+01 9.090999999999999304e+00 6.665000000000000036e+00
7.896000000000000000e+03 9.300000000000000000e+01 8.663000000000000256e+00 6.665000000000000036e+00
7.908000000000000000e+03 9.300000000000000000e+01 8.205999999999999517e+00 6.665000000000000036e+00
7.920000000000000000e+03 9.300000000000000000e+01 7.777999999999999581e+00 6.665000000000000036e+00
7.932000000000000000e+03 9.300000000000000000e+01 7.307000000000000384e+00 6.665000000000000036e+00
7.944000000000000000e+03 9.300000000000000000e+01 6.892999999999999794e+00 6.665000000000000036e+00
7.956000000000000000e+03 9.300000000000000000e+01 6.464999999999999858e+00 6.665000000000000036e+00
7.968000000000000000e+03 9.300000000000000000e+01 5.950999999999999623e+00 6.551000000000000156e+00
7.980000000000000000e+03 9.300000000000000000e+01 4.346025231040473003e+00 6.432978669296877783e+00
7.992000000000000000e+03 9.300000000000000000e+01 2.787904793671151182e+00 6.288699048267576863e+00
8.004000000000000000e+03 9.300000000000000000e+01 9.101670881198712371e-01 5.587679958342739006e+00
8.016000000000000000e+03 9.300000000000000000e+01 -1.123627224890510590e+00 5.400407262889327598e+00
8.028000000000000000e+03 9.300000000000000000e+01 -2.569208158394165054e+00 4.227649041485660675e+00
8.040000000000000000e+03 9.300000000000000000e+01 -3.645093004391900759e+00 4.005149804927544466e+00
8.052000000000000000e+03 9.300000000000000000e+01 -3.755753614817068708e+00 3.494767791770717391e+00
8.064000000000000000e+03 9.300000000000000000e+01 -3.997291783955690292e+00 4.156188625964396977e+00
8.076000000000000000e+03 9.300000000000000000e+01 -3.363888255955107986e+00 4.776528480971492741e+00
8.088000000000000000e+03 9.300000000000000000e+01 -2.574152938759419751e+00 5.494224578654741009e+00
8.100000000000000000e+03 9.300000000000000000e+01 -8.169395118977623715e-01 5.920500450233397771e+00
8.112000000000000000e+03 9.300000000000000000e+01 9.560414938819505881e-01 6.080606887375640923e+00
8.124000000000000000e+03 9.400000000000000000e+01 1.000000000000000056e-01 5.980000000000000426e+00
8.136000000000000000e+03 9.400000000000000000e+01 -3.709999999999999964e-01 5.980000000000000426e+00
8.148000000000000000e+03 9.400000000000000000e+01 -8.419999999999999707e-01 6.094000000000000306e+00
8.160000000000000000e+03 9.400000000000000000e+01 -1.312999999999999945e+00 6.094000000000000306e+00
8.172000000000000000e+03 9.400000000000000000e+01 -1.840999999999999970e+00 6.208000000000000185e+00
8.184000000000000000e+03 9.400000000000000000e+01 -2.311999999999999833e+00 6.208000000000000185e+00
8.196000000000000000e+03 9.400000000000000000e+01 -2.782999999999999918e+00 6.322000000000000064e+00
8.208000000000000000e+03 9.400000000000000000e+01 -3.297000000000000153e+00 6.322000000000000064e+00
8.220000000000000000e+03 9.400000000000000000e+01 -3.764252886249111807e+00 6.578667057016881259e+00
8.232000000000000000e+03 9.400000000000000000e+01 -4.111807094884865066e+00 6.614363477546083558e+00
8.244000000000000000e+03 9.400000000000000000e+01 -4.609962263522012549e+00 6.585593367303555823e+00
8.256000000000000000e+03 9.400000000000000000e+01 -4.802228687832371001e+00 6.562103438235217467e+00
8.268000000000000000e+03 9.400000000000000000e+01 -5.097539417164453468e+00 6.600107917631160781e+00
8.280000000000000000e+03 9.400000000000000000e+01 -5.602389216054120880e+00 6.754039284541846655e+00
8.292000000000000000e+03 9.400000000000000000e+01 -6.322350681677022521e+00 6.814527977408376458e+00
8.304000000000000000e+03 9.400000000000000000e+01 -6.669721238026491861e+00 6.894663471882264361e+00
8.316000000000000000e+03 9.400000000000000000e+01 -7.227415948940830503e+00 7.044379457434017056e+00
8.328000000000000000e+03 9.400000000000000000e+01 -7.865809102421470911e+00 6.891822449909692061e+00
8.340000000000000000e+03 9.400000000000000000e+01 -8.402823567196779919e+00 7.229348974786123705e+00
8.352000000000000000e+03 9.400000000000000000e+01 -9.258935552430916260e+00 7.455284164290888249e+00
8.364000000000000000e+03 9.500000000000000000e+01 -9.589999999999999858e+00 7.464000000000000412e+00
8.376000000000000000e+03 9.500000000000000000e+01 -1.000399999999999956e+01 7.706999999999999851e+00
8.388000000000000000e+03 9.500000000000000000e+01 -1.049000000000000021e+01 7.934999999999999609e+00
8.400000000000000000e+03 9.500000000000000000e+01 -1.090300000000000047e+01 8.063000000000000611e+00
8.412000000000000000e+03 9.500000000000000000e+01 -1.137400000000000055e+01 8.291999999999999815e+00
8.424000000000000000e+03 9.500000000000000000e+01 -1.180300000000000082e+01 8.519999999999999574e+00
8.436000000000000000e+03 9.500000000000000000e+01 -1.225900000000000034e+01 8.747999999999999332e+00
8.448000000000000000e+03 9.500000000000000000e+01 -1.268699999999999939e+01 8.862999999999999545e+00
8.460000000000000000e+03 9.500000000000000000e+01 -1.311081140486963470e+01 9.194763637400468426e+00
8.472000000000000000e+03 9.500000000000000000e+01 -1.349956205757857930e+01 9.391544025493301362e+00
8.484000000000000000e+03 9.500000000000000000e+01 -1.384547861269807001e+01 9.781518641960818883e+00
8.496000000000000000e+03 9.500000000000000000e+01 -1.416429031388639359e+01 1.016808196097382222e+01
8.508000000000000000e+03 9.500000000000000000e+01 -1.455017876494730977e+01 1.073636558923131190e+01
8.520000000000000000e+03 9.500000000000000000e+01 -1.507879593317828437e+01 1.123656649279245912e+01
8.532000000000000000e+03 9.500000000000000000e+01 -1.540744093938125125e+01 1.188150703768111960e+01
8.544000000000000000e+03 9.500000000000000000e+01 -1.556766887048741843e+01 1.232679924848647879e+01
8.556000000000000000e+03 9.500000000000000000e+01 -1.599445701827333721e+01 1.254074770181949461e+01
8.568000000000000000e+03 9.500000000000000000e+01 -1.615401446445281408e+01 1.280596278703231050e+01
8.580000000000000000e+03 9.500000000000000000e+01 -1.652211459055923015e+01 1.325994758763019377e+01
8.592000000000000000e+03 9.500000000000000000e+01 -1.689291629372331727e+01 1.337982432621014617e+01
1.096800000000000000e+04 9.700000000000000000e+01 -1.915200000000000102e+01 1.411500000000000021e+01
1.098000000000000000e+04 9.700000000000000000e+01 -1.873900000000000077e+01 1.354400000000000048e+01
1.099200000000000000e+04 9.700000000000000000e+01 -1.821099999999999852e+01 1.320100000000000051e+01
1.100400000000000000e+04 9.700000000000000000e+01 -1.776800000000000068e+01 1.291600000000000037e+01
1.101600000000000000e+04 9.700000000000000000e+01 -1.739699999999999847e+01 1.268699999999999939e+01
1.102800000000000000e+04 9.700000000000000000e+01 -1.698300000000000054e+01 1.221599999999999930e+01
1.104000000000000000e+04 9.700000000000000000e+01 -1.656899999999999906e+01 1.185999999999999943e+01
1.105200000000000000e+04 9.700000000000000000e+01 -1.614099999999999824e+01 1.140300000000000047e+01
1.106400000000000000e+04 9.700000000000000000e+01 -1.572760323404023985e+01 1.071857361050115998e+01
1.107600000000000000e+04 9.700000000000000000e+01 -1.554344361176421252e+01 1.037131200109643103e+01
1.108800000000000000e+04 9.700000000000000000e+01 -1.565153889270619381e+01 9.967819016278046007e+00
1.110000000000000000e+04 9.700000000000000000e+01 -1.576953412414020050e+01 9.658962643158607975e+00
1.111200000000000000e+04 9.700000000000000000e+01 -1.578179033314941826e+01 9.547632810084566657e+00
1.112400000000000000e+04 9.700000000000000000e+01 -1.598527082086980577e+01 9.028164229359148862e+00
1.113600000000000000e+04 9.700000000000000000e+01 -1.575943153605460623e+01 8.567483955663101725e+00
1.114800000000000000e+04 9.700000000000000000e+01 -1.531856246659110354e+01 8.552328423265318946e+00
1.116000000000000000e+04 9.700000000000000000e+01 -1.453613262035623244e+01 8.095178972512995230e+00
1.117200000000000000e+04 9.700000000000000000e+01 -1.375118506820033382e+01 7.818115225424456582e+00
1.118400000000000000e+04 9.700000000000000000e+01 -1.204672215565540050e+01 7.699468009896488496e+00
1.119600000000000000e+04 9.700000000000000000e+01 -1.003221598671457926e+01 7.393753216368729397e+00
1.100400000000000000e+04 5.600000000000000000e+01 8.406000000000000583e+00 8.121000000000000441e+00
1.101600000000000000e+04 5.600000000000000000e+01 8.406000000000000583e+00 8.121000000000000441e+00
1.102800000000000000e+04 5.600000000000000000e+01 8.406000000000000583e+00 8.121000000000000441e+00
1.104000000000000000e+04 5.600000000000000000e+01 8.406000000000000583e+00 8.121000000000000441e+00
1.105200000000000000e+04 5.600000000000000000e+01 8.406000000000000583e+00 8.121000000000000441e+00
1.106400000000000000e+04 5.600000000000000000e+01 8.406000000000000583e+00 8.121000000000000441e+00
1.107600000000000000e+04 5.600000000000000000e+01 8.406000000000000583e+00 8.121000000000000441e+00
1.108800000000000000e+04 5.600000000000000000e+01 8.406000000000000583e+00 8.121000000000000441e+00
1.110000000000000000e+04 5.600000000000000000e+01 8.653931561664537142e+00 8.163019543657798138e+00
1.111200000000000000e+04 5.600000000000000000e+01 9.031781344387134425e+00 8.468375015204511413e+00
1.112400000000000000e+04 5.600000000000000000e+01 9.701178004481903372e+00 8.660107978259976136e+00
1.113600000000000000e+04 5.600000000000000000e+01 1.051678847164482811e+01 8.520946553466560047e+00
1.114800000000000000e+04 5.600000000000000000e+01 1.083201840899095458e+01 8.461478323677695812e+00
1.116000000000000000e+04 5.600000000000000000e+01 1.120857705572145235e+01 8.453163645808091431e+00
1.117200000000000000e+04 5.600000000000000000e+01 1.135242646381530562e+01 8.204812684040765802e+00
1.118400000000000000e+04 5.600000000000000000e+01 1.119264798219259660e+01 7.945343392292294027e+00
1.119600000000000000e+04 5.600000000000000000e+01 1.088085733087808471e+01 7.872212169781004576e+00
1.120800000000000000e+04 5.600000000000000000e+01 1.017088575224346769e+01 7.908738002565247172e+00
1.122000000000000000e+04 5.600000000000000000e+01 9.340716377771009604e+00 7.919341441249192926e+00
1.123200000000000000e+04 5.600000000000000000e+01 8.359548616804875820e+00 8.061234590810862244e+00
1.120800000000000000e+04 9.800000000000000000e+01 -9.605000000000000426e+00 7.349999999999999645e+00
1.122000000000000000e+04 9.800000000000000000e+01 -9.061999999999999389e+00 7.235999999999999766e+00
1.123200000000000000e+04 9.800000000000000000e+01 -8.605999999999999872e+00 7.006999999999999673e+00
1.124400000000000000e+04 9.800000000000000000e+01 -8.063000000000000611e+00 6.892999999999999794e+00
1.125600000000000000e+04 9.800000000000000000e+01 -7.549999999999999822e+00 6.778999999999999915e+00
1.126800000000000000e+04 9.800000000000000000e+01 -7.035999999999999588e+00 6.665000000000000036e+00
1.128000000000000000e+04 9.800000000000000000e+01 -6.493999999999999773e+00 6.551000000000000156e+00
1.129200000000000000e+04 9.800000000000000000e+01 -5.865999999999999659e+00 6.435999999999999943e+00
1.130400000000000000e+04 9.800000000000000000e+01 -5.545270289150872500e+00 6.173471741974107196e+00
1.131600000000000000e+04 9.800000000000000000e+01 -6.133880342914098449e+00 5.497809918530741413e+00
1.132800000000000000e+04 9.800000000000000000e+01 -6.152969631249774807e+00 5.646083698324693145e+00
1.134000000000000000e+04 9.800000000000000000e+01 -6.085365892015373035e+00 4.960967872129780076e+00
1.135200000000000000e+04 9.800000000000000000e+01 -6.611797050624296901e+00 5.469976261231294323e+00
1.136400000000000000e+04 9.800000000000000000e+01 -6.723018691999078200e+00 4.943893204171522449e+00
1.137600000000000000e+04 9.800000000000000000e+01 -6.840615265005249412e+00 4.528591337717157828e+00
1.138800000000000000e+04 9.800000000000000000e+01 -5.752686705571662173e+00 4.565397960731520044e+00
1.140000000000000000e+04 9.800000000000000000e+01 -4.460788163836473252e+00 5.198739120144635351e+00
1.141200000000000000e+04 9.800000000000000000e+01 -3.011453388573724688e+00 5.730359530150826330e+00
1.142400000000000000e+04 9.800000000000000000e+01 -1.190016139865009759e+00 5.810036765319565255e+00
1.143600000000000000e+04 9.800000000000000000e+01 1.250184134331055352e+00 5.597483361499412169e+00
1.124400000000000000e+04 5.700000000000000000e+01 8.406000000000000583e+00 8.121000000000000441e+00
1.125600000000000000e+04 5.700000000000000000e+01 8.406000000000000583e+00 8.121000000000000441e+00
1.126800000000000000e+04 5.700000000000000000e+01 8.406000000000000583e+00 8.121000000000000441e+00
1.128000000000000000e+04 5.700000000000000000e+01 8.406000000000000583e+00 8.121000000000000441e+00
1.129200000000000000e+04 5.700000000000000000e+01 8.406000000000000583e+00 8.121000000000000441e+00
1.130400000000000000e+04 5.700000000000000000e+01 8.406000000000000583e+00 8.121000000000000441e+00
1.131600000000000000e+04 5.700000000000000000e+01 8.406000000000000583e+00 8.121000000000000441e+00
1.132800000000000000e+04 5.700000000000000000e+01 8.406000000000000583e+00 8.121000000000000441e+00
1.134000000000000000e+04 5.700000000000000000e+01 9.306256778813931874e+00 7.596096228931132899e+00
1.135200000000000000e+04 5.700000000000000000e+01 1.077075319628158567e+01 8.082990525106438895e+00
1.136400000000000000e+04 5.700000000000000000e+01 1.210651589524668559e+01 7.339142744983980116e+00
1.137600000000000000e+04 5.700000000000000000e+01 1.439420642725365340e+01 7.128144356225068812e+00
1.138800000000000000e+04 5.700000000000000000e+01 1.678878418660608318e+01 7.216348718115977334e+00
1.140000000000000000e+04 5.700000000000000000e+01 1.795419337583884101e+01 6.941756891684074837e+00
1.141200000000000000e+04 5.700000000000000000e+01 1.902913922412303194e+01 7.260715414367136411e+00
1.142400000000000000e+04 5.700000000000000000e+01 1.929313060240219002e+01 7.402388902637708767e+00
1.143600000000000000e+04 5.700000000000000000e+01 1.799609267545055147e+01 7.348014595165455631e+00
1.144800000000000000e+04 5.700000000000000000e+01 1.630800211230682351e+01 7.366209764981972441e+00
1.146000000000000000e+04 5.700000000000000000e+01 1.265672756273575494e+01 8.005233472991498900e+00
1.147200000000000000e+04 5.700000000000000000e+01 8.900395310287045447e+00 8.393392072421542949e+00
1.144800000000000000e+04 9.900000000000000000e+01 2.197999999999999954e+00 5.980000000000000426e+00
1.146000000000000000e+04 9.900000000000000000e+01 2.725999999999999979e+00 5.865999999999999659e+00
1.147200000000000000e+04 9.900000000000000000e+01 3.297000000000000153e+00 5.865999999999999659e+00
1.148400000000000000e+04 9.900000000000000000e+01 3.810999999999999943e+00 5.751000000000000334e+00
1.149600000000000000e+04 9.900000000000000000e+01 4.410000000000000142e+00 5.751000000000000334e+00
1.150800000000000000e+04 9.900000000000000000e+01 4.951999999999999957e+00 5.693999999999999950e+00
1.152000000000000000e+04 9.900000000000000000e+01 5.509000000000000341e+00 5.679999999999999716e+00
1.153200000000000000e+04 9.900000000000000000e+01 6.051000000000000156e+00 5.565999999999999837e+00
1.154400000000000000e+04 9.900000000000000000e+01 6.546022540226369202e+00 5.176530378428719104e+00
1.155600000000000000e+04 9.900000000000000000e+01 7.085142143508239343e+00 5.427898974132476795e+00
1.156800000000000000e+04 9.900000000000000000e+01 7.615673498701726274e+00 5.232199547331738643e+00
1.158000000000000000e+04 9.900000000000000000e+01 8.121313189214856010e+00 5.314236003398040253e+00
1.159200000000000000e+04 9.900000000000000000e+01 8.351698171020895956e+00 5.242254268666886041e+00
1.160400000000000000e+04 9.900000000000000000e+01 8.616860367430261292e+00 5.100529832394366636e+00
1.161600000000000000e+04 9.900000000000000000e+01 9.137580457160591862e+00 5.353096100492289011e+00
1.162800000000000000e+04 9.900000000000000000e+01 9.800963695642685991e+00 5.270635503570860081e+00
1.164000000000000000e+04 9.900000000000000000e+01 1.051060273266557665e+01 5.394920548399732674e+00
1.165200000000000000e+04 9.900000000000000000e+01 1.126468737025020772e+01 5.492734101473127240e+00
1.166400000000000000e+04 9.900000000000000000e+01 1.199155594784780732e+01 5.509483820472193649e+00
1.167600000000000000e+04 9.900000000000000000e+01 1.282542235923839335e+01 5.430445674480825602e+00
1.192800000000000000e+04 1.900000000000000000e+01 -1.993700000000000117e+01 1.892399999999999949e+01
1.194000000000000000e+04 1.900000000000000000e+01 -1.980900000000000105e+01 1.903800000000000026e+01
1.195200000000000000e+04 1.900000000000000000e+01 -1.986599999999999966e+01 1.903800000000000026e+01
1.196400000000000000e+04 1.900000000000000000e+01 -1.986599999999999966e+01 1.903800000000000026e+01
1.197600000000000000e+04 1.900000000000000000e+01 -1.986599999999999966e+01 1.916700000000000159e+01
1.198800000000000000e+04 1.900000000000000000e+01 -1.986599999999999966e+01 1.916700000000000159e+01
1.200000000000000000e+04 1.900000000000000000e+01 -1.986599999999999966e+01 1.928099999999999881e+01
1.201200000000000000e+04 1.900000000000000000e+01 -1.987999999999999901e+01 1.928099999999999881e+01
1.202400000000000000e+04 1.900000000000000000e+01 -1.981822075228485858e+01 1.919386301786624927e+01
1.203600000000000000e+04 1.900000000000000000e+01 -1.980187106337097447e+01 1.907258978931338333e+01
1.204800000000000000e+04 1.900000000000000000e+01 -1.967173182138969167e+01 1.883467865005831854e+01
1.206000000000000000e+04 1.900000000000000000e+01 -1.944266179255483706e+01 1.891770309422651053e+01
1.207200000000000000e+04 1.900000000000000000e+01 -1.914252094731190112e+01 1.890988667888631625e+01
1.208400000000000000e+04 1.900000000000000000e+01 -1.876564594374337958e+01 1.870353560678648108e+01
1.209600000000000000e+04 1.900000000000000000e+01 -1.848280790928097161e+01 1.856229102291231925e+01
1.210800000000000000e+04 1.900000000000000000e+01 -1.819185502680510780e+01 1.852930694544273393e+01
1.212000000000000000e+04 1.900000000000000000e+01 -1.780797200681964654e+01 1.845258937444812375e+01
1.213200000000000000e+04 1.900000000000000000e+01 -1.741894963148095954e+01 1.831874831820677585e+01
1.214400000000000000e+04 1.900000000000000000e+01 -1.688852515659728937e+01 1.818880050371273072e+01
1.215600000000000000e+04 1.900000000000000000e+01 -1.644185685421722809e+01 1.817019132870069598e+01
1.216800000000000000e+04 2.000000000000000000e+01 -1.601300000000000168e+01 1.822500000000000142e+01
1.218000000000000000e+04 2.000000000000000000e+01 -1.559900000000000020e+01 1.811100000000000065e+01
1.219200000000000000e+04 2.000000000000000000e+01 -1.517099999999999937e+01 1.811100000000000065e+01
1.220400000000000000e+04 2.000000000000000000e+01 -1.491399999999999970e+01 1.776800000000000068e+01
1.221600000000000000e+04 2.000000000000000000e+01 -1.471400000000000041e+01 1.742599999999999838e+01
1.222800000000000000e+04 2.000000000000000000e+01 -1.459800000000000075e+01 1.731099999999999994e+01
1.224000000000000000e+04 2.000000000000000000e+01 -1.459500000000000064e+01 1.730900000000000105e+01
1.225200000000000000e+04 2.000000000000000000e+01 -1.459099999999999930e+01 1.730799999999999983e+01
1.226400000000000000e+04 2.000000000000000000e+01 -1.448371357617594946e+01 1.741713505288430497e+01
1.227600000000000000e+04 2.000000000000000000e+01 -1.439650485949768921e+01 1.729512608090711012e+01
1.228800000000000000e+04 2.000000000000000000e+01 -1.445774794943031516e+01 1.741451458684959164e+01
1.230000000000000000e+04 2.000000000000000000e+01 -1.444591373712005833e+01 1.728713452156885211e+01
1.231200000000000000e+04 2.000000000000000000e+01 -1.467046320624504574e+01 1.727926394930346277e+01
1.232400000000000000e+04 2.000000000000000000e+01 -1.456754483762753516e+01 1.735739348000391757e+01
1.233600000000000000e+04 2.000000000000000000e+01 -1.455200177981194010e+01 1.722099090451714432e+01
1.234800000000000000e+04 2.000000000000000000e+01 -1.454396852544544672e+01 1.739761913095179224e+01
1.236000000000000000e+04 2.000000000000000000e+01 -1.463851975041874631e+01 1.723556879345375847e+01
1.237200000000000000e+04 2.000000000000000000e+01 -1.457178083265353230e+01 1.715147314783464338e+01
1.238400000000000000e+04 2.000000000000000000e+01 -1.471082111490398425e+01 1.744940223613111385e+01
1.239600000000000000e+04 2.000000000000000000e+01 -1.460431708559544717e+01 1.727418609711681796e+01
1.240800000000000000e+04 2.100000000000000000e+01 -1.454700000000000060e+01 1.729200000000000159e+01
1.242000000000000000e+04 2.100000000000000000e+01 -1.454299999999999926e+01 1.729100000000000037e+01
1.243200000000000000e+04 2.100000000000000000e+01 -1.453999999999999915e+01 1.728900000000000148e+01
1.244400000000000000e+04 2.100000000000000000e+01 -1.453599999999999959e+01 1.728800000000000026e+01
1.245600000000000000e+04 2.100000000000000000e+01 -1.453299999999999947e+01 1.728699999999999903e+01
1.246800000000000000e+04 2.100000000000000000e+01 -1.452999999999999936e+01 1.728600000000000136e+01
1.248000000000000000e+04 2.100000000000000000e+01 -1.452599999999999980e+01 1.728500000000000014e+01
1.249200000000000000e+04 2.100000000000000000e+01 -1.452299999999999969e+01 1.728300000000000125e+01
1.250400000000000000e+04 2.100000000000000000e+01 -1.466728918503804735e+01 1.721660662951661180e+01
1.251600000000000000e+04 2.100000000000000000e+01 -1.477419769863627508e+01 1.706571329606708787e+01
1.252800000000000000e+04 2.100000000000000000e+01 -1.481448684526978887e+01 1.715574778383047061e+01
1.254000000000000000e+04 2.100000000000000000e+01 -1.501477222490351160e+01 1.716218916312188725e+01
1.255200000000000000e+04 2.100000000000000000e+01 -1.500398735249558690e+01 1.694470555875955142e+01
1.256400000000000000e+04 2.100000000000000000e+01 -1.507555426035169610e+01 1.693479718932896816e+01
1.257600000000000000e+04 2.100000000000000000e+01 -1.472647996733870102e+01 1.687742222718897622e+01
1.258800000000000000e+04 2.100000000000000000e+01 -1.469299325105395049e+01 1.686165289024560110e+01
1.260000000000000000e+04 2.100000000000000000e+01 -1.465879085998864007e+01 1.681288336342367273e+01
1.261200000000000000e+04 2.100000000000000000e+01 -1.453098061941078711e+01 1.701667250656530683e+01
1.262400000000000000e+04 2.100000000000000000e+01 -1.452159373099359740e+01 1.697050263891291877e+01
1.263600000000000000e+04 2.100000000000000000e+01 -1.449567994481081357e+01 1.709173436246680922e+01
