5.040000000000000000e+02 1.000000000000000000e+01 4.086000000000000298e+00 1.670599999999999952e+01
5.160000000000000000e+02 1.000000000000000000e+01 4.767000000000000348e+00 1.670599999999999952e+01
5.280000000000000000e+02 1.000000000000000000e+01 5.447000000000000064e+00 1.670599999999999952e+01
5.400000000000000000e+02 1.000000000000000000e+01 6.083000000000000185e+00 1.670599999999999952e+01
5.520000000000000000e+02 1.000000000000000000e+01 6.719000000000000306e+00 1.670599999999999952e+01
5.640000000000000000e+02 1.000000000000000000e+01 7.309000000000000163e+00 1.670599999999999952e+01
5.760000000000000000e+02 1.000000000000000000e+01 7.899000000000000021e+00 1.670599999999999952e+01
5.880000000000000000e+02 1.000000000000000000e+01 8.580000000000000071e+00 1.652400000000000091e+01
6.000000000000000000e+02 1.000000000000000000e+01 1.107752485584230229e+01 1.518927161272054072e+01
6.120000000000000000e+02 1.000000000000000000e+01 1.204381171158900621e+01 1.349538689704308503e+01
6.240000000000000000e+02 1.000000000000000000e+01 1.347364650872351888e+01 9.502693190485441477e+00
6.360000000000000000e+02 1.000000000000000000e+01 1.589691585849801925e+01 1.052432361152780871e+01
6.480000000000000000e+02 1.000000000000000000e+01 1.630798957024416040e+01 7.531879725192642816e+00
6.600000000000000000e+02 1.000000000000000000e+01 1.742392933048042281e+01 8.295810140748445249e+00
6.720000000000000000e+02 1.000000000000000000e+01 1.908614797769191185e+01 9.588631427847905897e+00
6.840000000000000000e+02 1.000000000000000000e+01 1.821651968398438370e+01 1.088218698000397922e+01
6.960000000000000000e+02 1.000000000000000000e+01 2.098357191400974386e+01 1.211880903640318152e+01
7.080000000000000000e+02 1.000000000000000000e+01 1.936159352112663612e+01 1.418955501516686724e+01
7.200000000000000000e+02 1.000000000000000000e+01 2.011441614755176843e+01 1.492112262331145978e+01
7.320000000000000000e+02 1.000000000000000000e+01 1.994624703669530419e+01 1.997617624967936223e+01
5.040000000000000000e+02 1.100000000000000000e+01 -1.125799999999999912e+01 1.520800000000000018e+01
5.160000000000000000e+02 1.100000000000000000e+01 -1.177999999999999936e+01 1.520800000000000018e+01
5.280000000000000000e+02 1.100000000000000000e+01 -1.236999999999999922e+01 1.520800000000000018e+01
5.400000000000000000e+02 1.100000000000000000e+01 -1.289199999999999946e+01 1.520800000000000018e+01
5.520000000000000000e+02 1.100000000000000000e+01 -1.348300000000000054e+01 1.520800000000000018e+01
5.640000000000000000e+02 1.100000000000000000e+01 -1.402699999999999925e+01 1.520800000000000018e+01
5.760000000000000000e+02 1.100000000000000000e+01 -1.452699999999999925e+01 1.520800000000000018e+01
5.880000000000000000e+02 1.100000000000000000e+01 -1.513899999999999935e+01 1.520800000000000018e+01
6.000000000000000000e+02 1.100000000000000000e+01 -1.661933953963717414e+01 1.601523044880853064e+01
6.120000000000000000e+02 1.100000000000000000e+01 -1.846189757806304144e+01 1.554580473777809679e+01
6.240000000000000000e+02 1.100000000000000000e+01 -1.902057262478717803e+01 1.682690787475653948e+01
6.360000000000000000e+02 1.100000000000000000e+01 -1.986463199515606703e+01 1.733043226610290688e+01
6.480000000000000000e+02 1.100000000000000000e+01 -2.108963355676040408e+01 1.562500680501625716e+01
6.600000000000000000e+02 1.100000000000000000e+01 -2.343538827378114675e+01 1.634251548523542752e+01
6.720000000000000000e+02 1.100000000000000000e+01 -2.403489765243012855e+01 1.596707491606319174e+01
6.840000000000000000e+02 1.100000000000000000e+01 -2.443633864517066456e+01 1.708969773478430554e+01
6.960000000000000000e+02 1.100000000000000000e+01 -2.356119063430121230e+01 1.665034735511887831e+01
7.080000000000000000e+02 1.100000000000000000e+01 -2.150423457964397755e+01 1.606715051357528523e+01
7.200000000000000000e+02 1.100000000000000000e+01 -2.015093824030893188e+01 1.819639679559419676e+01
7.320000000000000000e+02 1.100000000000000000e+01 -1.899504308019788112e+01 1.786327177385984655e+01
5.040000000000000000e+02 1.300000000000000000e+01 -2.035999999999999943e+01 1.729599999999999937e+01
5.160000000000000000e+02 1.300000000000000000e+01 -2.104100000000000037e+01 1.729599999999999937e+01
5.280000000000000000e+02 1.300000000000000000e+01 -2.163100000000000023e+01 1.729599999999999937e+01
5.400000000000000000e+02 1.300000000000000000e+01 -2.231200000000000117e+01 1.745499999999999829e+01
5.520000000000000000e+02 1.300000000000000000e+01 -2.299299999999999855e+01 1.745499999999999829e+01
5.640000000000000000e+02 1.300000000000000000e+01 -2.358299999999999841e+01 1.745499999999999829e+01
5.760000000000000000e+02 1.300000000000000000e+01 -2.430900000000000105e+01 1.729599999999999937e+01
5.880000000000000000e+02 1.300000000000000000e+01 -2.498999999999999844e+01 1.711400000000000077e+01
6.000000000000000000e+02 1.300000000000000000e+01 -2.635438314440486707e+01 1.744759648966496357e+01
6.120000000000000000e+02 1.300000000000000000e+01 -2.788181096682578186e+01 1.721238633073472357e+01
6.240000000000000000e+02 1.300000000000000000e+01 -2.883596614500825694e+01 1.734812341820216020e+01
6.360000000000000000e+02 1.300000000000000000e+01 -2.914732395483636296e+01 1.765289185675703720e+01
6.480000000000000000e+02 1.300000000000000000e+01 -3.087042735315358755e+01 1.779452079990597824e+01
6.600000000000000000e+02 1.300000000000000000e+01 -3.237042892031283259e+01 1.736334954465126401e+01
6.720000000000000000e+02 1.300000000000000000e+01 -3.355761604749613980e+01 1.706508992076716069e+01
6.840000000000000000e+02 1.300000000000000000e+01 -3.266941745092353244e+01 1.666888248185982846e+01
6.960000000000000000e+02 1.300000000000000000e+01 -3.389535169410291360e+01 1.809310134154152649e+01
7.080000000000000000e+02 1.300000000000000000e+01 -3.332372243428181235e+01 1.845443802778530085e+01
7.200000000000000000e+02 1.300000000000000000e+01 -3.170985172760202531e+01 1.981466534738180485e+01
7.320000000000000000e+02 1.300000000000000000e+01 -3.073110146947741583e+01 2.090748883850081441e+01
5.040000000000000000e+02 1.600000000000000000e+01 -5.450000000000000400e-01 -1.819999999999999951e-01
5.160000000000000000e+02 1.600000000000000000e+01 -8.399999999999999689e-01 -1.819999999999999951e-01
5.280000000000000000e+02 1.600000000000000000e+01 -1.179999999999999938e+00 -1.819999999999999951e-01
5.400000000000000000e+02 1.600000000000000000e+01 -1.520999999999999908e+00 -1.819999999999999951e-01
5.520000000000000000e+02 1.600000000000000000e+01 -1.816000000000000059e+00 -1.819999999999999951e-01
5.640000000000000000e+02 1.600000000000000000e+01 -2.133999999999999897e+00 -1.819999999999999951e-01
5.760000000000000000e+02 1.600000000000000000e+01 -2.451000000000000068e+00 -1.819999999999999951e-01
5.880000000000000000e+02 1.600000000000000000e+01 -2.814999999999999947e+00 -3.400000000000000244e-01
6.000000000000000000e+02 1.600000000000000000e+01 -3.264471952485620942e+00 -8.811439740300769374e-01
6.120000000000000000e+02 1.600000000000000000e+01 -4.127301504122451448e+00 -1.268080958727179075e-01
6.240000000000000000e+02 1.600000000000000000e+01 -5.326211361787845711e+00 -2.208508293205263318e+00
6.360000000000000000e+02 1.600000000000000000e+01 -5.672022421181143415e+00 -1.624351967822768916e+00
6.480000000000000000e+02 1.600000000000000000e+01 -8.701105637370540435e+00 -1.824292188495026501e+00
6.600000000000000000e+02 1.600000000000000000e+01 -8.777004283899849213e+00 -4.702140636410394037e-01
6.720000000000000000e+02 1.600000000000000000e+01 -9.211141874210756697e+00 -2.210843481278084610e+00
6.840000000000000000e+02 1.600000000000000000e+01 -8.952030055505764139e+00 -1.903678877240247980e+00
6.960000000000000000e+02 1.600000000000000000e+01 -8.903338002944497731e+00 -3.612388905402687644e+00
7.080000000000000000e+02 1.600000000000000000e+01 -7.464253808487862685e+00 -3.890981919419999269e+00
7.200000000000000000e+02 1.600000000000000000e+01 -6.512188352614124653e+00 -4.604108313196123348e+00
7.320000000000000000e+02 1.600000000000000000e+01 -5.699668885365935189e+00 -4.273915123342860944e+00
5.040000000000000000e+02 2.800000000000000000e+01 7.173000000000000043e+00 1.205300000000000082e+01
5.160000000000000000e+02 2.800000000000000000e+01 6.945999999999999730e+00 1.255199999999999960e+01
5.280000000000000000e+02 2.800000000000000000e+01 6.809000000000000163e+00 1.286999999999999922e+01
5.400000000000000000e+02 2.800000000000000000e+01 6.581999999999999851e+00 1.336899999999999977e+01
5.520000000000000000e+02 2.800000000000000000e+01 6.445999999999999730e+00 1.371000000000000085e+01
5.640000000000000000e+02 2.800000000000000000e+01 6.219000000000000306e+00 1.420899999999999963e+01
5.760000000000000000e+02 2.800000000000000000e+01 6.059999999999999609e+00 1.454899999999999949e+01
5.880000000000000000e+02 2.800000000000000000e+01 5.764999999999999680e+00 1.486700000000000088e+01
6.000000000000000000e+02 2.800000000000000000e+01 4.145437665083020029e+00 1.579775421502504429e+01
6.120000000000000000e+02 2.800000000000000000e+01 3.603534473324213394e+00 1.620181938476456551e+01
6.240000000000000000e+02 2.800000000000000000e+01 3.642742542622588342e+00 1.661256566738469687e+01
6.360000000000000000e+02 2.800000000000000000e+01 2.935496309290325012e+00 1.760579902805143959e+01
6.480000000000000000e+02 2.800000000000000000e+01 2.693547194951074530e+00 1.808590907438036766e+01
6.600000000000000000e+02 2.800000000000000000e+01 4.899302632266114288e-01 1.859305723687210232e+01
6.720000000000000000e+02 2.800000000000000000e+01 5.213166580474088985e-01 1.873114692735285303e+01
6.840000000000000000e+02 2.800000000000000000e+01 -9.704868220086706465e-01 1.918970150194219926e+01
6.960000000000000000e+02 2.800000000000000000e+01 -1.040726217336926052e+00 1.636959031407855392e+01
7.080000000000000000e+02 2.800000000000000000e+01 -7.136515349604768410e-01 1.740240882874785200e+01
7.200000000000000000e+02 2.800000000000000000e+01 1.348774874460635820e+00 1.782097282993468923e+01
7.320000000000000000e+02 2.800000000000000000e+01 5.089394459610029564e+00 1.886675939786089629e+01
5.160000000000000000e+02 1.400000000000000000e+01 7.966999999999999638e+00 1.005499999999999972e+01
5.280000000000000000e+02 1.400000000000000000e+01 7.966999999999999638e+00 1.037299999999999933e+01
5.400000000000000000e+02 1.400000000000000000e+01 7.966999999999999638e+00 1.071299999999999919e+01
5.520000000000000000e+02 1.400000000000000000e+01 7.966999999999999638e+00 1.121299999999999919e+01
5.640000000000000000e+02 1.400000000000000000e+01 7.966999999999999638e+00 1.171199999999999974e+01
5.760000000000000000e+02 1.400000000000000000e+01 7.966999999999999638e+00 1.205300000000000082e+01
5.880000000000000000e+02 1.400000000000000000e+01 7.966999999999999638e+00 1.255199999999999960e+01
6.000000000000000000e+02 1.400000000000000000e+01 8.102999999999999758e+00 1.305100000000000016e+01
6.120000000000000000e+02 1.400000000000000000e+01 9.450101829014213806e+00 1.371261798970978951e+01
6.240000000000000000e+02 1.400000000000000000e+01 9.901089439840012218e+00 1.360855480014436125e+01
6.360000000000000000e+02 1.400000000000000000e+01 1.150777897497327906e+01 1.295911855356641951e+01
6.480000000000000000e+02 1.400000000000000000e+01 1.280350790107157088e+01 1.270198214450400265e+01
6.600000000000000000e+02 1.400000000000000000e+01 1.405572648469102326e+01 1.278131080354235038e+01
6.720000000000000000e+02 1.400000000000000000e+01 1.401288628050374285e+01 1.210734082436678705e+01
6.840000000000000000e+02 1.400000000000000000e+01 1.717619319356431618e+01 1.312712600290010201e+01
6.960000000000000000e+02 1.400000000000000000e+01 1.797214166574241290e+01 1.361049153871246276e+01
7.080000000000000000e+02 1.400000000000000000e+01 1.943549895105665470e+01 1.544375420933864973e+01
7.200000000000000000e+02 1.400000000000000000e+01 1.856112214814771022e+01 1.755720357884847260e+01
7.320000000000000000e+02 1.400000000000000000e+01 1.883022502043140989e+01 1.791857849948287651e+01
7.440000000000000000e+02 1.400000000000000000e+01 1.701987602758322282e+01 1.790682337788173939e+01
5.160000000000000000e+02 2.600000000000000000e+01 8.239000000000000767e+00 2.319699999999999918e+01
5.280000000000000000e+02 2.600000000000000000e+01 8.012000000000000455e+00 2.287900000000000134e+01
5.400000000000000000e+02 2.600000000000000000e+01 7.852999999999999758e+00 2.237999999999999901e+01
5.520000000000000000e+02 2.600000000000000000e+01 7.626000000000000334e+00 2.201699999999999946e+01
5.640000000000000000e+02 2.600000000000000000e+01 7.400000000000000355e+00 2.151800000000000068e+01
5.760000000000000000e+02 2.600000000000000000e+01 7.195000000000000284e+00 2.119999999999999929e+01
5.880000000000000000e+02 2.600000000000000000e+01 7.035999999999999588e+00 2.069999999999999929e+01
6.000000000000000000e+02 2.600000000000000000e+01 6.809000000000000163e+00 2.038299999999999912e+01
6.120000000000000000e+02 2.600000000000000000e+01 6.001784887657556133e+00 2.093709443373999690e+01
6.240000000000000000e+02 2.600000000000000000e+01 6.234681617293182043e+00 2.099049506067407123e+01
6.360000000000000000e+02 2.600000000000000000e+01 4.572377202181372446e+00 2.098179884259230121e+01
6.480000000000000000e+02 2.600000000000000000e+01 4.882381641099213354e+00 2.140269008665118022e+01
6.600000000000000000e+02 2.600000000000000000e+01 2.678177433460995793e+00 2.157526244587710806e+01
6.720000000000000000e+02 2.600000000000000000e+01 2.266292134238040212e+00 2.362767914039420347e+01
6.840000000000000000e+02 2.600000000000000000e+01 -7.214160509398910293e-01 2.313563107245299477e+01
6.960000000000000000e+02 2.600000000000000000e+01 -6.218216339108675328e-01 2.239168969074509263e+01
7.080000000000000000e+02 2.600000000000000000e+01 -1.332585654564248046e+00 2.200455561413631855e+01
7.200000000000000000e+02 2.600000000000000000e+01 4.249412701172822215e-01 2.087728309074057620e+01
7.320000000000000000e+02 2.600000000000000000e+01 3.615955161858757982e+00 1.967349295054381386e+01
7.440000000000000000e+02 2.600000000000000000e+01 7.472429078614609033e+00 1.769541686957121485e+01
6.960000000000000000e+02 2.000000000000000000e+01 -3.125499999999999901e+01 1.080400000000000027e+01
7.080000000000000000e+02 2.000000000000000000e+01 -2.894000000000000128e+01 1.112199999999999989e+01
7.200000000000000000e+02 2.000000000000000000e+01 -2.655699999999999861e+01 1.162100000000000044e+01
7.320000000000000000e+02 2.000000000000000000e+01 -2.417299999999999827e+01 1.196199999999999974e+01
7.440000000000000000e+02 2.000000000000000000e+01 -2.176699999999999946e+01 1.212100000000000044e+01
7.560000000000000000e+02 2.000000000000000000e+01 -1.931599999999999895e+01 1.180300000000000082e+01
7.680000000000000000e+02 2.000000000000000000e+01 -1.713700000000000045e+01 1.180300000000000082e+01
7.800000000000000000e+02 2.000000000000000000e+01 -1.536599999999999966e+01 1.180300000000000082e+01
7.920000000000000000e+02 2.000000000000000000e+01 -1.099299293604781091e+01 1.220613205297806658e+01
8.040000000000000000e+02 2.000000000000000000e+01 -1.067099015903219161e+01 1.151606697532505841e+01
8.160000000000000000e+02 2.000000000000000000e+01 -5.252810373083658391e+00 1.239470655626812956e+01
8.280000000000000000e+02 2.000000000000000000e+01 -2.688851749821464132e+00 1.447744779975534257e+01
8.400000000000000000e+02 2.000000000000000000e+01 -8.777209971260755417e-01 1.454511094376824509e+01
8.520000000000000000e+02 2.000000000000000000e+01 1.143304103727822874e+00 1.382852776340812007e+01
8.640000000000000000e+02 2.000000000000000000e+01 2.960414767224566646e+00 1.341530147448012933e+01
8.760000000000000000e+02 2.000000000000000000e+01 4.368345751125260357e+00 1.257270152635773286e+01
8.880000000000000000e+02 2.000000000000000000e+01 4.641785188686662345e+00 1.157603872280035162e+01
9.000000000000000000e+02 2.000000000000000000e+01 4.043084060908407551e+00 1.108935808858119643e+01
9.120000000000000000e+02 2.000000000000000000e+01 5.007990205081138235e+00 9.748819450134991627e+00
9.240000000000000000e+02 2.000000000000000000e+01 3.315434954464861139e+00 1.111324720281737299e+01
7.440000000000000000e+02 1.200000000000000000e+01 -1.856700000000000017e+01 1.804500000000000171e+01
7.560000000000000000e+02 1.200000000000000000e+01 -1.824899999999999878e+01 1.820400000000000063e+01
7.680000000000000000e+02 1.200000000000000000e+01 -1.852100000000000080e+01 1.820400000000000063e+01
7.800000000000000000e+02 1.200000000000000000e+01 -1.874800000000000111e+01 1.820400000000000063e+01
7.920000000000000000e+02 1.200000000000000000e+01 -1.906599999999999895e+01 1.820400000000000063e+01
8.040000000000000000e+02 1.200000000000000000e+01 -1.965599999999999881e+01 1.820400000000000063e+01
8.160000000000000000e+02 1.200000000000000000e+01 -2.047299999999999898e+01 1.836299999999999955e+01
8.280000000000000000e+02 1.200000000000000000e+01 -2.183500000000000085e+01 1.854400000000000048e+01
8.400000000000000000e+02 1.200000000000000000e+01 -2.315521190749213076e+01 1.864405608670184833e+01
8.520000000000000000e+02 1.200000000000000000e+01 -2.392437130227224529e+01 1.845447241692774298e+01
8.640000000000000000e+02 1.200000000000000000e+01 -2.486482040785213954e+01 2.149099673324782245e+01
8.760000000000000000e+02 1.200000000000000000e+01 -2.441388876795324236e+01 2.476366245861840198e+01
8.880000000000000000e+02 1.200000000000000000e+01 -2.656426337337643773e+01 2.657263926821824640e+01
9.000000000000000000e+02 1.200000000000000000e+01 -2.465786248584536722e+01 2.621592588578549154e+01
9.120000000000000000e+02 1.200000000000000000e+01 -2.537266005738649355e+01 2.640838442156901067e+01
9.240000000000000000e+02 1.200000000000000000e+01 -2.437009511014476359e+01 2.552833661445060898e+01
9.360000000000000000e+02 1.200000000000000000e+01 -2.344131985627787884e+01 2.471650721331383238e+01
9.480000000000000000e+02 1.200000000000000000e+01 -2.491555188480263183e+01 2.379527936664930365e+01
9.600000000000000000e+02 1.200000000000000000e+01 -2.758410070235584399e+01 2.128026947688910298e+01
9.720000000000000000e+02 1.200000000000000000e+01 -3.075696905157057159e+01 1.987655513175674926e+01
7.440000000000000000e+02 1.700000000000000000e+01 -6.105999999999999872e+00 -4.676000000000000156e+00
7.560000000000000000e+02 1.700000000000000000e+01 -6.174000000000000377e+00 -5.333999999999999631e+00
7.680000000000000000e+02 1.700000000000000000e+01 -6.264999999999999680e+00 -5.833000000000000185e+00
7.800000000000000000e+02 1.700000000000000000e+01 -6.536999999999999922e+00 -6.174000000000000377e+00
7.920000000000000000e+02 1.700000000000000000e+01 -6.855000000000000426e+00 -6.333000000000000185e+00
8.040000000000000000e+02 1.700000000000000000e+01 -7.217999999999999972e+00 -6.673000000000000043e+00
8.160000000000000000e+02 1.700000000000000000e+01 -7.217999999999999972e+00 -7.173000000000000043e+00
8.280000000000000000e+02 1.700000000000000000e+01 -7.309000000000000163e+00 -7.831000000000000405e+00
8.400000000000000000e+02 1.700000000000000000e+01 -7.892583840401892203e+00 -1.058477159794827216e+01
8.520000000000000000e+02 1.700000000000000000e+01 -6.639551350782062045e+00 -1.051417590165668514e+01
8.640000000000000000e+02 1.700000000000000000e+01 -6.382276443689558043e+00 -1.082615593012606503e+01
8.760000000000000000e+02 1.700000000000000000e+01 -5.830228366454089262e+00 -1.283863922963130832e+01
8.880000000000000000e+02 1.700000000000000000e+01 -4.823068691026038302e+00 -1.340570250695264853e+01
9.000000000000000000e+02 1.700000000000000000e+01 -4.906180656116898575e+00 -1.568640041560105125e+01
9.120000000000000000e+02 1.700000000000000000e+01 -3.771598255059972260e+00 -1.295087355393839168e+01
9.240000000000000000e+02 1.700000000000000000e+01 -4.907565300397451757e+00 -1.543412966134814823e+01
9.360000000000000000e+02 1.700000000000000000e+01 -4.677786771112680597e+00 -1.526548526244256898e+01
9.480000000000000000e+02 1.700000000000000000e+01 -7.171729538924623171e+00 -1.297337998010015347e+01
9.600000000000000000e+02 1.700000000000000000e+01 -9.677090715553495315e+00 -1.247002674498359553e+01
9.720000000000000000e+02 1.700000000000000000e+01 -1.178682947018734062e+01 -1.116655576867032096e+01
7.440000000000000000e+02 2.900000000000000000e+01 4.402999999999999581e+00 2.035999999999999943e+01
7.560000000000000000e+02 2.900000000000000000e+01 4.629999999999999893e+00 2.069999999999999929e+01
7.680000000000000000e+02 2.900000000000000000e+01 4.629999999999999893e+00 2.104100000000000037e+01
7.800000000000000000e+02 2.900000000000000000e+01 4.357999999999999652e+00 2.119999999999999929e+01
7.920000000000000000e+02 2.900000000000000000e+01 4.131000000000000227e+00 2.119999999999999929e+01
8.040000000000000000e+02 2.900000000000000000e+01 3.813000000000000167e+00 2.135900000000000176e+01
8.160000000000000000e+02 2.900000000000000000e+01 3.450000000000000178e+00 2.153999999999999915e+01
8.280000000000000000e+02 2.900000000000000000e+01 2.927999999999999936e+00 2.185800000000000054e+01
8.400000000000000000e+02 2.900000000000000000e+01 6.583099347361777154e-01 2.097731788872068037e+01
8.520000000000000000e+02 2.900000000000000000e+01 1.744188854235921626e+00 2.362214076179038713e+01
8.640000000000000000e+02 2.900000000000000000e+01 3.303451921823290061e+00 2.534186688294263234e+01
8.760000000000000000e+02 2.900000000000000000e+01 1.898923551027863255e+00 2.955973056072047811e+01
8.880000000000000000e+02 2.900000000000000000e+01 3.849123302867925478e+00 3.254965517955821497e+01
9.000000000000000000e+02 2.900000000000000000e+01 3.555625705234843004e+00 3.269157947760102445e+01
9.120000000000000000e+02 2.900000000000000000e+01 5.527704105198098183e+00 3.307993824282608841e+01
9.240000000000000000e+02 2.900000000000000000e+01 2.987357008833678940e+00 3.264458701196156198e+01
9.360000000000000000e+02 2.900000000000000000e+01 4.394755207577169642e+00 2.781301047471235321e+01
9.480000000000000000e+02 2.900000000000000000e+01 1.817199451810976640e+00 2.852888554174031555e+01
9.600000000000000000e+02 2.900000000000000000e+01 -5.434093453542532259e-01 2.434328959916762258e+01
9.720000000000000000e+02 2.900000000000000000e+01 -2.657815919390063897e+00 2.261609573559839959e+01
7.440000000000000000e+02 3.100000000000000000e+01 -1.071299999999999919e+01 -8.647999999999999687e+00
7.560000000000000000e+02 3.100000000000000000e+01 -1.062299999999999933e+01 -8.647999999999999687e+00
7.680000000000000000e+02 3.100000000000000000e+01 -1.048600000000000065e+01 -8.512000000000000455e+00
7.800000000000000000e+02 3.100000000000000000e+01 -1.030499999999999972e+01 -8.330000000000000071e+00
7.920000000000000000e+02 3.100000000000000000e+01 -1.007799999999999940e+01 -8.012000000000000455e+00
8.040000000000000000e+02 3.100000000000000000e+01 -9.714999999999999858e+00 -7.649000000000000021e+00
8.160000000000000000e+02 3.100000000000000000e+01 -9.352000000000000313e+00 -7.150000000000000355e+00
8.280000000000000000e+02 3.100000000000000000e+01 -9.034000000000000696e+00 -6.650000000000000355e+00
8.400000000000000000e+02 3.100000000000000000e+01 -9.078734133097684733e+00 -5.899600308483737621e+00
8.520000000000000000e+02 3.100000000000000000e+01 -6.138974640846702080e+00 -7.563314024901451660e+00
8.640000000000000000e+02 3.100000000000000000e+01 -3.254733489153124548e+00 -7.126665889173920299e+00
8.760000000000000000e+02 3.100000000000000000e+01 -5.734178813514538842e-01 -7.621137065182154835e+00
8.880000000000000000e+02 3.100000000000000000e+01 4.191981498444575571e+00 -7.132165391860786130e+00
9.000000000000000000e+02 3.100000000000000000e+01 6.392614265771234372e+00 -7.327249727068407381e+00
9.120000000000000000e+02 3.100000000000000000e+01 8.125838700564674610e+00 -8.749465479073611718e+00
9.240000000000000000e+02 3.100000000000000000e+01 9.416312655535254095e+00 -8.889821899969607699e+00
9.360000000000000000e+02 3.100000000000000000e+01 8.004057593528942860e+00 -8.144652481112219178e+00
9.480000000000000000e+02 3.100000000000000000e+01 6.043871247049197315e+00 -6.715778839634741537e+00
9.600000000000000000e+02 3.100000000000000000e+01 1.303768966704620391e+00 -3.077834905930051157e+00
9.720000000000000000e+02 3.100000000000000000e+01 -4.066797354290735633e+00 -9.183589920441164178e-01
7.560000000000000000e+02 2.700000000000000000e+01 7.852999999999999758e+00 1.820400000000000063e+01
7.680000000000000000e+02 2.700000000000000000e+01 7.921999999999999709e+00 1.820400000000000063e+01
7.800000000000000000e+02 2.700000000000000000e+01 7.490000000000000213e+00 1.820400000000000063e+01
7.920000000000000000e+02 2.700000000000000000e+01 7.104000000000000092e+00 1.820400000000000063e+01
8.040000000000000000e+02 2.700000000000000000e+01 6.650000000000000355e+00 1.820400000000000063e+01
8.160000000000000000e+02 2.700000000000000000e+01 6.286999999999999922e+00 1.820400000000000063e+01
8.280000000000000000e+02 2.700000000000000000e+01 5.764999999999999680e+00 1.820400000000000063e+01
8.400000000000000000e+02 2.700000000000000000e+01 5.174999999999999822e+00 1.820400000000000063e+01
8.520000000000000000e+02 2.700000000000000000e+01 3.386905172621814231e+00 1.938468556730822456e+01
8.640000000000000000e+02 2.700000000000000000e+01 5.538000286560014196e+00 1.927203731461733227e+01
8.760000000000000000e+02 2.700000000000000000e+01 8.427532411711082361e+00 1.875913110409103624e+01
8.880000000000000000e+02 2.700000000000000000e+01 8.413761200620491820e+00 2.177479136070159527e+01
9.000000000000000000e+02 2.700000000000000000e+01 1.045621620700177345e+01 2.177693522183000496e+01
9.120000000000000000e+02 2.700000000000000000e+01 1.143370870362268121e+01 2.472457051897989899e+01
9.240000000000000000e+02 2.700000000000000000e+01 9.419833890986565095e+00 2.363724312853888065e+01
9.360000000000000000e+02 2.700000000000000000e+01 1.119224245222395986e+01 2.225805819324861545e+01
9.480000000000000000e+02 2.700000000000000000e+01 9.347745405396272744e+00 2.080424334644093420e+01
9.600000000000000000e+02 2.700000000000000000e+01 5.402552197959356484e+00 1.882103911760449222e+01
9.720000000000000000e+02 2.700000000000000000e+01 5.816631072108823242e-01 1.748499390785928398e+01
9.840000000000000000e+02 2.700000000000000000e+01 -2.930888555032863163e+00 1.693509372227334708e+01
7.800000000000000000e+02 3.000000000000000000e+01 -9.214999999999999858e+00 -8.489000000000000767e+00
7.920000000000000000e+02 3.000000000000000000e+01 -9.055999999999999162e+00 -8.170999999999999375e+00
8.040000000000000000e+02 3.000000000000000000e+01 -8.987999999999999545e+00 -7.831000000000000405e+00
8.160000000000000000e+02 3.000000000000000000e+01 -8.829000000000000625e+00 -7.331000000000000405e+00
8.280000000000000000e+02 3.000000000000000000e+01 -8.602000000000000313e+00 -7.173000000000000043e+00
8.400000000000000000e+02 3.000000000000000000e+01 -8.307000000000000384e+00 -6.990999999999999659e+00
8.520000000000000000e+02 3.000000000000000000e+01 -8.012000000000000455e+00 -6.673000000000000043e+00
8.640000000000000000e+02 3.000000000000000000e+01 -7.716999999999999638e+00 -6.333000000000000185e+00
8.760000000000000000e+02 3.000000000000000000e+01 -6.064465234032950569e+00 -6.347275623784265797e+00
8.880000000000000000e+02 3.000000000000000000e+01 -5.099853686739969305e+00 -7.030692568683690524e+00
9.000000000000000000e+02 3.000000000000000000e+01 -3.455042726894437255e+00 -1.023335163960498129e+01
9.120000000000000000e+02 3.000000000000000000e+01 6.123184959718898090e-01 -9.329154247607549522e+00
9.240000000000000000e+02 3.000000000000000000e+01 1.446415047195851233e+00 -1.159996162451993662e+01
9.360000000000000000e+02 3.000000000000000000e+01 3.969724181083690073e+00 -1.319130970355620036e+01
9.480000000000000000e+02 3.000000000000000000e+01 4.680091621869843621e+00 -1.451793438985725793e+01
9.600000000000000000e+02 3.000000000000000000e+01 5.678909490418929451e+00 -1.185967628948262309e+01
9.720000000000000000e+02 3.000000000000000000e+01 6.832425049490284508e+00 -1.033876040199441704e+01
9.840000000000000000e+02 3.000000000000000000e+01 4.791342924571295292e+00 -5.974999057139593894e+00
9.960000000000000000e+02 3.000000000000000000e+01 -3.283140501652788423e-02 -4.799244849290736248e+00
1.008000000000000000e+03 3.000000000000000000e+01 -3.315927104673997317e+00 -2.427632847620033729e+00
