0.000000000000000000e+00 1.000000000000000000e+00 2.046699999999999875e+01 1.125500000000000078e+01
1.200000000000000000e+01 1.000000000000000000e+00 2.033399999999999963e+01 1.125500000000000078e+01
2.400000000000000000e+01 1.000000000000000000e+00 2.033399999999999963e+01 1.125500000000000078e+01
3.600000000000000000e+01 1.000000000000000000e+00 2.020100000000000051e+01 1.125500000000000078e+01
4.800000000000000000e+01 1.000000000000000000e+00 2.020100000000000051e+01 1.125500000000000078e+01
6.000000000000000000e+01 1.000000000000000000e+00 2.008999999999999986e+01 1.125500000000000078e+01
7.200000000000000000e+01 1.000000000000000000e+00 1.997899999999999920e+01 1.125500000000000078e+01
8.400000000000000000e+01 1.000000000000000000e+00 1.997899999999999920e+01 1.125500000000000078e+01
9.600000000000000000e+01 1.000000000000000000e+00 1.989970617761884597e+01 1.125907013546115820e+01
1.080000000000000000e+02 1.000000000000000000e+00 1.814002364136196732e+01 1.036976531825770742e+01
1.200000000000000000e+02 1.000000000000000000e+00 1.780833546824105795e+01 1.014684766382641001e+01
1.320000000000000000e+02 1.000000000000000000e+00 1.802986002757148043e+01 1.044331634596110803e+01
1.440000000000000000e+02 1.000000000000000000e+00 1.854918270564814264e+01 1.073845330717213464e+01
1.560000000000000000e+02 1.000000000000000000e+00 1.922511812930284592e+01 1.075828199193809454e+01
1.680000000000000000e+02 1.000000000000000000e+00 1.917341417366626288e+01 1.230034953799808051e+01
1.800000000000000000e+02 1.000000000000000000e+00 1.931800705346496727e+01 1.362792364876874451e+01
1.920000000000000000e+02 1.000000000000000000e+00 2.118459007113862214e+01 1.291175150244946757e+01
2.040000000000000000e+02 1.000000000000000000e+00 2.079216615702108228e+01 1.334365525712649614e+01
2.160000000000000000e+02 1.000000000000000000e+00 1.992283618378128907e+01 1.152210296452431670e+01
2.280000000000000000e+02 1.000000000000000000e+00 1.912191664208469177e+01 9.226555814354140850e+00
0.000000000000000000e+00 3.000000000000000000e+00 -2.590599999999999881e+01 1.351900000000000013e+01
1.200000000000000000e+01 3.000000000000000000e+00 -2.348600000000000065e+01 1.380700000000000038e+01
2.400000000000000000e+01 3.000000000000000000e+00 -2.130999999999999872e+01 1.442900000000000027e+01
3.600000000000000000e+01 3.000000000000000000e+00 -1.873499999999999943e+01 1.482900000000000063e+01
4.800000000000000000e+01 3.000000000000000000e+00 -1.653800000000000026e+01 1.551699999999999946e+01
6.000000000000000000e+01 3.000000000000000000e+00 -1.433999999999999986e+01 1.622700000000000031e+01
7.200000000000000000e+01 3.000000000000000000e+00 -1.211999999999999922e+01 1.733699999999999974e+01
8.400000000000000000e+01 3.000000000000000000e+00 -9.923000000000000043e+00 1.853600000000000136e+01
9.600000000000000000e+01 3.000000000000000000e+00 -7.315806902568158243e+00 2.062933096259262200e+01
1.080000000000000000e+02 3.000000000000000000e+00 -4.163278968641577649e+00 2.118444758511197179e+01
1.200000000000000000e+02 3.000000000000000000e+00 -2.752900676152239434e+00 2.090470369695785635e+01
1.320000000000000000e+02 3.000000000000000000e+00 -1.218580349545548280e+00 2.271861868229157722e+01
1.440000000000000000e+02 3.000000000000000000e+00 7.590694136660589564e-01 2.347010351439791265e+01
1.560000000000000000e+02 3.000000000000000000e+00 1.045556166811424159e+00 2.645475512037710430e+01
1.680000000000000000e+02 3.000000000000000000e+00 5.205783870767726196e-01 2.671334315471631982e+01
1.800000000000000000e+02 3.000000000000000000e+00 5.333694719943341545e-01 2.715291588785913390e+01
1.920000000000000000e+02 3.000000000000000000e+00 -1.476642424943579668e+00 2.465855683795651743e+01
2.040000000000000000e+02 3.000000000000000000e+00 -2.285859091459435444e+00 2.402614441292004344e+01
2.160000000000000000e+02 3.000000000000000000e+00 -4.280697389640718775e+00 2.294114940208751108e+01
2.280000000000000000e+02 3.000000000000000000e+00 -5.936057149781476028e+00 2.135909597028413742e+01
0.000000000000000000e+00 5.000000000000000000e+00 5.371999999999999886e+00 1.156499999999999950e+01
1.200000000000000000e+01 5.000000000000000000e+00 2.907999999999999918e+00 1.125500000000000078e+01
2.400000000000000000e+01 5.000000000000000000e+00 1.066000000000000059e+00 1.116600000000000037e+01
3.600000000000000000e+01 5.000000000000000000e+00 -7.550000000000000044e-01 1.103299999999999947e+01
4.800000000000000000e+01 5.000000000000000000e+00 -2.575000000000000178e+00 1.085500000000000043e+01
6.000000000000000000e+01 5.000000000000000000e+00 -4.440000000000000391e+00 1.074399999999999977e+01
7.200000000000000000e+01 5.000000000000000000e+00 -6.259999999999999787e+00 1.074399999999999977e+01
8.400000000000000000e+01 5.000000000000000000e+00 -8.080000000000000071e+00 1.063299999999999912e+01
9.600000000000000000e+01 5.000000000000000000e+00 -9.234737044265026285e+00 9.347605459508491421e+00
1.080000000000000000e+02 5.000000000000000000e+00 -1.012754519427160282e+01 1.086160061172471458e+01
1.200000000000000000e+02 5.000000000000000000e+00 -1.227898810133145879e+01 8.922893897069926084e+00
1.320000000000000000e+02 5.000000000000000000e+00 -1.485416788265284715e+01 9.552850439040090791e+00
1.440000000000000000e+02 5.000000000000000000e+00 -1.423714628805506877e+01 8.457719999239445841e+00
1.560000000000000000e+02 5.000000000000000000e+00 -1.559707619718889759e+01 1.052055055589849886e+01
1.680000000000000000e+02 5.000000000000000000e+00 -1.750986317135220816e+01 9.306509788837507458e+00
1.800000000000000000e+02 5.000000000000000000e+00 -1.859773194274213282e+01 8.817496930860256654e+00
1.920000000000000000e+02 5.000000000000000000e+00 -2.161428858300715561e+01 8.291107988719822686e+00
2.040000000000000000e+02 5.000000000000000000e+00 -2.364684430383058000e+01 8.285064219570607236e+00
2.160000000000000000e+02 5.000000000000000000e+00 -2.738449805108724178e+01 7.627068927379793806e+00
2.280000000000000000e+02 5.000000000000000000e+00 -2.817920921595881723e+01 8.570362153970817687e+00
0.000000000000000000e+00 7.000000000000000000e+00 1.214300000000000068e+01 1.678200000000000003e+01
1.200000000000000000e+01 7.000000000000000000e+00 1.238700000000000045e+01 1.658200000000000074e+01
2.400000000000000000e+01 7.000000000000000000e+00 1.276399999999999935e+01 1.638200000000000145e+01
3.600000000000000000e+01 7.000000000000000000e+00 1.298600000000000065e+01 1.629400000000000048e+01
4.800000000000000000e+01 7.000000000000000000e+00 1.336299999999999955e+01 1.607199999999999918e+01
6.000000000000000000e+01 7.000000000000000000e+00 1.360800000000000054e+01 1.598300000000000054e+01
7.200000000000000000e+01 7.000000000000000000e+00 1.398499999999999943e+01 1.578299999999999947e+01
8.400000000000000000e+01 7.000000000000000000e+00 1.433999999999999986e+01 1.567200000000000060e+01
9.600000000000000000e+01 7.000000000000000000e+00 1.438926542127613928e+01 1.630387283227154427e+01
1.080000000000000000e+02 7.000000000000000000e+00 1.371283017762686107e+01 1.567971143391155486e+01
1.200000000000000000e+02 7.000000000000000000e+00 1.324782767965812802e+01 1.562574211537836888e+01
1.320000000000000000e+02 7.000000000000000000e+00 1.272568343231228560e+01 1.608935501166808280e+01
1.440000000000000000e+02 7.000000000000000000e+00 1.166747927570109056e+01 1.516567315125888626e+01
1.560000000000000000e+02 7.000000000000000000e+00 1.142094197257821264e+01 1.563340030747404441e+01
1.680000000000000000e+02 7.000000000000000000e+00 1.231076536014620260e+01 1.524163620946653452e+01
1.800000000000000000e+02 7.000000000000000000e+00 1.331911823136538331e+01 1.500606408610385145e+01
1.920000000000000000e+02 7.000000000000000000e+00 1.452019488255353785e+01 1.287451733073828208e+01
2.040000000000000000e+02 7.000000000000000000e+00 1.460513248234882155e+01 1.489692683685401420e+01
2.160000000000000000e+02 7.000000000000000000e+00 1.622042112358797539e+01 1.418655549257910842e+01
2.280000000000000000e+02 7.000000000000000000e+00 1.773198614036198961e+01 1.306699506267314703e+01
0.000000000000000000e+00 9.000000000000000000e+00 1.209800000000000075e+01 4.706000000000000405e+00
1.200000000000000000e+01 9.000000000000000000e+00 1.307499999999999929e+01 5.216999999999999638e+00
2.400000000000000000e+01 9.000000000000000000e+00 1.416300000000000026e+01 5.705000000000000071e+00
3.600000000000000000e+01 9.000000000000000000e+00 1.525000000000000000e+01 6.216000000000000192e+00
4.800000000000000000e+01 9.000000000000000000e+00 1.635999999999999943e+01 6.815000000000000391e+00
6.000000000000000000e+01 9.000000000000000000e+00 1.746999999999999886e+01 7.325000000000000178e+00
7.200000000000000000e+01 9.000000000000000000e+00 1.855799999999999983e+01 7.836000000000000298e+00
8.400000000000000000e+01 9.000000000000000000e+00 1.964600000000000080e+01 8.323999999999999844e+00
9.600000000000000000e+01 9.000000000000000000e+00 2.010428076389801433e+01 9.594383981029734443e+00
1.080000000000000000e+02 9.000000000000000000e+00 2.142628558506723380e+01 1.021435578253526977e+01
1.200000000000000000e+02 9.000000000000000000e+00 2.281587995184034057e+01 1.207579290294226837e+01
1.320000000000000000e+02 9.000000000000000000e+00 2.393969560202609870e+01 1.382055537671541678e+01
1.440000000000000000e+02 9.000000000000000000e+00 2.567704084241252360e+01 1.253357540545360393e+01
1.560000000000000000e+02 9.000000000000000000e+00 2.662981706745964061e+01 1.264893501038949353e+01
1.680000000000000000e+02 9.000000000000000000e+00 3.082851030582688168e+01 1.018261604692356670e+01
1.800000000000000000e+02 9.000000000000000000e+00 3.144606582111417836e+01 1.082913649836324232e+01
1.920000000000000000e+02 9.000000000000000000e+00 3.221533209094661032e+01 1.116848382986234967e+01
2.040000000000000000e+02 9.000000000000000000e+00 3.402626196701533701e+01 1.196166932408877770e+01
2.160000000000000000e+02 9.000000000000000000e+00 3.280570313903846369e+01 1.054465672468284687e+01
2.280000000000000000e+02 9.000000000000000000e+00 3.215177387501778128e+01 1.254690521172702411e+01
1.920000000000000000e+02 0.000000000000000000e+00 -3.047800000000000153e+01 1.360800000000000054e+01
2.040000000000000000e+02 0.000000000000000000e+00 -2.874699999999999989e+01 1.391799999999999926e+01
2.160000000000000000e+02 0.000000000000000000e+00 -2.705999999999999872e+01 1.420700000000000074e+01
2.280000000000000000e+02 0.000000000000000000e+00 -2.532799999999999940e+01 1.451800000000000068e+01
2.400000000000000000e+02 0.000000000000000000e+00 -2.350799999999999912e+01 1.482900000000000063e+01
2.520000000000000000e+02 0.000000000000000000e+00 -2.177700000000000102e+01 1.522799999999999976e+01
2.640000000000000000e+02 0.000000000000000000e+00 -1.982300000000000040e+01 1.542800000000000082e+01
2.760000000000000000e+02 0.000000000000000000e+00 -1.787000000000000099e+01 1.553899999999999970e+01
2.880000000000000000e+02 0.000000000000000000e+00 -1.660647922518667841e+01 1.627061405652359483e+01
3.000000000000000000e+02 0.000000000000000000e+00 -1.287029515628714371e+01 1.347806692396808970e+01
3.120000000000000000e+02 0.000000000000000000e+00 -8.802577891402192378e+00 1.384815269105406443e+01
3.240000000000000000e+02 0.000000000000000000e+00 -6.559398324980636019e+00 1.284415632963414033e+01
3.360000000000000000e+02 0.000000000000000000e+00 -2.569391531147855900e+00 1.508381281932329543e+01
3.480000000000000000e+02 0.000000000000000000e+00 -3.632460846081125294e-01 1.638656307267534018e+01
3.600000000000000000e+02 0.000000000000000000e+00 3.363300939691104219e+00 1.650673899597097360e+01
3.720000000000000000e+02 0.000000000000000000e+00 6.696112484780464946e+00 1.696426186582084839e+01
3.840000000000000000e+02 0.000000000000000000e+00 7.894092772949126591e+00 1.982093764948085735e+01
3.960000000000000000e+02 0.000000000000000000e+00 8.719026503745071821e+00 1.876972547941000258e+01
4.080000000000000000e+02 0.000000000000000000e+00 7.398891114953222825e+00 1.807687693338893808e+01
4.200000000000000000e+02 0.000000000000000000e+00 6.208737547807100299e+00 1.782573177073098236e+01
2.400000000000000000e+02 2.000000000000000000e+00 1.960099999999999909e+01 1.105499999999999972e+01
2.520000000000000000e+02 2.000000000000000000e+00 1.960099999999999909e+01 1.105499999999999972e+01
2.640000000000000000e+02 2.000000000000000000e+00 1.960099999999999909e+01 1.114400000000000013e+01
2.760000000000000000e+02 2.000000000000000000e+00 1.960099999999999909e+01 1.114400000000000013e+01
2.880000000000000000e+02 2.000000000000000000e+00 1.948999999999999844e+01 1.114400000000000013e+01
3.000000000000000000e+02 2.000000000000000000e+00 1.948999999999999844e+01 1.114400000000000013e+01
3.120000000000000000e+02 2.000000000000000000e+00 1.948999999999999844e+01 1.125500000000000078e+01
3.240000000000000000e+02 2.000000000000000000e+00 1.948999999999999844e+01 1.125500000000000078e+01
3.360000000000000000e+02 2.000000000000000000e+00 1.789803201910539343e+01 1.085401628808905627e+01
3.480000000000000000e+02 2.000000000000000000e+00 1.713809069008727448e+01 9.885352413949211936e+00
3.600000000000000000e+02 2.000000000000000000e+00 1.649186520361091368e+01 8.716906128620200533e+00
3.720000000000000000e+02 2.000000000000000000e+00 1.551838225609756350e+01 6.461941708582537025e+00
3.840000000000000000e+02 2.000000000000000000e+00 1.338353687412987014e+01 6.986433361589402757e+00
3.960000000000000000e+02 2.000000000000000000e+00 1.348824940650473359e+01 6.092261740251289304e+00
4.080000000000000000e+02 2.000000000000000000e+00 1.311213527460938799e+01 5.138654671162456111e+00
4.200000000000000000e+02 2.000000000000000000e+00 1.562298396308388782e+01 5.292004029781208985e+00
4.320000000000000000e+02 2.000000000000000000e+00 1.544150291723159896e+01 6.090251839047755134e+00
4.440000000000000000e+02 2.000000000000000000e+00 1.813470836090210980e+01 8.001295271780900720e+00
4.560000000000000000e+02 2.000000000000000000e+00 1.871496606551432862e+01 9.854587647495151259e+00
4.680000000000000000e+02 2.000000000000000000e+00 1.768609588987988346e+01 1.367486111158289575e+01
2.400000000000000000e+02 4.000000000000000000e+00 -6.434999999999999609e+00 2.104700000000000060e+01
2.520000000000000000e+02 4.000000000000000000e+00 -6.767000000000000348e+00 2.083999999999999986e+01
2.640000000000000000e+02 4.000000000000000000e+00 -7.099000000000000199e+00 2.063299999999999912e+01
2.760000000000000000e+02 4.000000000000000000e+00 -7.431000000000000050e+00 2.042699999999999960e+01
2.880000000000000000e+02 4.000000000000000000e+00 -7.762999999999999901e+00 2.021999999999999886e+01
3.000000000000000000e+02 4.000000000000000000e+00 -8.095000000000000639e+00 2.001300000000000168e+01
3.120000000000000000e+02 4.000000000000000000e+00 -8.426999999999999602e+00 1.980600000000000094e+01
3.240000000000000000e+02 4.000000000000000000e+00 -8.759000000000000341e+00 1.959900000000000020e+01
3.360000000000000000e+02 4.000000000000000000e+00 -1.014214120080292325e+01 1.939286089623391973e+01
3.480000000000000000e+02 4.000000000000000000e+00 -1.169763764822234009e+01 1.813105185497573757e+01
3.600000000000000000e+02 4.000000000000000000e+00 -1.439612316585017382e+01 1.834812878651151991e+01
3.720000000000000000e+02 4.000000000000000000e+00 -1.712670149891897609e+01 1.853172447158556935e+01
3.840000000000000000e+02 4.000000000000000000e+00 -2.140568014122473528e+01 1.741925623059020722e+01
3.960000000000000000e+02 4.000000000000000000e+00 -2.349778466489485496e+01 1.674515175900712549e+01
4.080000000000000000e+02 4.000000000000000000e+00 -2.531965193290007576e+01 1.463550607282817850e+01
4.200000000000000000e+02 4.000000000000000000e+00 -2.472936740686169799e+01 1.556705623466812938e+01
4.320000000000000000e+02 4.000000000000000000e+00 -2.371037870810774351e+01 1.555406065027722384e+01
4.440000000000000000e+02 4.000000000000000000e+00 -2.095320202801677212e+01 1.695716855240771181e+01
4.560000000000000000e+02 4.000000000000000000e+00 -1.698329910033586287e+01 1.757469196648076348e+01
4.680000000000000000e+02 4.000000000000000000e+00 -1.178394031855664537e+01 1.707854708894136309e+01
2.400000000000000000e+02 6.000000000000000000e+00 -2.925900000000000034e+01 8.519999999999999574e+00
2.520000000000000000e+02 6.000000000000000000e+00 -2.779700000000000060e+01 8.646000000000000796e+00
2.640000000000000000e+02 6.000000000000000000e+00 -2.633500000000000085e+01 8.772000000000000242e+00
2.760000000000000000e+02 6.000000000000000000e+00 -2.487300000000000111e+01 8.898999999999999133e+00
2.880000000000000000e+02 6.000000000000000000e+00 -2.341000000000000014e+01 9.025000000000000355e+00
3.000000000000000000e+02 6.000000000000000000e+00 -2.194800000000000040e+01 9.151999999999999247e+00
3.120000000000000000e+02 6.000000000000000000e+00 -2.048600000000000065e+01 9.278000000000000469e+00
3.240000000000000000e+02 6.000000000000000000e+00 -1.902400000000000091e+01 9.404999999999999361e+00
3.360000000000000000e+02 6.000000000000000000e+00 -1.761752185981000096e+01 1.021213684008196232e+01
3.480000000000000000e+02 6.000000000000000000e+00 -1.706713288631786440e+01 9.689649854633218595e+00
3.600000000000000000e+02 6.000000000000000000e+00 -1.673208047738362936e+01 8.285699544354697466e+00
3.720000000000000000e+02 6.000000000000000000e+00 -1.727273572598809892e+01 8.596254025973660617e+00
3.840000000000000000e+02 6.000000000000000000e+00 -1.816538449757080187e+01 7.059634704699671914e+00
3.960000000000000000e+02 6.000000000000000000e+00 -1.767814195654785081e+01 6.810046841285886110e+00
4.080000000000000000e+02 6.000000000000000000e+00 -1.689731734077512115e+01 7.197976536786521606e+00
4.200000000000000000e+02 6.000000000000000000e+00 -1.485155557972825235e+01 6.859212451842065406e+00
4.320000000000000000e+02 6.000000000000000000e+00 -1.355047903492168615e+01 8.637777339610504868e+00
4.440000000000000000e+02 6.000000000000000000e+00 -9.335562243397802717e+00 8.442731089475360662e+00
4.560000000000000000e+02 6.000000000000000000e+00 -6.106487603175196455e+00 8.660557671386381884e+00
4.680000000000000000e+02 6.000000000000000000e+00 -9.854015726986592449e-02 9.387090329867833205e+00
2.400000000000000000e+02 8.000000000000000000e+00 1.924599999999999866e+01 1.345199999999999996e+01
2.520000000000000000e+02 8.000000000000000000e+00 1.960099999999999909e+01 1.336299999999999955e+01
2.640000000000000000e+02 8.000000000000000000e+00 1.995599999999999952e+01 1.316399999999999970e+01
2.760000000000000000e+02 8.000000000000000000e+00 2.044500000000000028e+01 1.305300000000000082e+01
2.880000000000000000e+02 8.000000000000000000e+00 2.082199999999999918e+01 1.296400000000000041e+01
3.000000000000000000e+02 8.000000000000000000e+00 2.130999999999999872e+01 1.287500000000000000e+01
3.120000000000000000e+02 8.000000000000000000e+00 2.179899999999999949e+01 1.276399999999999935e+01
3.240000000000000000e+02 8.000000000000000000e+00 2.228699999999999903e+01 1.265300000000000047e+01
3.360000000000000000e+02 8.000000000000000000e+00 2.270876941356906187e+01 1.219434793022364083e+01
3.480000000000000000e+02 8.000000000000000000e+00 2.304602652084678382e+01 1.101247786125232153e+01
3.600000000000000000e+02 8.000000000000000000e+00 2.690759063706374477e+01 1.108907814091644717e+01
3.720000000000000000e+02 8.000000000000000000e+00 2.883416303130751857e+01 1.013515918417244777e+01
3.840000000000000000e+02 8.000000000000000000e+00 3.152051374349036905e+01 9.411525961155779996e+00
3.960000000000000000e+02 8.000000000000000000e+00 3.230702960325749729e+01 8.115602591632875118e+00
4.080000000000000000e+02 8.000000000000000000e+00 3.362063057398734855e+01 5.773153661896954780e+00
4.200000000000000000e+02 8.000000000000000000e+00 3.503214085940901867e+01 6.551349495408953061e+00
4.320000000000000000e+02 8.000000000000000000e+00 3.219923937049259166e+01 5.028180682491545817e+00
4.440000000000000000e+02 8.000000000000000000e+00 3.301862976893743706e+01 6.888172912027221706e+00
4.560000000000000000e+02 8.000000000000000000e+00 3.002701051899357410e+01 8.198457763399764175e+00
4.680000000000000000e+02 8.000000000000000000e+00 2.812449012984389540e+01 1.201083622028613540e+01
2.400000000000000000e+02 1.000000000000000000e+01 3.482900000000000063e+01 1.325200000000000067e+01
2.520000000000000000e+02 1.000000000000000000e+01 3.616100000000000136e+01 1.347400000000000020e+01
2.640000000000000000e+02 1.000000000000000000e+01 3.751500000000000057e+01 1.376299999999999990e+01
2.760000000000000000e+02 1.000000000000000000e+01 3.873599999999999710e+01 1.405199999999999960e+01
2.880000000000000000e+02 1.000000000000000000e+01 4.006799999999999784e+01 1.436200000000000010e+01
3.000000000000000000e+02 1.000000000000000000e+01 4.144400000000000261e+01 1.467300000000000004e+01
3.120000000000000000e+02 1.000000000000000000e+01 4.277600000000000335e+01 1.487299999999999933e+01
3.240000000000000000e+02 1.000000000000000000e+01 4.424099999999999966e+01 1.507300000000000040e+01
3.360000000000000000e+02 1.000000000000000000e+01 4.626154988793525291e+01 1.492786685349033604e+01
3.480000000000000000e+02 1.000000000000000000e+01 4.683907165757138102e+01 1.468418548640405064e+01
3.600000000000000000e+02 1.000000000000000000e+01 4.852058263762697266e+01 1.331896132955724354e+01
3.720000000000000000e+02 1.000000000000000000e+01 5.069309142783072275e+01 1.330966566495918357e+01
3.840000000000000000e+02 1.000000000000000000e+01 5.166679386919754080e+01 1.224572021620242879e+01
3.960000000000000000e+02 1.000000000000000000e+01 5.114609696137744521e+01 1.108805108289950248e+01
4.080000000000000000e+02 1.000000000000000000e+01 5.103566620200415827e+01 9.849958207201744642e+00
4.200000000000000000e+02 1.000000000000000000e+01 4.842830324650639540e+01 8.944798209295361957e+00
4.320000000000000000e+02 1.000000000000000000e+01 4.589868582804174935e+01 8.725861935308220296e+00
4.440000000000000000e+02 1.000000000000000000e+01 4.280440429628568211e+01 9.256356108633681856e+00
4.560000000000000000e+02 1.000000000000000000e+01 3.779800849409249963e+01 1.099558697518914308e+01
4.680000000000000000e+02 1.000000000000000000e+01 3.600407198688535715e+01 1.179045834098279677e+01
2.760000000000000000e+02 1.100000000000000000e+01 5.438600000000000279e+01 -2.130999999999999872e+01
2.880000000000000000e+02 1.100000000000000000e+01 5.371999999999999886e+01 -2.111100000000000065e+01
3.000000000000000000e+02 1.100000000000000000e+01 5.371999999999999886e+01 -2.071099999999999852e+01
3.120000000000000000e+02 1.100000000000000000e+01 5.371999999999999886e+01 -2.028900000000000148e+01
3.240000000000000000e+02 1.100000000000000000e+01 5.358700000000000330e+01 -1.980099999999999838e+01
3.360000000000000000e+02 1.100000000000000000e+01 5.358700000000000330e+01 -1.940099999999999980e+01
3.480000000000000000e+02 1.100000000000000000e+01 5.358700000000000330e+01 -1.898000000000000043e+01
3.600000000000000000e+02 1.100000000000000000e+01 5.358700000000000330e+01 -1.857999999999999829e+01
3.720000000000000000e+02 1.100000000000000000e+01 5.375338535192904033e+01 -1.899223781674179534e+01
3.840000000000000000e+02 1.100000000000000000e+01 5.609460923513189101e+01 -1.740714719810522126e+01
3.960000000000000000e+02 1.100000000000000000e+01 5.892173673418398039e+01 -1.725994280929859670e+01
4.080000000000000000e+02 1.100000000000000000e+01 6.149824793628268083e+01 -1.974091488686825713e+01
4.200000000000000000e+02 1.100000000000000000e+01 6.410928993586890101e+01 -1.856117887334288241e+01
4.320000000000000000e+02 1.100000000000000000e+01 6.352843532884664057e+01 -1.968959439259263178e+01
4.440000000000000000e+02 1.100000000000000000e+01 6.274518745543014830e+01 -2.087532936725113331e+01
4.560000000000000000e+02 1.100000000000000000e+01 6.340688697916120731e+01 -1.982414347298085389e+01
4.680000000000000000e+02 1.100000000000000000e+01 6.063288781013046247e+01 -2.072299685921323231e+01
4.800000000000000000e+02 1.100000000000000000e+01 5.908315738016064245e+01 -1.838140349722376854e+01
4.920000000000000000e+02 1.100000000000000000e+01 5.654199314513704877e+01 -1.740724665602641963e+01
5.040000000000000000e+02 1.100000000000000000e+01 5.295251563218115365e+01 -1.602150821810576176e+01
