0.000000000000000000e+00 1.000000000000000000e+00 1.029199999999999982e+01 1.390700000000000003e+01
1.200000000000000000e+01 1.000000000000000000e+00 1.080300000000000082e+01 1.401399999999999935e+01
2.400000000000000000e+01 1.000000000000000000e+00 1.139799999999999969e+01 1.420500000000000007e+01
3.600000000000000000e+01 1.000000000000000000e+00 1.199399999999999977e+01 1.439600000000000080e+01
4.800000000000000000e+01 1.000000000000000000e+00 1.256799999999999962e+01 1.454499999999999993e+01
6.000000000000000000e+01 1.000000000000000000e+00 1.316300000000000026e+01 1.471499999999999986e+01
7.200000000000000000e+01 1.000000000000000000e+00 1.373700000000000010e+01 1.486400000000000077e+01
8.400000000000000000e+01 1.000000000000000000e+00 1.433300000000000018e+01 1.507699999999999996e+01
9.600000000000000000e+01 1.000000000000000000e+00 1.424015811019215683e+01 1.509458067814749960e+01
1.080000000000000000e+02 1.000000000000000000e+00 1.562728895368208271e+01 1.399165679210794622e+01
1.200000000000000000e+02 1.000000000000000000e+00 1.568803446996775541e+01 1.473504886858184015e+01
1.320000000000000000e+02 1.000000000000000000e+00 1.455527892199426887e+01 1.487529904981231965e+01
1.440000000000000000e+02 1.000000000000000000e+00 1.404239677936898190e+01 1.536198232673732988e+01
1.560000000000000000e+02 1.000000000000000000e+00 1.429011608590813331e+01 1.536510031454445269e+01
1.680000000000000000e+02 1.000000000000000000e+00 1.501418437456220545e+01 1.669547614631466814e+01
1.800000000000000000e+02 1.000000000000000000e+00 1.593092546529772591e+01 1.650037377285850937e+01
1.920000000000000000e+02 1.000000000000000000e+00 1.594940185030801771e+01 1.536000912543600805e+01
2.040000000000000000e+02 1.000000000000000000e+00 1.642320456769768455e+01 1.726897438155691589e+01
2.160000000000000000e+02 1.000000000000000000e+00 1.889101504914395235e+01 1.842677997326059369e+01
2.280000000000000000e+02 1.000000000000000000e+00 2.088108814004134928e+01 1.714559197702727644e+01
0.000000000000000000e+00 3.000000000000000000e+00 3.593800000000000239e+01 2.220100000000000051e+01
1.200000000000000000e+01 3.000000000000000000e+00 3.546999999999999886e+01 2.209400000000000119e+01
2.400000000000000000e+01 3.000000000000000000e+00 3.500200000000000244e+01 2.200900000000000034e+01
3.600000000000000000e+01 3.000000000000000000e+00 3.453499999999999659e+01 2.192399999999999949e+01
4.800000000000000000e+01 3.000000000000000000e+00 3.419400000000000261e+01 2.179700000000000060e+01
6.000000000000000000e+01 3.000000000000000000e+00 3.372599999999999909e+01 2.171199999999999974e+01
7.200000000000000000e+01 3.000000000000000000e+00 3.325900000000000034e+01 2.162699999999999889e+01
8.400000000000000000e+01 3.000000000000000000e+00 3.283299999999999841e+01 2.154200000000000159e+01
9.600000000000000000e+01 3.000000000000000000e+00 3.366927015217698482e+01 2.259970975313673236e+01
1.080000000000000000e+02 3.000000000000000000e+00 3.243762109149761130e+01 2.388107615321669286e+01
1.200000000000000000e+02 3.000000000000000000e+00 3.323809997712523057e+01 2.364431661751168789e+01
1.320000000000000000e+02 3.000000000000000000e+00 3.573668864089609798e+01 2.673057023377658226e+01
1.440000000000000000e+02 3.000000000000000000e+00 3.582248581692362421e+01 2.774316242469034322e+01
1.560000000000000000e+02 3.000000000000000000e+00 3.739290595115114968e+01 3.026875456823471922e+01
1.680000000000000000e+02 3.000000000000000000e+00 3.867739726061215322e+01 2.822659244775261556e+01
1.800000000000000000e+02 3.000000000000000000e+00 3.716208767164539495e+01 2.741472165382538151e+01
1.920000000000000000e+02 3.000000000000000000e+00 3.965460800919580464e+01 2.695328032604472668e+01
2.040000000000000000e+02 3.000000000000000000e+00 3.480879121189351366e+01 2.436647876739595375e+01
2.160000000000000000e+02 3.000000000000000000e+00 3.220871609300650817e+01 2.414688659965559125e+01
2.280000000000000000e+02 3.000000000000000000e+00 2.883416874554657738e+01 2.137331041176460644e+01
0.000000000000000000e+00 5.000000000000000000e+00 3.266299999999999670e+01 1.511899999999999977e+01
1.200000000000000000e+01 5.000000000000000000e+00 3.219500000000000028e+01 1.463000000000000078e+01
2.400000000000000000e+01 5.000000000000000000e+00 3.172800000000000153e+01 1.424799999999999933e+01
3.600000000000000000e+01 5.000000000000000000e+00 3.126000000000000156e+01 1.386500000000000021e+01
4.800000000000000000e+01 5.000000000000000000e+00 3.089799999999999969e+01 1.346100000000000030e+01
6.000000000000000000e+01 5.000000000000000000e+00 3.042999999999999972e+01 1.307799999999999940e+01
7.200000000000000000e+01 5.000000000000000000e+00 2.996300000000000097e+01 1.269500000000000028e+01
8.400000000000000000e+01 5.000000000000000000e+00 2.960099999999999909e+01 1.222700000000000031e+01
9.600000000000000000e+01 5.000000000000000000e+00 2.945457620225488427e+01 1.188495575081570976e+01
1.080000000000000000e+02 5.000000000000000000e+00 2.735349983391975215e+01 1.117119032663964617e+01
1.200000000000000000e+02 5.000000000000000000e+00 2.634074008798174305e+01 1.173516681274604423e+01
1.320000000000000000e+02 5.000000000000000000e+00 2.500243150819046889e+01 9.873640954578565498e+00
1.440000000000000000e+02 5.000000000000000000e+00 2.356744192917236802e+01 1.106360234006490550e+01
1.560000000000000000e+02 5.000000000000000000e+00 2.271416450242344709e+01 9.468816524379690236e+00
1.680000000000000000e+02 5.000000000000000000e+00 2.222791573799435128e+01 8.887703031870504589e+00
1.800000000000000000e+02 5.000000000000000000e+00 2.194776961819724903e+01 8.892399829495960972e+00
1.920000000000000000e+02 5.000000000000000000e+00 2.227470996000963765e+01 7.327426382911954583e+00
2.040000000000000000e+02 5.000000000000000000e+00 2.258075999381683374e+01 8.363574437329845068e+00
2.160000000000000000e+02 5.000000000000000000e+00 2.282491115949839156e+01 7.559441930424677381e+00
2.280000000000000000e+02 5.000000000000000000e+00 2.491222660072175898e+01 7.766559869089537216e+00
0.000000000000000000e+00 7.000000000000000000e+00 4.167999999999999972e+01 1.367300000000000004e+01
1.200000000000000000e+01 7.000000000000000000e+00 4.097800000000000153e+01 1.326900000000000013e+01
2.400000000000000000e+01 7.000000000000000000e+00 4.027600000000000335e+01 1.288700000000000045e+01
3.600000000000000000e+01 7.000000000000000000e+00 3.968099999999999739e+01 1.260999999999999943e+01
4.800000000000000000e+01 7.000000000000000000e+00 3.897899999999999920e+01 1.222700000000000031e+01
6.000000000000000000e+01 7.000000000000000000e+00 3.834100000000000108e+01 1.192999999999999972e+01
7.200000000000000000e+01 7.000000000000000000e+00 3.768200000000000216e+01 1.154700000000000060e+01
8.400000000000000000e+01 7.000000000000000000e+00 3.704399999999999693e+01 1.127100000000000080e+01
9.600000000000000000e+01 7.000000000000000000e+00 3.687621742636386557e+01 1.038867332470008975e+01
1.080000000000000000e+02 7.000000000000000000e+00 3.633791927193866655e+01 8.711749457175663736e+00
1.200000000000000000e+02 7.000000000000000000e+00 3.641866575708231579e+01 1.075792364335198492e+01
1.320000000000000000e+02 7.000000000000000000e+00 3.680594999971886239e+01 7.464192258245755163e+00
1.440000000000000000e+02 7.000000000000000000e+00 3.744237378009373884e+01 5.465247520059191011e+00
1.560000000000000000e+02 7.000000000000000000e+00 3.647822736153308654e+01 3.266096273077256029e+00
1.680000000000000000e+02 7.000000000000000000e+00 3.777900561397480317e+01 4.792559390029028421e+00
1.800000000000000000e+02 7.000000000000000000e+00 3.517575424344121160e+01 5.335043441885069626e+00
1.920000000000000000e+02 7.000000000000000000e+00 3.465825977558829152e+01 5.211383647403656560e+00
2.040000000000000000e+02 7.000000000000000000e+00 3.173759577300199552e+01 6.399582242270878574e+00
2.160000000000000000e+02 7.000000000000000000e+00 3.115899283537909881e+01 5.140818568025406599e+00
2.280000000000000000e+02 7.000000000000000000e+00 2.910404596530501919e+01 5.908082440334530894e+00
0.000000000000000000e+00 9.000000000000000000e+00 1.086599999999999966e+01 -1.669300000000000139e+01
1.200000000000000000e+01 9.000000000000000000e+00 1.133399999999999963e+01 -1.658699999999999974e+01
2.400000000000000000e+01 9.000000000000000000e+00 1.192999999999999972e+01 -1.650199999999999889e+01
3.600000000000000000e+01 9.000000000000000000e+00 1.250399999999999956e+01 -1.641700000000000159e+01
4.800000000000000000e+01 9.000000000000000000e+00 1.309900000000000020e+01 -1.630999999999999872e+01
6.000000000000000000e+01 9.000000000000000000e+00 1.367300000000000004e+01 -1.611899999999999977e+01
7.200000000000000000e+01 9.000000000000000000e+00 1.414100000000000001e+01 -1.603399999999999892e+01
8.400000000000000000e+01 9.000000000000000000e+00 1.473700000000000010e+01 -1.592800000000000082e+01
9.600000000000000000e+01 9.000000000000000000e+00 1.584981478928972010e+01 -1.618175914619763489e+01
1.080000000000000000e+02 9.000000000000000000e+00 1.552149886188592376e+01 -1.736810986172622506e+01
1.200000000000000000e+02 9.000000000000000000e+00 1.700250907324358352e+01 -1.804404972401754748e+01
1.320000000000000000e+02 9.000000000000000000e+00 1.545051426059760047e+01 -1.957753515827661772e+01
1.440000000000000000e+02 9.000000000000000000e+00 1.583610098026962376e+01 -2.004037641920497492e+01
1.560000000000000000e+02 9.000000000000000000e+00 1.507099725052298211e+01 -2.038147019068616217e+01
1.680000000000000000e+02 9.000000000000000000e+00 1.522112271413955220e+01 -2.016169949280768847e+01
1.800000000000000000e+02 9.000000000000000000e+00 1.477634540186673462e+01 -2.010139102988085824e+01
1.920000000000000000e+02 9.000000000000000000e+00 1.487599713897623488e+01 -1.829923818447686301e+01
2.040000000000000000e+02 9.000000000000000000e+00 1.638787648579843648e+01 -1.794429778031511091e+01
2.160000000000000000e+02 9.000000000000000000e+00 1.811322193960415916e+01 -1.521329818641718035e+01
2.280000000000000000e+02 9.000000000000000000e+00 2.183444478016372514e+01 -1.494130604986776589e+01
0.000000000000000000e+00 1.100000000000000000e+01 -2.573100000000000165e+01 1.390700000000000003e+01
1.200000000000000000e+01 1.100000000000000000e+01 -2.526300000000000168e+01 1.371599999999999930e+01
2.400000000000000000e+01 1.100000000000000000e+01 -2.475300000000000011e+01 1.360999999999999943e+01
3.600000000000000000e+01 1.100000000000000000e+01 -2.428500000000000014e+01 1.352500000000000036e+01
4.800000000000000000e+01 1.100000000000000000e+01 -2.375300000000000011e+01 1.343999999999999950e+01
6.000000000000000000e+01 1.100000000000000000e+01 -2.322100000000000009e+01 1.329100000000000037e+01
7.200000000000000000e+01 1.100000000000000000e+01 -2.269000000000000128e+01 1.318399999999999928e+01
8.400000000000000000e+01 1.100000000000000000e+01 -2.222200000000000131e+01 1.307799999999999940e+01
9.600000000000000000e+01 1.100000000000000000e+01 -2.209462791842887697e+01 1.237458048424359092e+01
1.080000000000000000e+02 1.100000000000000000e+01 -2.243389334062250029e+01 1.513534949022595200e+01
1.200000000000000000e+02 1.100000000000000000e+01 -2.188444224199743360e+01 1.627851676779879853e+01
1.320000000000000000e+02 1.100000000000000000e+01 -2.480324270784032237e+01 1.706070445519842593e+01
1.440000000000000000e+02 1.100000000000000000e+01 -2.543268104344187108e+01 1.784077617533169402e+01
1.560000000000000000e+02 1.100000000000000000e+01 -2.633737331358390321e+01 1.872233317371251715e+01
1.680000000000000000e+02 1.100000000000000000e+01 -2.561456504243986032e+01 1.858293540552663359e+01
1.800000000000000000e+02 1.100000000000000000e+01 -2.484572123534503518e+01 1.888552835392224694e+01
1.920000000000000000e+02 1.100000000000000000e+01 -2.468095412443338077e+01 1.798199840987970433e+01
2.040000000000000000e+02 1.100000000000000000e+01 -2.325597515111071800e+01 1.626145408635099798e+01
2.160000000000000000e+02 1.100000000000000000e+01 -2.139508524939450140e+01 1.452610005440306828e+01
2.280000000000000000e+02 1.100000000000000000e+01 -1.909373281019971103e+01 1.249249746551255491e+01
0.000000000000000000e+00 1.300000000000000000e+01 -2.609199999999999875e+01 5.338000000000000078e+00
1.200000000000000000e+01 1.300000000000000000e+01 -2.596499999999999986e+01 5.145999999999999908e+00
2.400000000000000000e+01 1.300000000000000000e+01 -2.573100000000000165e+01 4.934000000000000163e+00
3.600000000000000000e+01 1.300000000000000000e+01 -2.549699999999999989e+01 4.762999999999999901e+00
4.800000000000000000e+01 1.300000000000000000e+01 -2.526300000000000168e+01 4.551000000000000156e+00
6.000000000000000000e+01 1.300000000000000000e+01 -2.502899999999999991e+01 4.466000000000000192e+00
7.200000000000000000e+01 1.300000000000000000e+01 -2.492299999999999827e+01 4.551000000000000156e+00
8.400000000000000000e+01 1.300000000000000000e+01 -2.468900000000000006e+01 4.657000000000000028e+00
9.600000000000000000e+01 1.300000000000000000e+01 -2.501796456118903933e+01 5.446452531158886501e+00
1.080000000000000000e+02 1.300000000000000000e+01 -2.520098135867653610e+01 5.798850744620031250e+00
1.200000000000000000e+02 1.300000000000000000e+01 -2.663034621454462680e+01 5.302878953059989797e+00
1.320000000000000000e+02 1.300000000000000000e+01 -2.734725412009157708e+01 5.603449550612578989e+00
1.440000000000000000e+02 1.300000000000000000e+01 -3.027632563662340104e+01 6.958371700831805562e+00
1.560000000000000000e+02 1.300000000000000000e+01 -3.189612572172159588e+01 7.982287546424997160e+00
1.680000000000000000e+02 1.300000000000000000e+01 -3.251458176437157732e+01 8.712481856127714863e+00
1.800000000000000000e+02 1.300000000000000000e+01 -3.267209266874729678e+01 8.616521250782653851e+00
1.920000000000000000e+02 1.300000000000000000e+01 -3.356272073796562694e+01 9.917023791321572190e+00
2.040000000000000000e+02 1.300000000000000000e+01 -3.010810728263170333e+01 9.382791228612756385e+00
2.160000000000000000e+02 1.300000000000000000e+01 -2.723676008194830800e+01 8.695549177539840358e+00
2.280000000000000000e+02 1.300000000000000000e+01 -2.228199364547965899e+01 6.617328291413153707e+00
0.000000000000000000e+00 1.500000000000000000e+01 -2.079700000000000060e+01 1.107900000000000063e+01
1.200000000000000000e+01 1.500000000000000000e+01 -2.058500000000000085e+01 1.107900000000000063e+01
2.400000000000000000e+01 1.500000000000000000e+01 -2.032900000000000063e+01 1.116399999999999970e+01
3.600000000000000000e+01 1.500000000000000000e+01 -2.011700000000000088e+01 1.124900000000000055e+01
4.800000000000000000e+01 1.500000000000000000e+01 -1.986199999999999832e+01 1.135599999999999987e+01
6.000000000000000000e+01 1.500000000000000000e+01 -1.964900000000000091e+01 1.146199999999999974e+01
7.200000000000000000e+01 1.500000000000000000e+01 -1.939399999999999835e+01 1.154700000000000060e+01
8.400000000000000000e+01 1.500000000000000000e+01 -1.918100000000000094e+01 1.163199999999999967e+01
9.600000000000000000e+01 1.500000000000000000e+01 -1.801666505489118109e+01 1.179417438564376397e+01
1.080000000000000000e+02 1.500000000000000000e+01 -1.928787411357801318e+01 1.405758441420233851e+01
1.200000000000000000e+02 1.500000000000000000e+01 -1.916958326122742307e+01 1.468084045717782615e+01
1.320000000000000000e+02 1.500000000000000000e+01 -1.772610146033433409e+01 1.536444135193644200e+01
1.440000000000000000e+02 1.500000000000000000e+01 -1.816725918138380536e+01 1.657625231270212041e+01
1.560000000000000000e+02 1.500000000000000000e+01 -1.629374738985243098e+01 1.641216739312042705e+01
1.680000000000000000e+02 1.500000000000000000e+01 -1.574405220575310871e+01 1.708177877100033015e+01
1.800000000000000000e+02 1.500000000000000000e+01 -1.545391553645093552e+01 1.783089956727885905e+01
1.920000000000000000e+02 1.500000000000000000e+01 -1.551400926930716118e+01 1.694592598899823344e+01
2.040000000000000000e+02 1.500000000000000000e+01 -1.586142244323142236e+01 1.651788858772169988e+01
2.160000000000000000e+02 1.500000000000000000e+01 -1.562104829153544472e+01 1.433249828250511904e+01
2.280000000000000000e+02 1.500000000000000000e+01 -1.649211791251320491e+01 1.274932777002750939e+01
0.000000000000000000e+00 1.700000000000000000e+01 -2.311499999999999844e+01 -1.743999999999999995e+00
1.200000000000000000e+01 1.700000000000000000e+01 -2.319999999999999929e+01 -1.743999999999999995e+00
2.400000000000000000e+01 1.700000000000000000e+01 -2.319999999999999929e+01 -1.743999999999999995e+00
3.600000000000000000e+01 1.700000000000000000e+01 -2.319999999999999929e+01 -1.743999999999999995e+00
4.800000000000000000e+01 1.700000000000000000e+01 -2.319999999999999929e+01 -1.743999999999999995e+00
6.000000000000000000e+01 1.700000000000000000e+01 -2.319999999999999929e+01 -1.743999999999999995e+00
7.200000000000000000e+01 1.700000000000000000e+01 -2.319999999999999929e+01 -1.743999999999999995e+00
8.400000000000000000e+01 1.700000000000000000e+01 -2.319999999999999929e+01 -1.743999999999999995e+00
9.600000000000000000e+01 1.700000000000000000e+01 -2.243165886652970187e+01 -1.285727758294089806e+00
1.080000000000000000e+02 1.700000000000000000e+01 -2.539953731978540574e+01 6.230951088910086089e-01
1.200000000000000000e+02 1.700000000000000000e+01 -2.335179870056556695e+01 6.824718611074254149e-04
1.320000000000000000e+02 1.700000000000000000e+01 -2.334512809410792400e+01 1.001041313972055757e+00
1.440000000000000000e+02 1.700000000000000000e+01 -2.240203863157115904e+01 6.186938071306011810e-01
1.560000000000000000e+02 1.700000000000000000e+01 -2.036460827734194368e+01 2.249373228470367803e+00
1.680000000000000000e+02 1.700000000000000000e+01 -1.979130044565312829e+01 1.962359394176756977e-01
1.800000000000000000e+02 1.700000000000000000e+01 -1.916143863515433665e+01 6.066055080664503052e-01
1.920000000000000000e+02 1.700000000000000000e+01 -1.883083151295411994e+01 2.565186516126067851e+00
2.040000000000000000e+02 1.700000000000000000e+01 -2.033806722516564491e+01 1.571902790540963268e-01
2.160000000000000000e+02 1.700000000000000000e+01 -2.220265748315260623e+01 9.977138106516943994e-01
2.280000000000000000e+02 1.700000000000000000e+01 -2.367414071859820268e+01 -1.316817916463894456e+00
0.000000000000000000e+00 1.900000000000000000e+01 -7.506999999999999673e+00 -2.271099999999999852e+01
1.200000000000000000e+01 1.900000000000000000e+01 -7.166000000000000369e+00 -2.262600000000000122e+01
2.400000000000000000e+01 1.900000000000000000e+01 -6.698999999999999844e+00 -2.254100000000000037e+01
3.600000000000000000e+01 1.900000000000000000e+01 -6.230999999999999872e+00 -2.243499999999999872e+01
4.800000000000000000e+01 1.900000000000000000e+01 -5.826999999999999957e+00 -2.228600000000000136e+01
6.000000000000000000e+01 1.900000000000000000e+01 -5.358999999999999986e+00 -2.213700000000000045e+01
7.200000000000000000e+01 1.900000000000000000e+01 -4.955000000000000071e+00 -2.205199999999999960e+01
8.400000000000000000e+01 1.900000000000000000e+01 -4.528999999999999915e+00 -2.190299999999999869e+01
9.600000000000000000e+01 1.900000000000000000e+01 -2.678834373452831485e+00 -2.221631505139793461e+01
1.080000000000000000e+02 1.900000000000000000e+01 -9.447834239931276468e-01 -2.248604807355690482e+01
1.200000000000000000e+02 1.900000000000000000e+01 1.258771413603692713e+00 -2.159567997069422063e+01
1.320000000000000000e+02 1.900000000000000000e+01 2.084256094323817532e+00 -1.971706579091537748e+01
1.440000000000000000e+02 1.900000000000000000e+01 2.895792435299588519e+00 -2.072185276451651603e+01
1.560000000000000000e+02 1.900000000000000000e+01 5.324193325433908441e+00 -2.004510681150657092e+01
1.680000000000000000e+02 1.900000000000000000e+01 2.640595016199381639e+00 -2.108355900949337780e+01
1.800000000000000000e+02 1.900000000000000000e+01 2.513786500107964894e+00 -1.952179737432604867e+01
1.920000000000000000e+02 1.900000000000000000e+01 -1.404697722052503928e-01 -2.010396415368893486e+01
2.040000000000000000e+02 1.900000000000000000e+01 4.680732349675985060e-01 -2.048011827255367834e+01
2.160000000000000000e+02 1.900000000000000000e+01 -6.170851566332581362e-01 -2.094378453377501259e+01
2.280000000000000000e+02 1.900000000000000000e+01 2.611018608346633504e-02 -1.939125396007614555e+01
2.400000000000000000e+02 2.000000000000000000e+00 2.111599999999999966e+01 1.705499999999999972e+01
2.520000000000000000e+02 2.000000000000000000e+00 2.171199999999999974e+01 1.722500000000000142e+01
2.640000000000000000e+02 2.000000000000000000e+00 2.228600000000000136e+01 1.743700000000000117e+01
2.760000000000000000e+02 2.000000000000000000e+00 2.288100000000000023e+01 1.752199999999999847e+01
2.880000000000000000e+02 2.000000000000000000e+00 2.358299999999999841e+01 1.771399999999999864e+01
3.000000000000000000e+02 2.000000000000000000e+00 2.405099999999999838e+01 1.801200000000000045e+01
3.120000000000000000e+02 2.000000000000000000e+00 2.462500000000000000e+01 1.820299999999999940e+01
3.240000000000000000e+02 2.000000000000000000e+00 2.509299999999999997e+01 1.850100000000000122e+01
3.360000000000000000e+02 2.000000000000000000e+00 2.655377423513622404e+01 1.788486167900998680e+01
3.480000000000000000e+02 2.000000000000000000e+00 2.516793042182786877e+01 1.989877554468386833e+01
3.600000000000000000e+02 2.000000000000000000e+00 2.719491674283478844e+01 2.208903284785808907e+01
3.720000000000000000e+02 2.000000000000000000e+00 3.056705494654791622e+01 2.305220135230381473e+01
3.840000000000000000e+02 2.000000000000000000e+00 3.496402357354694601e+01 2.353830911228035205e+01
3.960000000000000000e+02 2.000000000000000000e+00 3.519548752153341553e+01 2.443129675007977752e+01
4.080000000000000000e+02 2.000000000000000000e+00 3.753522576574984271e+01 2.627201388992684628e+01
4.200000000000000000e+02 2.000000000000000000e+00 3.909895169129252679e+01 2.387511572895595791e+01
4.320000000000000000e+02 2.000000000000000000e+00 4.008553267724657587e+01 2.265400254704238847e+01
4.440000000000000000e+02 2.000000000000000000e+00 3.954714042583189126e+01 2.340559344649435403e+01
4.560000000000000000e+02 2.000000000000000000e+00 3.506301138036258891e+01 2.179437646545164142e+01
4.680000000000000000e+02 2.000000000000000000e+00 3.115918388901749125e+01 2.180932952896893795e+01
2.400000000000000000e+02 4.000000000000000000e+00 2.685800000000000054e+01 2.064799999999999969e+01
2.520000000000000000e+02 4.000000000000000000e+00 2.639000000000000057e+01 2.064799999999999969e+01
2.640000000000000000e+02 4.000000000000000000e+00 2.579500000000000171e+01 2.056299999999999883e+01
2.760000000000000000e+02 4.000000000000000000e+00 2.532700000000000173e+01 2.056299999999999883e+01
2.880000000000000000e+02 4.000000000000000000e+00 2.485900000000000176e+01 2.047800000000000153e+01
3.000000000000000000e+02 4.000000000000000000e+00 2.439099999999999824e+01 2.047800000000000153e+01
3.120000000000000000e+02 4.000000000000000000e+00 2.381700000000000017e+01 2.035099999999999909e+01
3.240000000000000000e+02 4.000000000000000000e+00 2.334900000000000020e+01 2.026599999999999824e+01
3.360000000000000000e+02 4.000000000000000000e+00 2.325621667496151090e+01 1.984476103757851106e+01
3.480000000000000000e+02 4.000000000000000000e+00 2.338429478983157850e+01 2.228508121623803362e+01
3.600000000000000000e+02 4.000000000000000000e+00 2.448783771719586255e+01 2.616608506234884146e+01
3.720000000000000000e+02 4.000000000000000000e+00 2.569626383869059794e+01 2.659984197723398225e+01
3.840000000000000000e+02 4.000000000000000000e+00 2.522477108122332368e+01 2.790813983937371034e+01
3.960000000000000000e+02 4.000000000000000000e+00 2.735915681840085512e+01 2.996907650136573409e+01
4.080000000000000000e+02 4.000000000000000000e+00 2.476207789294316086e+01 2.912443779303632851e+01
4.200000000000000000e+02 4.000000000000000000e+00 2.290915662890071758e+01 2.966984569911794978e+01
4.320000000000000000e+02 4.000000000000000000e+00 2.163401437632607482e+01 2.706252688615801816e+01
4.440000000000000000e+02 4.000000000000000000e+00 1.959637523432429873e+01 2.473289365588419741e+01
4.560000000000000000e+02 4.000000000000000000e+00 1.914163883058086313e+01 2.191720759702742427e+01
4.680000000000000000e+02 4.000000000000000000e+00 1.730161439499688925e+01 1.941283257571894083e+01
2.400000000000000000e+02 6.000000000000000000e+00 2.385900000000000176e+01 7.400000000000000355e+00
2.520000000000000000e+02 6.000000000000000000e+00 2.339199999999999946e+01 7.017000000000000348e+00
2.640000000000000000e+02 6.000000000000000000e+00 2.292399999999999949e+01 6.740999999999999659e+00
2.760000000000000000e+02 6.000000000000000000e+00 2.245599999999999952e+01 6.357999999999999652e+00
2.880000000000000000e+02 6.000000000000000000e+00 2.198799999999999955e+01 6.060999999999999943e+00
3.000000000000000000e+02 6.000000000000000000e+00 2.151999999999999957e+01 5.677999999999999936e+00
3.120000000000000000e+02 6.000000000000000000e+00 2.105199999999999960e+01 5.294999999999999929e+00
3.240000000000000000e+02 6.000000000000000000e+00 2.058500000000000085e+01 4.996999999999999886e+00
3.360000000000000000e+02 6.000000000000000000e+00 1.992881472497588646e+01 4.171911728240031536e+00
3.480000000000000000e+02 6.000000000000000000e+00 1.864820408286033881e+01 3.295581319141758669e+00
3.600000000000000000e+02 6.000000000000000000e+00 1.792548875479471704e+01 2.771508655504713925e+00
3.720000000000000000e+02 6.000000000000000000e+00 1.817328886308538216e+01 2.488564882396579137e+00
3.840000000000000000e+02 6.000000000000000000e+00 1.834728792313335077e+01 1.680966564216740400e-02
3.960000000000000000e+02 6.000000000000000000e+00 1.732821396208041165e+01 -2.491156608203649592e-01
4.080000000000000000e+02 6.000000000000000000e+00 1.752320460423634785e+01 -9.714764011171820313e-01
4.200000000000000000e+02 6.000000000000000000e+00 1.693012927234488174e+01 -1.987764381494067090e+00
4.320000000000000000e+02 6.000000000000000000e+00 1.685046917015337797e+01 -8.690011089203842909e-01
4.440000000000000000e+02 6.000000000000000000e+00 1.586270968465902698e+01 -1.495308584206678448e+00
4.560000000000000000e+02 6.000000000000000000e+00 1.578081150426972812e+01 -8.777301188008310717e-01
4.680000000000000000e+02 6.000000000000000000e+00 1.494000238726592045e+01 -7.453059810091802184e-01
2.400000000000000000e+02 8.000000000000000000e+00 2.919699999999999918e+01 6.145999999999999908e+00
2.520000000000000000e+02 8.000000000000000000e+00 2.862300000000000111e+01 5.762999999999999901e+00
2.640000000000000000e+02 8.000000000000000000e+00 2.802700000000000102e+01 5.274000000000000021e+00
2.760000000000000000e+02 8.000000000000000000e+00 2.745299999999999940e+01 4.891000000000000014e+00
2.880000000000000000e+02 8.000000000000000000e+00 2.685800000000000054e+01 4.508000000000000007e+00
3.000000000000000000e+02 8.000000000000000000e+00 2.615599999999999881e+01 4.125000000000000000e+00
3.120000000000000000e+02 8.000000000000000000e+00 2.558200000000000074e+01 3.657999999999999918e+00
3.240000000000000000e+02 8.000000000000000000e+00 2.498600000000000065e+01 3.254000000000000004e+00
3.360000000000000000e+02 8.000000000000000000e+00 2.412675523424068302e+01 5.870582172067958515e-01
3.480000000000000000e+02 8.000000000000000000e+00 2.282120391115509506e+01 2.486642051250144370e+00
3.600000000000000000e+02 8.000000000000000000e+00 2.183483633640160804e+01 1.775060879167123407e+00
3.720000000000000000e+02 8.000000000000000000e+00 2.176644050728806690e+01 2.853750766791291582e+00
3.840000000000000000e+02 8.000000000000000000e+00 2.082472040182764772e+01 2.614906430476299892e+00
3.960000000000000000e+02 8.000000000000000000e+00 2.148303737594862639e+01 3.399832836110900036e+00
4.080000000000000000e+02 8.000000000000000000e+00 2.239339656470274775e+01 3.972348748175779320e+00
4.200000000000000000e+02 8.000000000000000000e+00 2.021301569293659384e+01 2.291595070616956775e+00
4.320000000000000000e+02 8.000000000000000000e+00 1.955156959554160778e+01 2.717229584069805970e+00
4.440000000000000000e+02 8.000000000000000000e+00 1.836394645903329703e+01 6.143627016695618615e-01
4.560000000000000000e+02 8.000000000000000000e+00 1.726810096333948152e+01 7.227018748709913565e-01
4.680000000000000000e+02 8.000000000000000000e+00 1.699746860053456032e+01 -3.072158435905049334e+00
2.400000000000000000e+02 1.000000000000000000e+01 2.154200000000000159e+01 -1.475799999999999912e+01
2.520000000000000000e+02 1.000000000000000000e+01 2.211599999999999966e+01 -1.467300000000000004e+01
2.640000000000000000e+02 1.000000000000000000e+01 2.258399999999999963e+01 -1.458799999999999919e+01
2.760000000000000000e+02 1.000000000000000000e+01 2.305099999999999838e+01 -1.458799999999999919e+01
2.880000000000000000e+02 1.000000000000000000e+01 2.351899999999999835e+01 -1.448199999999999932e+01
3.000000000000000000e+02 1.000000000000000000e+01 2.409299999999999997e+01 -1.437500000000000000e+01
3.120000000000000000e+02 1.000000000000000000e+01 2.456099999999999994e+01 -1.437500000000000000e+01
3.240000000000000000e+02 1.000000000000000000e+01 2.505000000000000071e+01 -1.428999999999999915e+01
3.360000000000000000e+02 1.000000000000000000e+01 2.448575534736767523e+01 -1.499853722043248538e+01
3.480000000000000000e+02 1.000000000000000000e+01 2.388217924883933208e+01 -1.432481162401289509e+01
3.600000000000000000e+02 1.000000000000000000e+01 2.488438143593679541e+01 -1.593124763805503719e+01
3.720000000000000000e+02 1.000000000000000000e+01 2.640205742649739307e+01 -1.651466081212098302e+01
3.840000000000000000e+02 1.000000000000000000e+01 2.666310112399076360e+01 -1.538634431860126028e+01
3.960000000000000000e+02 1.000000000000000000e+01 2.844586559765155087e+01 -1.618682195441111560e+01
4.080000000000000000e+02 1.000000000000000000e+01 2.912587868368616384e+01 -1.403692212333838718e+01
4.200000000000000000e+02 1.000000000000000000e+01 3.060205365607546923e+01 -1.268004734539367107e+01
4.320000000000000000e+02 1.000000000000000000e+01 3.007643468651069085e+01 -1.221150640663853437e+01
4.440000000000000000e+02 1.000000000000000000e+01 3.102743133145543553e+01 -1.118763791954128983e+01
4.560000000000000000e+02 1.000000000000000000e+01 3.072493901296419239e+01 -1.461421018776386127e+01
4.680000000000000000e+02 1.000000000000000000e+01 3.216654652941198123e+01 -1.452757992025111555e+01
2.400000000000000000e+02 1.200000000000000000e+01 -1.954299999999999926e+01 1.424799999999999933e+01
2.520000000000000000e+02 1.200000000000000000e+01 -1.941499999999999915e+01 1.424799999999999933e+01
2.640000000000000000e+02 1.200000000000000000e+01 -1.907499999999999929e+01 1.435399999999999920e+01
2.760000000000000000e+02 1.200000000000000000e+01 -1.882000000000000028e+01 1.435399999999999920e+01
2.880000000000000000e+02 1.200000000000000000e+01 -1.847899999999999920e+01 1.443900000000000006e+01
3.000000000000000000e+02 1.200000000000000000e+01 -1.822400000000000020e+01 1.443900000000000006e+01
3.120000000000000000e+02 1.200000000000000000e+01 -1.788400000000000034e+01 1.452399999999999913e+01
3.240000000000000000e+02 1.200000000000000000e+01 -1.767099999999999937e+01 1.452399999999999913e+01
3.360000000000000000e+02 1.200000000000000000e+01 -1.687830118464826157e+01 1.517499569358086475e+01
3.480000000000000000e+02 1.200000000000000000e+01 -1.600565479944064151e+01 1.517100849148363118e+01
3.600000000000000000e+02 1.200000000000000000e+01 -1.568795769564220599e+01 1.635294669085084251e+01
3.720000000000000000e+02 1.200000000000000000e+01 -1.672284159884587496e+01 1.743258133594025949e+01
3.840000000000000000e+02 1.200000000000000000e+01 -1.646376095319844168e+01 1.697293611542188785e+01
3.960000000000000000e+02 1.200000000000000000e+01 -1.454125547294111698e+01 1.898861079522186301e+01
4.080000000000000000e+02 1.200000000000000000e+01 -1.291292472255157975e+01 1.864362247664474737e+01
4.200000000000000000e+02 1.200000000000000000e+01 -1.239271997750270593e+01 1.758027097281589590e+01
4.320000000000000000e+02 1.200000000000000000e+01 -1.086956429567453597e+01 1.682815383630708439e+01
4.440000000000000000e+02 1.200000000000000000e+01 -1.087483077505016205e+01 1.361753617273636330e+01
4.560000000000000000e+02 1.200000000000000000e+01 -1.204317604103062322e+01 1.342406603743075699e+01
4.680000000000000000e+02 1.200000000000000000e+01 -1.446399489595448884e+01 1.295832501028581873e+01
2.400000000000000000e+02 1.400000000000000000e+01 -2.151999999999999957e+01 6.591999999999999638e+00
2.520000000000000000e+02 1.400000000000000000e+01 -2.115899999999999892e+01 6.676999999999999602e+00
2.640000000000000000e+02 1.400000000000000000e+01 -2.081899999999999906e+01 6.868999999999999773e+00
2.760000000000000000e+02 1.400000000000000000e+01 -2.045700000000000074e+01 6.974999999999999645e+00
2.880000000000000000e+02 1.400000000000000000e+01 -2.011700000000000088e+01 7.166000000000000369e+00
3.000000000000000000e+02 1.400000000000000000e+01 -1.975499999999999901e+01 7.251000000000000334e+00
3.120000000000000000e+02 1.400000000000000000e+01 -1.941499999999999915e+01 7.442999999999999616e+00
3.240000000000000000e+02 1.400000000000000000e+01 -1.905399999999999849e+01 7.655000000000000249e+00
3.360000000000000000e+02 1.400000000000000000e+01 -1.913411366713263817e+01 6.952352256445017531e+00
3.480000000000000000e+02 1.400000000000000000e+01 -1.838417987432414336e+01 7.479667600572991404e+00
3.600000000000000000e+02 1.400000000000000000e+01 -1.948856214595569014e+01 8.889762868936378126e+00
3.720000000000000000e+02 1.400000000000000000e+01 -1.959864968595193702e+01 8.367377326508254498e+00
3.840000000000000000e+02 1.400000000000000000e+01 -2.200437765107893640e+01 7.158668579922173869e+00
3.960000000000000000e+02 1.400000000000000000e+01 -2.262502066346874585e+01 8.829376375547745681e+00
4.080000000000000000e+02 1.400000000000000000e+01 -2.115492792930065846e+01 8.672882821557804434e+00
4.200000000000000000e+02 1.400000000000000000e+01 -1.985289841708166847e+01 6.867908881653941755e+00
4.320000000000000000e+02 1.400000000000000000e+01 -1.993792520013656144e+01 9.429858854487633835e+00
4.440000000000000000e+02 1.400000000000000000e+01 -1.781432843135659638e+01 9.128779450186769395e+00
4.560000000000000000e+02 1.400000000000000000e+01 -1.711222344505749504e+01 8.389165234282305761e+00
4.680000000000000000e+02 1.400000000000000000e+01 -1.662415331138080177e+01 9.550712751357430363e+00
2.400000000000000000e+02 1.600000000000000000e+01 -1.590600000000000058e+01 1.269500000000000028e+01
2.520000000000000000e+02 1.600000000000000000e+01 -1.552399999999999913e+01 1.269500000000000028e+01
2.640000000000000000e+02 1.600000000000000000e+01 -1.531099999999999994e+01 1.269500000000000028e+01
2.760000000000000000e+02 1.600000000000000000e+01 -1.505599999999999916e+01 1.269500000000000028e+01
2.880000000000000000e+02 1.600000000000000000e+01 -1.484299999999999997e+01 1.280199999999999960e+01
3.000000000000000000e+02 1.600000000000000000e+01 -1.450300000000000011e+01 1.280199999999999960e+01
3.120000000000000000e+02 1.600000000000000000e+01 -1.424799999999999933e+01 1.280199999999999960e+01
3.240000000000000000e+02 1.600000000000000000e+01 -1.403500000000000014e+01 1.280199999999999960e+01
3.360000000000000000e+02 1.600000000000000000e+01 -1.281647872951771383e+01 1.212683534296080445e+01
3.480000000000000000e+02 1.600000000000000000e+01 -1.244663786495988234e+01 1.167172469335107010e+01
3.600000000000000000e+02 1.600000000000000000e+01 -1.109395325307737679e+01 1.114772966328349924e+01
3.720000000000000000e+02 1.600000000000000000e+01 -8.297126722604673432e+00 1.146139095142990705e+01
3.840000000000000000e+02 1.600000000000000000e+01 -7.614892880636281447e+00 1.062269591091997611e+01
3.960000000000000000e+02 1.600000000000000000e+01 -5.999526668350666725e+00 1.181364819332329752e+01
4.080000000000000000e+02 1.600000000000000000e+01 -5.211396355000308844e+00 1.152304912945549376e+01
4.200000000000000000e+02 1.600000000000000000e+01 -4.366447447769681744e+00 1.130314246200451755e+01
4.320000000000000000e+02 1.600000000000000000e+01 -4.506642814507315187e+00 1.159288103388594493e+01
4.440000000000000000e+02 1.600000000000000000e+01 -3.851126088082943433e+00 1.375742628642629484e+01
4.560000000000000000e+02 1.600000000000000000e+01 -5.882329551218418828e+00 1.359606452005972699e+01
4.680000000000000000e+02 1.600000000000000000e+01 -1.007815336454399358e+01 1.372331943307263202e+01
2.400000000000000000e+02 1.800000000000000000e+01 -2.339199999999999946e+01 -1.616000000000000103e+00
2.520000000000000000e+02 1.800000000000000000e+01 -2.339199999999999946e+01 -1.616000000000000103e+00
2.640000000000000000e+02 1.800000000000000000e+01 -2.339199999999999946e+01 -1.616000000000000103e+00
2.760000000000000000e+02 1.800000000000000000e+01 -2.339199999999999946e+01 -1.510000000000000009e+00
2.880000000000000000e+02 1.800000000000000000e+01 -2.339199999999999946e+01 -1.510000000000000009e+00
3.000000000000000000e+02 1.800000000000000000e+01 -2.339199999999999946e+01 -1.510000000000000009e+00
3.120000000000000000e+02 1.800000000000000000e+01 -2.339199999999999946e+01 -1.510000000000000009e+00
3.240000000000000000e+02 1.800000000000000000e+01 -2.339199999999999946e+01 -1.510000000000000009e+00
3.360000000000000000e+02 1.800000000000000000e+01 -2.278590636347970744e+01 -3.050962916255210544e+00
3.480000000000000000e+02 1.800000000000000000e+01 -2.247198910062029853e+01 -3.419895674397108287e+00
3.600000000000000000e+02 1.800000000000000000e+01 -2.266739997135118045e+01 -2.555162779688886499e+00
3.720000000000000000e+02 1.800000000000000000e+01 -2.249229450475362668e+01 -2.403162686595706976e+00
3.840000000000000000e+02 1.800000000000000000e+01 -2.193533659568258187e+01 -2.046368088043924338e+00
3.960000000000000000e+02 1.800000000000000000e+01 -2.347487949853921307e+01 -9.444502178319430508e-01
4.080000000000000000e+02 1.800000000000000000e+01 -2.304102568432164944e+01 -1.552765436360235674e+00
4.200000000000000000e+02 1.800000000000000000e+01 -2.423617431081644469e+01 -3.874807347524155121e-01
4.320000000000000000e+02 1.800000000000000000e+01 -2.364708415408779274e+01 2.732010924998713453e-01
4.440000000000000000e+02 1.800000000000000000e+01 -2.332010589231980191e+01 -3.448530344586042684e-01
4.560000000000000000e+02 1.800000000000000000e+01 -2.262043805824112752e+01 1.436438086628056610e+00
4.680000000000000000e+02 1.800000000000000000e+01 -2.310480818947330306e+01 7.378461517897831889e-01
2.400000000000000000e+02 2.000000000000000000e+01 5.100000000000000089e-01 -2.045700000000000074e+01
2.520000000000000000e+02 2.000000000000000000e+01 8.509999999999999787e-01 -2.035099999999999909e+01
2.640000000000000000e+02 2.000000000000000000e+01 1.211999999999999966e+00 -2.018100000000000094e+01
2.760000000000000000e+02 2.000000000000000000e+01 1.552000000000000046e+00 -1.996799999999999997e+01
2.880000000000000000e+02 2.000000000000000000e+01 1.913999999999999924e+00 -1.977700000000000102e+01
3.000000000000000000e+02 2.000000000000000000e+01 2.148000000000000131e+00 -1.958500000000000085e+01
3.120000000000000000e+02 2.000000000000000000e+01 2.487999999999999989e+00 -1.939399999999999835e+01
3.240000000000000000e+02 2.000000000000000000e+01 2.850000000000000089e+00 -1.928699999999999903e+01
3.360000000000000000e+02 2.000000000000000000e+01 1.302225689652275253e+00 -1.872160862955271199e+01
3.480000000000000000e+02 2.000000000000000000e+01 2.633223440293422701e+00 -1.836603822194027202e+01
3.600000000000000000e+02 2.000000000000000000e+01 4.720997907750845712e-01 -1.849568403104723657e+01
3.720000000000000000e+02 2.000000000000000000e+01 -1.559919172735250603e+00 -1.776954611528447714e+01
3.840000000000000000e+02 2.000000000000000000e+01 -2.311570054929232843e+00 -1.860564539638070158e+01
3.960000000000000000e+02 2.000000000000000000e+01 -3.195262540245613181e+00 -1.914462990435893630e+01
4.080000000000000000e+02 2.000000000000000000e+01 -3.911736677667683626e+00 -1.966712423835075185e+01
4.200000000000000000e+02 2.000000000000000000e+01 -2.650304578725558802e+00 -1.848153371680926682e+01
4.320000000000000000e+02 2.000000000000000000e+01 -9.289568736507329838e-01 -1.926464628418916902e+01
4.440000000000000000e+02 2.000000000000000000e+01 2.636977124079953327e+00 -1.791380432368976372e+01
4.560000000000000000e+02 2.000000000000000000e+01 4.464796242149871475e+00 -1.820847947714054271e+01
4.680000000000000000e+02 2.000000000000000000e+01 8.831415926534596395e+00 -1.686242718387529749e+01
