0 1.0 0.295 8.091
10 1.0 1.031 7.852
20 1.0 1.768 7.613
30 1.0 2.515 7.364
40 1.0 3.279 7.099
50 1.0 4.043 6.834
60 1.0 4.851 6.618
70 1.0 5.677 6.424
80 1.0 6.503 6.229
90 1.0 7.324 6.048
100 1.0 8.144 5.867
110 1.0 8.967 5.693
120 1.0 9.824 5.577
130 1.0 10.68 5.462
140 1.0 11.527 5.34
150 1.0 12.333 5.188
160 1.0 13.14 5.037
170 1.0 13.952 4.894
180 1.0 14.782 4.781
190 1.0 15.613 4.668
10 2.0 0.279 9.989
20 2.0 1.064 9.859
30 2.0 1.848 9.729
40 2.0 2.611 9.567
50 2.0 3.363 9.393
60 2.0 4.112 9.202
70 2.0 4.821 8.857
80 2.0 5.531 8.512
90 2.0 6.244 8.151
100 2.0 6.962 7.764
110 2.0 7.681 7.377
120 2.0 8.419 7.013
130 2.0 9.179 6.67
140 2.0 9.947 6.352
150 2.0 10.746 6.133
160 2.0 11.546 5.913
170 2.0 12.334 5.84
180 2.0 13.117 5.831
190 2.0 13.897 5.833
200 2.0 14.665 5.881
230 4.0 15.294 9.097
240 4.0 14.615 9.162
250 4.0 13.936 9.228
260 4.0 13.24 9.338
270 4.0 12.529 9.495
280 4.0 11.818 9.651
290 4.0 11.139 9.851
300 4.0 10.483 10.08
310 4.0 9.83 10.307
320 4.0 9.206 10.52
330 4.0 8.582 10.732
340 4.0 7.947 10.913
350 4.0 7.295 11.048
360 4.0 6.642 11.184
370 4.0 6.004 11.316
380 4.0 5.386 11.443
390 4.0 4.769 11.57
400 4.0 4.141 11.693
410 4.0 3.498 11.809
420 4.0 2.855 11.925
240 5.0 15.042 8.569
250 5.0 14.351 8.58
260 5.0 13.659 8.592
270 5.0 12.948 8.773
280 5.0 12.237 8.954
290 5.0 11.525 9.134
300 5.0 10.804 9.309
310 5.0 10.084 9.483
320 5.0 9.388 9.653
330 5.0 8.716 9.818
340 5.0 8.044 9.983
350 5.0 7.383 10.136
360 5.0 6.724 10.287
370 5.0 6.064 10.438
380 5.0 5.41 10.607
390 5.0 4.756 10.777
400 5.0 4.102 10.947
410 5.0 3.454 11.109
420 5.0 2.806 11.271
430 5.0 2.159 11.42
500 6.0 15.005 9.014
510 6.0 14.576 8.981
520 6.0 14.148 8.946
530 6.0 13.712 8.922
540 6.0 13.265 8.912
550 6.0 12.817 8.902
560 6.0 12.329 9.004
570 6.0 11.84 9.107
580 6.0 11.356 9.197
590 6.0 10.892 9.238
600 6.0 10.427 9.279
610 6.0 9.966 9.326
620 6.0 9.512 9.385
630 6.0 9.059 9.445
640 6.0 8.605 9.51
650 6.0 8.155 9.625
660 6.0 7.705 9.741
670 6.0 7.253 9.852
680 6.0 6.795 9.945
690 6.0 6.336 10.039
610 7.0 11.282 8.098
620 7.0 10.821 8.258
630 7.0 10.393 8.445
640 7.0 10.014 8.676
650 7.0 9.635 8.907
660 7.0 9.253 9.15
670 7.0 8.865 9.411
680 7.0 8.476 9.672
690 7.0 8.075 9.934
700 7.0 7.619 10.203
710 7.0 7.163 10.471
720 7.0 6.654 10.666
730 7.0 6.133 10.842
740 7.0 5.613 10.986
750 7.0 5.095 11.096
760 7.0 4.577 11.206
770 7.0 4.088 11.133
780 7.0 3.604 11.04
790 7.0 3.125 10.958
800 7.0 2.652 10.883
610 8.0 0.183 11.741
620 8.0 0.78 11.617
630 8.0 1.378 11.493
640 8.0 1.969 11.41
650 8.0 2.557 11.344
660 8.0 3.145 11.278
670 8.0 3.74 11.234
680 8.0 4.338 11.196
690 8.0 4.935 11.157
700 8.0 5.497 11.12
710 8.0 6.045 11.085
720 8.0 6.549 11.001
730 8.0 7.03 10.904
740 8.0 7.45 10.879
750 8.0 7.888 10.834
760 8.0 8.391 10.71
770 8.0 8.894 10.585
780 8.0 9.387 10.366
790 8.0 9.878 10.136
800 8.0 10.38 9.891
680 9.0 15.115 9.127
690 9.0 14.45 9.261
700 9.0 13.785 9.395
710 9.0 13.126 9.534
720 9.0 12.479 9.681
730 9.0 11.831 9.827
740 9.0 11.164 9.893
750 9.0 10.493 9.939
760 9.0 9.819 9.993
770 9.0 9.14 10.08
780 9.0 8.461 10.167
790 9.0 7.829 10.3
800 9.0 7.198 10.432
810 9.0 6.556 10.585
820 9.0 5.891 10.785
830 9.0 5.226 10.985
840 9.0 4.566 11.186
850 9.0 3.928 11.387
860 9.0 3.29 11.588
870 9.0 2.652 11.79
680 10.0 15.159 8.389
690 10.0 14.472 8.508
700 10.0 13.784 8.628
710 10.0 13.097 8.747
720 10.0 12.438 8.846
730 10.0 11.784 8.944
740 10.0 11.122 9.037
750 10.0 10.435 9.117
760 10.0 9.747 9.196
770 10.0 9.067 9.285
780 10.0 8.415 9.408
790 10.0 7.763 9.531
800 10.0 7.11 9.66
810 10.0 6.439 9.839
820 10.0 5.768 10.018
830 10.0 5.097 10.197
840 10.0 4.416 10.4
850 10.0 3.734 10.606
860 10.0 3.052 10.811
870 10.0 2.406 10.938
680 12.0 10.43 6.345
690 12.0 10.264 6.005
700 12.0 10.099 5.665
710 12.0 9.933 5.325
720 12.0 9.741 4.92
730 12.0 9.524 4.451
740 12.0 9.306 3.982
750 12.0 9.122 3.556
760 12.0 8.972 3.174
770 12.0 8.821 2.792
780 12.0 8.671 2.41
790 12.0 8.521 2.104
800 12.0 8.37 1.797
810 12.0 8.22 1.49
820 12.0 8.025 1.291
830 12.0 7.786 1.201
840 12.0 7.546 1.11
850 12.0 7.339 1.133
860 12.0 7.153 1.231
870 12.0 6.968 1.33
750 11.0 0.088 7.704
760 11.0 0.636 7.441
770 11.0 1.183 7.179
780 11.0 1.733 6.91
790 11.0 2.297 6.618
800 11.0 2.86 6.325
810 11.0 3.427 6.039
820 11.0 4.023 5.807
830 11.0 4.62 5.575
840 11.0 5.216 5.343
850 11.0 5.848 5.142
860 11.0 6.517 4.974
870 11.0 7.185 4.805
880 11.0 7.854 4.647
890 11.0 8.522 4.575
900 11.0 9.19 4.504
910 11.0 9.859 4.432
920 11.0 10.527 4.365
930 11.0 11.193 4.338
940 11.0 11.86 4.312
890 13.0 15.111 8.759
900 13.0 14.495 8.776
910 13.0 13.879 8.793
920 13.0 13.255 8.833
930 13.0 12.602 8.965
940 13.0 11.949 9.096
950 13.0 11.298 9.246
960 13.0 10.653 9.439
970 13.0 10.008 9.631
980 13.0 9.362 9.817
990 13.0 8.712 9.979
1000 13.0 8.062 10.14
1010 13.0 7.412 10.302
1020 13.0 6.758 10.385
1030 13.0 6.102 10.45
1040 13.0 5.445 10.535
1050 13.0 4.782 10.702
1060 13.0 4.12 10.87
1070 13.0 3.465 11.007
1080 13.0 2.818 11.114
1130 18.0 15.426 8.393
1140 18.0 14.639 8.472
1150 18.0 13.852 8.552
1160 18.0 13.064 8.632
1170 18.0 12.27 8.799
1180 18.0 11.475 8.975
1190 18.0 10.682 9.135
1200 18.0 9.898 9.225
1210 18.0 9.115 9.316
1220 18.0 8.33 9.418
1230 18.0 7.545 9.546
1240 18.0 6.76 9.675
1250 18.0 5.98 9.816
1260 18.0 5.203 9.963
1270 18.0 4.426 10.104
1280 18.0 3.65 10.194
1290 18.0 2.874 10.283
1300 18.0 2.098 10.373
1310 18.0 1.321 10.506
1320 18.0 0.544 10.643
1140 21.0 1.136 7.652
1150 21.0 1.552 7.805
1160 21.0 1.967 7.958
1170 21.0 2.383 8.111
1180 21.0 2.813 8.267
1190 21.0 3.304 8.434
1200 21.0 3.795 8.601
1210 21.0 4.281 8.754
1220 21.0 4.747 8.848
1230 21.0 5.213 8.942
1240 21.0 5.678 9.036
1250 21.0 6.234 9.18
1260 21.0 6.74 9.309
1270 21.0 7.108 9.392
1280 21.0 7.504 9.485
1290 21.0 7.961 9.599
1300 21.0 8.419 9.713
1310 21.0 8.799 9.713
1320 21.0 9.179 9.713
1330 21.0 9.559 9.713
1160 19.0 12.242 7.491
1170 19.0 11.891 7.52
1180 19.0 11.54 7.549
1190 19.0 11.19 7.578
1200 19.0 10.763 7.634
1210 19.0 10.285 7.707
1220 19.0 9.808 7.78
1230 19.0 9.168 7.962
1240 19.0 8.528 8.143
1250 19.0 7.992 8.441
1260 19.0 7.56 8.855
1270 19.0 7.02 9.171
1280 19.0 6.409 9.421
1290 19.0 5.775 9.676
1300 19.0 5.117 9.934
1310 19.0 4.465 10.197
1320 19.0 3.866 10.5
1330 19.0 3.267 10.803
1340 19.0 2.676 11.014
1350 19.0 2.094 11.133
1200 20.0 11.991 8.161
1210 20.0 11.435 8.276
1220 20.0 10.879 8.39
1230 20.0 10.358 8.493
1240 20.0 9.851 8.59
1250 20.0 9.345 8.687
1260 20.0 8.766 8.735
1270 20.0 8.187 8.783
1280 20.0 7.684 8.824
1290 20.0 7.18 8.866
1300 20.0 6.666 8.968
1310 20.0 6.148 9.096
1320 20.0 5.629 9.223
1330 20.0 5.055 9.408
1340 20.0 4.474 9.599
1350 20.0 3.915 9.748
1360 20.0 3.388 9.833
1370 20.0 2.862 9.918
1380 20.0 2.33 10.021
1390 20.0 1.793 10.136
1230 25.0 3.849 4.59
1240 25.0 4.039 4.668
1250 25.0 4.229 4.747
1260 25.0 4.419 4.825
1270 25.0 4.609 4.903
1280 25.0 4.798 4.981
1290 25.0 4.988 5.06
1300 25.0 5.225 5.1
1310 25.0 5.463 5.141
1320 25.0 5.7 5.182
1330 25.0 5.937 5.222
1340 25.0 6.175 5.291
1350 25.0 6.414 5.427
1360 25.0 6.654 5.562
1370 25.0 6.893 5.698
1380 25.0 7.132 5.834
1390 25.0 7.361 5.943
1400 25.0 7.589 6.049
1410 25.0 7.817 6.155
1420 25.0 8.021 6.252
1310 22.0 14.781 5.883
1320 22.0 14.322 5.852
1330 22.0 13.863 5.821
1340 22.0 13.405 5.791
1350 22.0 12.965 5.789
1360 22.0 12.544 5.817
1370 22.0 12.123 5.845
1380 22.0 11.702 5.873
1390 22.0 11.277 5.885
1400 22.0 10.834 5.836
1410 22.0 10.392 5.787
1420 22.0 9.949 5.738
1430 22.0 9.52 5.671
1440 22.0 9.123 5.562
1450 22.0 8.727 5.453
1460 22.0 8.33 5.344
1470 22.0 7.938 5.303
1480 22.0 7.548 5.28
1490 22.0 7.158 5.257
1500 22.0 6.768 5.234
1310 23.0 14.939 5.155
1320 23.0 14.5 5.155
1330 23.0 14.06 5.155
1340 23.0 13.621 5.155
1350 23.0 13.176 5.166
1360 23.0 12.731 5.18
1370 23.0 12.285 5.194
1380 23.0 11.849 5.189
1390 23.0 11.428 5.156
1400 23.0 11.007 5.123
1410 23.0 10.586 5.09
1420 23.0 10.182 5.031
1430 23.0 9.782 4.965
1440 23.0 9.383 4.9
1450 23.0 8.983 4.834
1460 23.0 8.579 4.767
1470 23.0 8.174 4.7
1480 23.0 7.769 4.632
1490 23.0 7.365 4.565
1500 23.0 6.91 4.53
1310 24.0 14.936 4.413
1320 24.0 14.479 4.399
1330 24.0 14.022 4.385
1340 24.0 13.565 4.372
1350 24.0 13.126 4.347
1360 24.0 12.695 4.318
1370 24.0 12.263 4.289
1380 24.0 11.832 4.26
1390 24.0 11.459 4.12
1400 24.0 11.126 3.906
1410 24.0 10.792 3.692
1420 24.0 10.423 3.525
1430 24.0 10.039 3.377
1440 24.0 9.655 3.23
1450 24.0 9.232 3.135
1460 24.0 8.716 3.165
1470 24.0 8.201 3.195
1480 24.0 7.685 3.225
1490 24.0 7.172 3.27
1500 24.0 6.665 3.349
1370 27.0 6.367 0.491
1380 27.0 6.39 1.139
1390 27.0 6.412 1.787
1400 27.0 6.428 2.382
1410 27.0 6.44 2.955
1420 27.0 6.452 3.527
1430 27.0 6.461 4.085
1440 27.0 6.461 4.58
1450 27.0 6.461 5.076
1460 27.0 6.461 5.572
1470 27.0 6.479 6.064
1480 27.0 6.537 6.547
1490 27.0 6.595 7.03
1500 27.0 6.652 7.514
1510 27.0 6.744 7.971
1520 27.0 6.917 8.369
1530 27.0 7.089 8.767
1540 27.0 7.261 9.165
1550 27.0 7.405 9.504
1560 27.0 7.549 9.843
1430 26.0 8.171 6.327
1440 26.0 8.321 6.402
1450 26.0 8.47 6.478
1460 26.0 8.611 6.546
1470 26.0 8.743 6.607
1480 26.0 8.875 6.668
1490 26.0 9.007 6.729
1500 26.0 9.101 6.781
1510 26.0 9.038 6.795
1520 26.0 8.975 6.809
1530 26.0 8.913 6.823
1540 26.0 8.85 6.838
1550 26.0 8.787 6.852
1560 26.0 8.725 6.866
1570 26.0 8.662 6.88
1580 26.0 8.6 6.894
1590 26.0 8.457 6.858
1600 26.0 8.294 6.808
1610 26.0 8.131 6.759
1620 26.0 7.968 6.709
1560 28.0 9.766 9.217
1570 28.0 9.769 9.169
1580 28.0 9.771 9.12
1590 28.0 9.774 9.072
1600 28.0 9.776 9.024
1610 28.0 9.778 8.976
1620 28.0 9.781 8.927
1630 28.0 9.783 8.879
1640 28.0 9.785 8.831
1650 28.0 9.675 8.605
1660 28.0 9.451 8.202
1670 28.0 9.185 7.656
1680 28.0 8.973 7.066
1690 28.0 8.82 6.447
1700 28.0 8.69 5.856
1710 28.0 8.611 5.329
1720 28.0 8.532 4.802
1730 28.0 8.474 4.394
1740 28.0 8.419 4.0
1750 28.0 8.406 3.699
1560 29.0 0.844 7.509
1570 29.0 1.049 7.352
1580 29.0 1.254 7.195
1590 29.0 1.459 7.038
1600 29.0 1.664 6.881
1610 29.0 1.967 6.76
1620 29.0 2.295 6.647
1630 29.0 2.623 6.535
1640 29.0 2.968 6.476
1650 29.0 3.336 6.496
1660 29.0 3.704 6.515
1670 29.0 4.072 6.535
1680 29.0 4.508 6.579
1690 29.0 4.96 6.628
1700 29.0 5.411 6.677
1710 29.0 5.838 6.694
1720 29.0 6.226 6.665
1730 29.0 6.614 6.635
1740 29.0 6.984 6.576
1750 29.0 7.283 6.398
1780 30.0 12.813 9.162
1790 30.0 12.238 9.393
1800 30.0 11.663 9.623
1810 30.0 11.091 9.861
1820 30.0 10.527 10.115
1830 30.0 9.964 10.369
1840 30.0 9.398 10.622
1850 30.0 8.823 10.869
1860 30.0 8.247 11.115
1870 30.0 7.675 11.334
1880 30.0 7.117 11.445
1890 30.0 6.559 11.555
1900 30.0 6.012 11.586
1910 30.0 5.473 11.565
1920 30.0 4.935 11.544
1930 30.0 4.404 11.513
1940 30.0 3.902 11.443
1950 30.0 3.401 11.373
1960 30.0 2.899 11.303
1970 30.0 2.386 11.393
1780 31.0 1.784 11.06
1790 31.0 2.4 10.857
1800 31.0 3.016 10.654
1810 31.0 3.591 10.45
1820 31.0 4.14 10.245
1830 31.0 4.689 10.041
1840 31.0 5.321 9.899
1850 31.0 5.975 9.774
1860 31.0 6.609 9.659
1870 31.0 7.24 9.544
1880 31.0 7.858 9.365
1890 31.0 8.468 9.143
1900 31.0 9.078 8.921
1910 31.0 9.744 8.694
1920 31.0 10.434 8.465
1930 31.0 11.128 8.276
1940 31.0 11.837 8.25
1950 31.0 12.547 8.223
1960 31.0 13.243 8.203
1970 31.0 13.925 8.188
2040 33.0 0.146 10.352
2050 33.0 0.763 10.294
2060 33.0 1.38 10.237
2070 33.0 1.996 10.154
2080 33.0 2.613 9.974
2090 33.0 3.23 9.792
2100 33.0 3.825 9.619
2110 33.0 4.37 9.462
2120 33.0 4.914 9.306
2130 33.0 5.445 9.125
2140 33.0 5.955 8.908
2150 33.0 6.465 8.692
2160 33.0 6.976 8.484
2170 33.0 7.491 8.358
2180 33.0 8.006 8.233
2190 33.0 8.521 8.107
2200 33.0 9.017 7.997
2210 33.0 9.467 7.923
2220 33.0 9.916 7.849
2230 33.0 10.395 7.764
2110 35.0 0.182 8.361
2120 35.0 0.638 8.321
2130 35.0 1.094 8.281
2140 35.0 1.56 8.228
2150 35.0 2.04 8.153
2160 35.0 2.52 8.079
2170 35.0 2.993 8.024
2180 35.0 3.437 8.05
2190 35.0 3.88 8.075
2200 35.0 4.332 8.111
2210 35.0 4.798 8.161
2220 35.0 5.264 8.212
2230 35.0 5.729 8.25
2240 35.0 6.2 8.179
2250 35.0 6.67 8.107
2260 35.0 7.143 8.035
2270 35.0 7.647 7.955
2280 35.0 8.151 7.876
2290 35.0 8.655 7.796
2300 35.0 9.138 7.62
2150 36.0 14.859 6.125
2160 36.0 14.227 6.202
2170 36.0 13.596 6.278
2180 36.0 12.975 6.344
2190 36.0 12.369 6.391
2200 36.0 11.762 6.439
2210 36.0 11.103 6.487
2220 36.0 10.438 6.535
2230 36.0 9.759 6.591
2240 36.0 9.057 6.661
2250 36.0 8.355 6.73
2260 36.0 7.724 6.86
2270 36.0 7.093 6.989
2280 36.0 6.447 7.123
2290 36.0 5.791 7.261
2300 36.0 5.135 7.398
2310 36.0 4.504 7.509
2320 36.0 3.873 7.619
2330 36.0 3.225 7.725
2340 36.0 2.553 7.826
2200 37.0 6.003 12.44
2210 37.0 6.024 12.111
2220 37.0 6.046 11.782
2230 37.0 6.072 11.445
2240 37.0 6.109 11.091
2250 37.0 6.145 10.737
2260 37.0 6.175 10.379
2270 37.0 6.196 10.012
2280 37.0 6.217 9.647
2290 37.0 6.233 9.281
2300 37.0 6.24 8.914
2310 37.0 6.248 8.547
2320 37.0 6.213 8.215
2330 37.0 6.15 7.904
2340 37.0 6.087 7.594
2350 37.0 5.98 7.255
2360 37.0 5.845 6.897
2370 37.0 5.71 6.539
2380 37.0 5.706 6.257
2390 37.0 5.735 5.994
2440 40.0 14.886 6.563
2450 40.0 14.182 6.802
2460 40.0 13.477 7.04
2470 40.0 12.735 7.24
2480 40.0 11.989 7.435
2490 40.0 11.28 7.612
2500 40.0 10.587 7.781
2510 40.0 9.893 7.934
2520 40.0 9.194 8.049
2530 40.0 8.495 8.163
2540 40.0 7.759 8.21
2550 40.0 7.014 8.24
2560 40.0 6.306 8.296
2570 40.0 5.653 8.391
2580 40.0 5.001 8.487
2590 40.0 4.305 8.547
2600 40.0 3.546 8.556
2610 40.0 2.787 8.565
2620 40.0 2.056 8.66
2630 40.0 1.344 8.815
2440 41.0 15.281 9.021
2450 41.0 14.506 9.021
2460 41.0 13.732 9.021
2470 41.0 12.958 9.021
2480 41.0 12.151 9.196
2490 41.0 11.34 9.391
2500 41.0 10.535 9.598
2510 41.0 9.755 9.857
2520 41.0 8.975 10.115
2530 41.0 8.226 10.381
2540 41.0 7.485 10.648
2550 41.0 6.758 10.934
2560 41.0 6.066 11.262
2570 41.0 5.373 11.59
2580 41.0 4.72 11.889
2590 41.0 4.072 12.185
2600 41.0 3.441 12.499
2610 41.0 2.836 12.839
2620 41.0 2.231 13.179
2630 41.0 1.626 13.519
2730 43.0 15.235 9.047
2740 43.0 14.514 9.038
2750 43.0 13.793 9.029
2760 43.0 13.083 9.05
2770 43.0 12.409 9.193
2780 43.0 11.736 9.336
2790 43.0 11.073 9.602
2800 43.0 10.415 9.92
2810 43.0 9.752 10.21
2820 43.0 9.075 10.431
2830 43.0 8.399 10.653
2840 43.0 7.745 10.9
2850 43.0 7.114 11.173
2860 43.0 6.482 11.445
2870 43.0 5.868 11.688
2880 43.0 5.261 11.917
2890 43.0 4.649 12.141
2900 43.0 3.995 12.312
2910 43.0 3.341 12.482
2920 43.0 2.696 12.653
2730 44.0 10.049 6.892
2740 44.0 10.0 7.155
2750 44.0 9.951 7.418
2760 44.0 9.902 7.68
2770 44.0 9.841 7.998
2780 44.0 9.777 8.33
2790 44.0 9.706 8.588
2800 44.0 9.629 8.771
2810 44.0 9.552 8.954
2820 44.0 9.362 9.087
2830 44.0 9.06 9.17
2840 44.0 8.782 9.23
2850 44.0 8.597 9.2
2860 44.0 8.413 9.171
2870 44.0 8.229 9.141
2880 44.0 8.067 9.018
2890 44.0 7.904 8.895
2900 44.0 7.742 8.772
2910 44.0 7.673 8.651
2920 44.0 7.698 8.532
2950 46.0 15.113 7.655
2960 46.0 14.465 7.711
2970 46.0 13.818 7.766
2980 46.0 13.166 7.844
2990 46.0 12.503 7.976
3000 46.0 11.841 8.109
3010 46.0 11.213 8.249
3020 46.0 10.609 8.395
3030 46.0 9.994 8.542
3040 46.0 9.353 8.694
3050 46.0 8.712 8.848
3060 46.0 8.073 9.019
3070 46.0 7.433 9.191
3080 46.0 6.775 9.366
3090 46.0 6.104 9.543
3100 46.0 5.434 9.72
3110 46.0 4.785 9.852
3120 46.0 4.139 9.98
3130 46.0 3.49 10.106
3140 46.0 2.821 10.208
2960 47.0 14.691 8.306
2970 47.0 14.104 8.356
2980 47.0 13.515 8.413
2990 47.0 12.912 8.532
3000 47.0 12.309 8.651
3010 47.0 11.697 8.831
3020 47.0 11.084 9.018
3030 47.0 10.435 9.207
3040 47.0 9.761 9.398
3050 47.0 9.094 9.59
3060 47.0 8.479 9.791
3070 47.0 7.865 9.991
3080 47.0 7.235 10.197
3090 47.0 6.595 10.407
3100 47.0 5.954 10.607
3110 47.0 5.305 10.706
3120 47.0 4.657 10.805
3130 47.0 3.995 10.877
3140 47.0 3.329 10.937
3150 47.0 2.675 11.005
2960 48.0 14.707 9.007
2970 48.0 14.11 8.978
2980 48.0 13.512 8.95
2990 48.0 12.99 9.065
3000 48.0 12.467 9.18
3010 48.0 11.92 9.338
3020 48.0 11.315 9.596
3030 48.0 10.71 9.855
3040 48.0 10.113 10.06
3050 48.0 9.517 10.258
3060 48.0 8.915 10.434
3070 48.0 8.309 10.587
3080 48.0 7.703 10.74
3090 48.0 7.017 10.886
3100 48.0 6.332 11.032
3110 48.0 5.646 11.179
3120 48.0 4.993 11.345
3130 48.0 4.344 11.514
3140 48.0 3.704 11.65
3150 48.0 3.073 11.752
3010 49.0 8.891 8.481
3020 49.0 9.199 8.335
3030 49.0 9.506 8.188
3040 49.0 9.862 8.12
3050 49.0 10.264 8.13
3060 49.0 10.662 8.137
3070 49.0 11.037 8.128
3080 49.0 11.413 8.119
3090 49.0 11.845 8.136
3100 49.0 12.362 8.19
3110 49.0 12.826 8.264
3120 49.0 13.081 8.415
3130 49.0 13.327 8.486
3140 49.0 13.555 8.371
3150 49.0 13.782 8.257
3160 49.0 13.629 8.186
3170 49.0 13.38 8.126
3180 49.0 13.131 8.067
3190 49.0 12.882 8.007
3200 49.0 12.634 7.947
3040 50.0 0.112 10.188
3050 50.0 0.469 9.974
3060 50.0 0.827 9.759
3070 50.0 1.185 9.544
3080 50.0 1.547 9.36
3090 50.0 1.91 9.179
3100 50.0 2.273 8.997
3110 50.0 2.592 8.891
3120 50.0 2.912 8.783
3130 50.0 3.219 8.681
3140 50.0 3.416 8.619
3150 50.0 3.613 8.558
3160 50.0 3.809 8.496
3170 50.0 3.859 8.488
3180 50.0 3.909 8.479
3190 50.0 3.958 8.471
3200 50.0 4.007 8.463
3210 50.0 4.057 8.454
3220 50.0 4.107 8.446
3230 50.0 4.156 8.437
3100 52.0 0.118 12.916
3110 52.0 0.442 12.852
3120 52.0 0.766 12.788
3130 52.0 1.077 12.747
3140 52.0 1.382 12.716
3150 52.0 1.688 12.685
3160 52.0 1.94 12.641
3170 52.0 2.156 12.588
3180 52.0 2.372 12.535
3190 52.0 2.589 12.482
3200 52.0 2.738 12.374
3210 52.0 2.887 12.266
3220 52.0 3.037 12.159
3230 52.0 3.17 12.0
3240 52.0 3.302 11.836
3250 52.0 3.433 11.672
3260 52.0 3.54 11.494
3270 52.0 3.636 11.31
3280 52.0 3.732 11.126
3290 52.0 3.836 10.941
3200 54.0 14.702 9.063
3210 54.0 14.045 9.05
3220 54.0 13.343 9.157
3230 54.0 12.622 9.316
3240 54.0 11.954 9.51
3250 54.0 11.323 9.728
3260 54.0 10.689 9.946
3270 54.0 10.049 10.166
3280 54.0 9.409 10.386
3290 54.0 8.747 10.62
3300 54.0 8.079 10.859
3310 54.0 7.416 11.078
3320 54.0 6.758 11.277
3330 54.0 6.1 11.47
3340 54.0 5.431 11.615
3350 54.0 4.762 11.76
3360 54.0 4.102 11.913
3370 54.0 3.463 12.086
3380 54.0 2.825 12.259
3390 54.0 2.195 12.427
3240 51.0 4.206 8.429
3250 51.0 4.399 8.38
3260 51.0 4.735 8.292
3270 51.0 5.072 8.203
3280 51.0 5.409 8.114
3290 51.0 5.842 7.995
3300 51.0 6.274 7.876
3310 51.0 6.707 7.756
3320 51.0 7.189 7.637
3330 51.0 7.744 7.518
3340 51.0 8.299 7.398
3350 51.0 8.855 7.279
3360 51.0 9.392 7.098
3370 51.0 9.924 6.902
3380 51.0 10.456 6.705
3390 51.0 11.011 6.547
3400 51.0 11.599 6.449
3410 51.0 12.187 6.35
3420 51.0 12.744 6.284
3430 51.0 13.27 6.251
3300 53.0 3.967 10.755
3310 53.0 4.099 10.568
3320 53.0 4.23 10.382
3330 53.0 4.415 10.223
3340 53.0 4.6 10.064
3350 53.0 4.785 9.904
3360 53.0 4.984 9.729
3370 53.0 5.188 9.546
3380 53.0 5.392 9.364
3390 53.0 5.607 9.208
3400 53.0 5.846 9.116
3410 53.0 6.085 9.024
3420 53.0 6.324 8.932
3430 53.0 6.564 8.84
3440 53.0 6.855 8.761
3450 53.0 7.152 8.684
3460 53.0 7.449 8.607
3470 53.0 7.778 8.606
3480 53.0 8.138 8.683
3490 53.0 8.497 8.76
3460 55.0 -0.162 11.055
3470 55.0 0.728 10.958
3480 55.0 1.618 10.86
3490 55.0 2.498 10.782
3500 55.0 3.369 10.725
3510 55.0 4.24 10.667
3520 55.0 5.077 10.617
3530 55.0 5.893 10.573
3540 55.0 6.709 10.528
3550 55.0 7.513 10.448
3560 55.0 8.3 10.315
3570 55.0 9.087 10.183
3580 55.0 9.876 10.036
3590 55.0 10.665 9.882
3600 55.0 11.455 9.729
3610 55.0 12.233 9.676
3620 55.0 13.011 9.635
3630 55.0 13.806 9.543
3640 55.0 14.611 9.419
3650 55.0 15.416 9.294
3520 56.0 0.132 11.04
3530 56.0 0.816 10.938
3540 56.0 1.5 10.835
3550 56.0 2.181 10.742
3560 56.0 2.857 10.67
3570 56.0 3.533 10.597
3580 56.0 4.209 10.525
3590 56.0 4.888 10.44
3600 56.0 5.567 10.355
3610 56.0 6.246 10.271
3620 56.0 6.882 10.202
3630 56.0 7.514 10.135
3640 56.0 8.125 10.088
3650 56.0 8.706 10.069
3660 56.0 9.287 10.049
3670 56.0 9.84 10.006
3680 56.0 10.39 9.96
3690 56.0 10.948 9.879
3700 56.0 11.521 9.714
3710 56.0 12.095 9.55
3970 60.0 14.764 8.08
3980 60.0 14.0 8.292
3990 60.0 13.236 8.504
4000 60.0 12.553 8.806
4010 60.0 11.906 9.145
4020 60.0 11.256 9.497
4030 60.0 10.582 9.955
4040 60.0 9.909 10.413
4050 60.0 9.226 10.773
4060 60.0 8.538 11.066
4070 60.0 7.85 11.36
4080 60.0 7.121 11.505
4090 60.0 6.392 11.65
4100 60.0 5.655 11.791
4110 60.0 4.889 11.919
4120 60.0 4.122 12.047
4130 60.0 3.367 12.192
4140 60.0 2.631 12.363
4150 60.0 1.894 12.533
4160 60.0 1.195 12.727
3990 62.0 3.379 7.155
4000 62.0 3.688 7.436
4010 62.0 3.998 7.717
4020 62.0 4.307 7.998
4030 62.0 4.736 8.278
4040 62.0 5.285 8.559
4050 62.0 5.829 8.83
4060 62.0 6.352 9.069
4070 62.0 6.874 9.308
4080 62.0 7.39 9.544
4090 62.0 7.89 9.772
4100 62.0 8.39 10.001
4110 62.0 8.802 10.36
4120 62.0 9.205 10.733
4130 62.0 9.572 10.968
4140 62.0 9.917 11.108
4150 62.0 10.274 11.149
4160 62.0 10.651 11.04
4170 62.0 11.028 10.931
4180 62.0 11.184 10.599
4220 64.0 2.294 11.34
4230 64.0 2.925 11.14
4240 64.0 3.557 10.939
4250 64.0 4.18 10.707
4260 64.0 4.799 10.453
4270 64.0 5.417 10.2
4280 64.0 6.031 9.908
4290 64.0 6.64 9.558
4300 64.0 7.249 9.209
4310 64.0 7.886 8.92
4320 64.0 8.542 8.672
4330 64.0 9.197 8.425
4340 64.0 9.809 8.425
4350 64.0 10.421 8.425
4360 64.0 11.032 8.425
4370 64.0 11.695 8.496
4380 64.0 12.37 8.586
4390 64.0 13.053 8.6
4400 64.0 13.746 8.502
4410 64.0 14.439 8.404
4220 65.0 6.877 9.056
4230 65.0 6.742 9.588
4240 65.0 6.609 10.119
4250 65.0 6.417 10.683
4260 65.0 6.226 11.247
4270 65.0 6.044 11.685
4280 65.0 5.865 12.092
4290 65.0 5.68 12.478
4300 65.0 5.441 12.673
4310 65.0 5.201 12.868
4320 65.0 5.097 12.689
4330 65.0 5.008 12.469
4340 65.0 4.937 12.211
4350 65.0 4.909 11.864
4360 65.0 4.875 11.514
4370 65.0 4.792 11.14
4380 65.0 4.71 10.767
4390 65.0 4.606 10.539
4400 65.0 4.496 10.348
4410 65.0 4.387 10.157
4270 66.0 11.245 7.967
4280 66.0 10.843 8.112
4290 66.0 10.441 8.256
4300 66.0 10.039 8.401
4310 66.0 9.481 8.75
4320 66.0 8.922 9.098
4330 66.0 8.331 9.327
4340 66.0 7.691 9.375
4350 66.0 7.051 9.422
4360 66.0 6.448 9.344
4370 66.0 5.849 9.253
4380 66.0 5.272 9.155
4390 66.0 4.746 9.045
4400 66.0 4.22 8.935
4410 66.0 3.756 8.793
4420 66.0 3.319 8.637
4430 66.0 2.877 8.492
4440 66.0 2.388 8.454
4450 66.0 1.9 8.416
4460 66.0 1.531 8.481
4280 67.0 15.224 7.173
4290 67.0 14.45 7.106
4300 67.0 13.675 7.04
4310 67.0 12.888 6.993
4320 67.0 12.07 6.993
4330 67.0 11.253 6.993
4340 67.0 10.467 7.062
4350 67.0 9.695 7.162
4360 67.0 8.959 7.292
4370 67.0 8.304 7.496
4380 67.0 7.649 7.699
4390 67.0 7.004 7.934
4400 67.0 6.364 8.192
4410 67.0 5.725 8.449
4420 67.0 4.984 8.687
4430 67.0 4.243 8.926
4440 67.0 3.512 9.151
4450 67.0 2.792 9.362
4460 67.0 2.071 9.573
4470 67.0 1.406 9.895
4310 68.0 10.313 9.618
4320 68.0 9.892 9.484
4330 68.0 9.408 9.272
4340 68.0 8.829 8.944
4350 68.0 8.261 8.699
4360 68.0 7.698 8.478
4370 68.0 7.145 8.27
4380 68.0 6.609 8.067
4390 68.0 6.082 7.868
4400 68.0 5.578 7.677
4410 68.0 5.08 7.489
4420 68.0 4.492 7.413
4430 68.0 3.894 7.351
4440 68.0 3.324 7.291
4450 68.0 2.754 7.231
4460 68.0 2.165 7.119
4470 68.0 1.564 6.971
4480 68.0 0.986 6.693
4490 68.0 0.434 6.286
4500 68.0 -0.118 5.878
4510 69.0 9.428 13.047
4520 69.0 9.374 12.79
4530 69.0 9.32 12.533
4540 69.0 9.266 12.276
4550 69.0 9.239 11.989
4560 69.0 9.239 11.67
4570 69.0 9.239 11.352
4580 69.0 9.245 11.037
4590 69.0 9.274 10.732
4600 69.0 9.303 10.428
4610 69.0 9.324 10.122
4620 69.0 9.324 9.811
4630 69.0 9.303 9.479
4640 69.0 9.236 9.096
4650 69.0 9.168 8.712
4660 69.0 9.123 8.331
4670 69.0 9.102 7.952
4680 69.0 9.08 7.574
4690 69.0 9.08 7.192
4700 69.0 9.095 6.809
4510 70.0 10.198 13.383
4520 70.0 10.227 13.07
4530 70.0 10.256 12.758
4540 70.0 10.268 12.46
4550 70.0 10.263 12.179
4560 70.0 10.257 11.897
4570 70.0 10.252 11.616
4580 70.0 10.273 11.304
4590 70.0 10.311 10.971
4600 70.0 10.349 10.638
4610 70.0 10.395 10.297
4620 70.0 10.457 9.934
4630 70.0 10.519 9.572
4640 70.0 10.518 9.254
4650 70.0 10.475 8.966
4660 70.0 10.431 8.678
4670 70.0 10.457 8.336
4680 70.0 10.513 7.97
4690 70.0 10.57 7.604
4700 70.0 10.658 7.189
4600 73.0 0.17 9.853
4610 73.0 0.818 9.816
4620 73.0 1.465 9.78
4630 73.0 2.099 9.725
4640 73.0 2.72 9.654
4650 73.0 3.342 9.558
4660 73.0 3.963 9.439
4670 73.0 4.583 9.318
4680 73.0 5.198 9.194
4690 73.0 5.812 9.07
4700 73.0 6.413 8.954
4710 73.0 7.011 8.839
4720 73.0 7.639 8.722
4730 73.0 8.338 8.597
4740 73.0 9.037 8.473
4750 73.0 9.681 8.376
4760 73.0 10.313 8.285
4770 73.0 10.97 8.206
4780 73.0 11.637 8.132
4790 73.0 12.305 8.058
4610 74.0 0.449 10.2
4620 74.0 1.178 10.123
4630 74.0 1.907 10.047
4640 74.0 2.593 10.002
4650 74.0 3.261 9.971
4660 74.0 3.919 9.92
4670 74.0 4.56 9.841
4680 74.0 5.214 9.762
4690 74.0 5.898 9.685
4700 74.0 6.582 9.609
4710 74.0 7.252 9.495
4720 74.0 7.907 9.345
4730 74.0 8.561 9.195
4740 74.0 9.222 9.051
4750 74.0 9.885 8.91
4760 74.0 10.546 8.776
4770 74.0 11.2 8.71
4780 74.0 11.853 8.644
4790 74.0 12.495 8.585
4800 74.0 13.096 8.549
4640 75.0 -0.1 11.481
4650 75.0 0.466 11.298
4660 75.0 1.033 11.114
4670 75.0 1.6 10.931
4680 75.0 2.176 11.006
4690 75.0 2.765 11.047
4700 75.0 3.458 10.859
4710 75.0 4.109 10.859
4720 75.0 4.775 10.854
4730 75.0 5.496 10.832
4740 75.0 6.21 10.799
4750 75.0 6.859 10.68
4760 75.0 7.508 10.561
4770 75.0 8.078 10.282
4780 75.0 8.614 9.935
4790 75.0 9.057 9.496
4800 75.0 9.311 8.826
4810 75.0 9.506 8.15
4820 75.0 9.704 7.532
4830 75.0 9.723 6.866
4680 76.0 0.328 7.055
4690 76.0 0.899 7.37
4700 76.0 1.47 7.686
4710 76.0 1.929 8.114
4720 76.0 2.34 8.592
4730 76.0 2.668 9.063
4740 76.0 2.94 9.53
4750 76.0 3.241 9.967
4760 76.0 3.662 10.278
4770 76.0 4.083 10.589
4780 76.0 4.528 10.746
4790 76.0 4.975 10.885
4800 76.0 5.393 10.907
4810 76.0 5.783 10.811
4820 76.0 6.003 10.661
4830 76.0 6.053 10.455
4840 76.0 6.104 10.249
4850 76.0 6.024 9.966
4860 76.0 5.855 9.632
4870 76.0 5.687 9.298
4690 77.0 -0.015 9.26
4700 77.0 0.584 9.021
4710 77.0 1.142 8.696
4720 77.0 1.66 8.289
4730 77.0 2.179 7.892
4740 77.0 2.789 7.542
4750 77.0 3.412 7.209
4760 77.0 4.067 6.983
4770 77.0 4.759 6.768
4780 77.0 5.537 6.577
4790 77.0 6.31 6.376
4800 77.0 7.067 6.149
4810 77.0 7.835 5.961
4820 77.0 8.628 5.863
4830 77.0 9.45 5.725
4840 77.0 10.292 5.561
4850 77.0 11.052 5.455
4860 77.0 11.818 5.353
4870 77.0 12.607 5.27
4880 77.0 13.396 5.186
4910 79.0 0.084 8.329
4920 79.0 0.538 8.329
4930 79.0 1.0 8.325
4940 79.0 1.53 8.281
4950 79.0 2.06 8.236
4960 79.0 2.582 8.178
4970 79.0 3.09 8.098
4980 79.0 3.599 8.019
4990 79.0 4.155 7.874
5000 79.0 4.711 7.729
5010 79.0 5.27 7.591
5020 79.0 5.838 7.48
5030 79.0 6.407 7.368
5040 79.0 6.973 7.249
5050 79.0 7.535 7.099
5060 79.0 8.096 6.949
5070 79.0 8.651 6.843
5080 79.0 9.201 6.781
5090 79.0 9.751 6.719
5100 79.0 10.305 6.659
4910 80.0 -0.039 8.821
4920 80.0 0.472 8.867
4930 80.0 0.983 8.912
4940 80.0 1.496 8.946
4950 80.0 2.01 8.975
4960 80.0 2.523 8.974
4970 80.0 3.034 8.854
4980 80.0 3.545 8.735
4990 80.0 4.02 8.6
5000 80.0 4.457 8.438
5010 80.0 4.96 8.266
5020 80.0 5.519 8.125
5030 80.0 6.162 8.032
5040 80.0 6.719 7.989
5050 80.0 7.219 7.979
5060 80.0 7.732 7.947
5070 80.0 8.295 7.828
5080 80.0 8.859 7.709
5090 80.0 9.415 7.619
5100 80.0 9.958 7.572
4960 82.0 14.943 9.93
4970 82.0 14.312 10.06
4980 82.0 13.68 10.189
4990 82.0 13.049 10.319
5000 82.0 12.449 10.435
5010 82.0 11.863 10.546
5020 82.0 11.277 10.657
5030 82.0 10.656 10.764
5040 82.0 10.033 10.87
5050 82.0 9.406 10.987
5060 82.0 8.765 11.15
5070 82.0 8.124 11.312
5080 82.0 7.446 11.445
5090 82.0 6.768 11.578
5100 82.0 6.099 11.706
5110 82.0 5.451 11.826
5120 82.0 4.803 11.945
5130 82.0 4.142 12.027
5140 82.0 3.474 12.093
5150 82.0 2.806 12.159
4960 83.0 15.153 8.933
4970 83.0 14.522 9.018
4980 83.0 13.891 9.103
4990 83.0 13.259 9.188
5000 83.0 12.598 9.299
5010 83.0 11.936 9.41
5020 83.0 11.282 9.541
5030 83.0 10.658 9.755
5040 83.0 10.034 9.969
5050 83.0 9.401 10.172
5060 83.0 8.746 10.349
5070 83.0 8.091 10.526
5080 83.0 7.463 10.649
5090 83.0 6.853 10.737
5100 83.0 6.242 10.824
5110 83.0 5.605 10.953
5120 83.0 4.949 11.109
5130 83.0 4.293 11.265
5140 83.0 3.647 11.38
5150 83.0 3.0 11.495
5010 84.0 0.18 11.602
5020 84.0 0.925 11.393
5030 84.0 1.67 11.184
5040 84.0 2.405 10.949
5050 84.0 3.134 10.701
5060 84.0 3.863 10.454
5070 84.0 4.609 10.2
5080 84.0 5.356 9.945
5090 84.0 6.103 9.69
5100 84.0 6.903 9.613
5110 84.0 7.703 9.537
5120 84.0 8.496 9.463
5130 84.0 9.284 9.393
5140 84.0 10.071 9.322
5150 84.0 10.863 9.256
5160 84.0 11.657 9.192
5170 84.0 12.443 9.139
5180 84.0 13.202 9.133
5190 84.0 13.961 9.127
5200 84.0 14.719 9.121
5230 87.0 5.098 11.218
5240 87.0 5.612 11.156
5250 87.0 6.127 11.094
5260 87.0 6.641 11.032
5270 87.0 7.149 10.932
5280 87.0 7.655 10.828
5290 87.0 8.161 10.723
5300 87.0 8.684 10.636
5310 87.0 9.214 10.557
5320 87.0 9.745 10.477
5330 87.0 10.262 10.388
5340 87.0 10.779 10.298
5350 87.0 11.297 10.169
5360 87.0 11.815 10.013
5370 87.0 12.333 9.857
5380 87.0 12.859 9.664
5390 87.0 13.386 9.471
5400 87.0 13.898 9.292
5410 87.0 14.389 9.133
5420 87.0 14.88 8.974
5240 88.0 14.842 8.292
5250 88.0 14.346 8.36
5260 88.0 13.85 8.428
5270 88.0 13.346 8.547
5280 88.0 12.839 8.688
5290 88.0 12.353 8.774
5300 88.0 11.889 8.804
5310 88.0 11.421 8.844
5320 88.0 10.924 8.977
5330 88.0 10.427 9.111
5340 88.0 9.946 9.262
5350 88.0 9.474 9.424
5360 88.0 9.003 9.588
5370 88.0 8.539 9.767
5380 88.0 8.074 9.946
5390 88.0 7.58 9.97
5400 88.0 7.073 9.926
5410 88.0 6.578 9.92
5420 88.0 6.096 9.951
5430 88.0 5.614 9.981
5240 89.0 14.81 8.876
5250 89.0 14.377 8.919
5260 89.0 13.943 8.963
5270 89.0 13.49 9.026
5280 89.0 12.961 9.171
5290 89.0 12.432 9.316
5300 89.0 11.902 9.46
5310 89.0 11.442 9.626
5320 89.0 10.99 9.794
5330 89.0 10.533 9.947
5340 89.0 10.055 10.039
5350 89.0 9.578 10.13
5360 89.0 9.11 10.239
5370 89.0 8.648 10.358
5380 89.0 8.187 10.477
5390 89.0 7.703 10.604
5400 89.0 7.219 10.732
5410 89.0 6.735 10.859
5420 89.0 6.236 10.886
5430 89.0 5.737 10.912
5270 90.0 15.242 7.443
5280 90.0 14.484 7.577
5290 90.0 13.727 7.711
5300 90.0 12.981 7.85
5310 90.0 12.266 8.003
5320 90.0 11.55 8.155
5330 90.0 10.863 8.333
5340 90.0 10.183 8.517
5350 90.0 9.501 8.679
5360 90.0 8.809 8.759
5370 90.0 8.112 8.841
5380 90.0 7.367 8.946
5390 90.0 6.636 9.046
5400 90.0 5.917 9.165
5410 90.0 5.224 9.324
5420 90.0 4.531 9.483
5430 90.0 3.843 9.649
5440 90.0 3.156 9.816
5450 90.0 2.468 9.983
5460 90.0 1.81 10.175
5300 91.0 2.649 8.875
5310 91.0 3.189 9.009
5320 91.0 3.728 9.144
5330 91.0 4.267 9.278
5340 91.0 4.821 9.395
5350 91.0 5.385 9.5
5360 91.0 5.959 9.599
5370 91.0 6.621 9.65
5380 91.0 7.114 9.632
5390 91.0 7.577 9.592
5400 91.0 8.208 9.58
5410 91.0 8.838 9.555
5420 91.0 9.459 9.479
5430 91.0 10.081 9.403
5440 91.0 10.639 9.258
5450 91.0 11.198 9.113
5460 91.0 11.72 8.879
5470 91.0 12.227 8.608
5480 91.0 12.586 8.317
5490 91.0 12.796 8.007
5410 92.0 0.36 12.524
5420 92.0 1.071 12.424
5430 92.0 1.781 12.325
5440 92.0 2.564 12.144
5450 92.0 3.355 11.955
5460 92.0 4.146 11.766
5470 92.0 4.778 11.57
5480 92.0 5.409 11.374
5490 92.0 6.081 11.149
5500 92.0 6.913 10.806
5510 92.0 7.746 10.464
5520 92.0 8.504 10.154
5530 92.0 9.253 9.849
5540 92.0 9.997 9.523
5550 92.0 10.734 9.165
5560 92.0 11.482 8.806
5570 92.0 12.278 8.442
5580 92.0 13.075 8.079
5590 92.0 13.851 7.819
5600 92.0 14.626 7.571
5410 93.0 0.511 13.619
5420 93.0 1.022 13.432
5430 93.0 1.533 13.244
5440 93.0 2.014 13.107
5450 93.0 2.465 13.022
5460 93.0 2.916 12.937
5470 93.0 3.45 12.828
5480 93.0 4.018 12.709
5490 93.0 4.586 12.589
5500 93.0 5.108 12.397
5510 93.0 5.611 12.174
5520 93.0 6.113 11.951
5530 93.0 6.63 11.756
5540 93.0 7.156 11.581
5550 93.0 7.682 11.406
5560 93.0 8.18 11.178
5570 93.0 8.659 10.915
5580 93.0 9.138 10.652
5590 93.0 9.642 10.377
5600 93.0 10.157 10.097
5480 94.0 0.358 11.885
5490 94.0 0.989 11.838
5500 94.0 1.621 11.79
5510 94.0 2.163 11.739
5520 94.0 2.705 11.679
5530 94.0 3.235 11.526
5540 94.0 3.766 11.374
5550 94.0 4.351 11.232
5560 94.0 4.973 11.097
5570 94.0 5.592 10.983
5580 94.0 6.202 10.919
5590 94.0 6.813 10.856
5600 94.0 7.42 10.793
5610 94.0 8.022 10.734
5620 94.0 8.623 10.674
5630 94.0 9.221 10.546
5640 94.0 9.814 10.35
5650 94.0 10.408 10.154
5660 94.0 10.969 9.875
5670 94.0 11.517 9.56
5660 95.0 0.031 12.33
5670 95.0 0.507 12.135
5680 95.0 0.982 11.941
5690 95.0 1.459 11.752
5700 95.0 1.942 11.61
5710 95.0 2.425 11.469
5720 95.0 2.937 11.326
5730 95.0 3.494 11.181
5740 95.0 4.05 11.036
5750 95.0 4.595 10.915
5760 95.0 5.133 10.809
5770 95.0 5.671 10.702
5780 95.0 6.172 10.555
5790 95.0 6.67 10.403
5800 95.0 7.135 10.203
5810 95.0 7.586 9.981
5820 95.0 8.037 9.76
5830 95.0 8.559 9.594
5840 95.0 9.089 9.435
5850 95.0 9.619 9.265
5670 96.0 0.229 11.467
5680 96.0 0.743 11.286
5690 96.0 1.256 11.104
5700 96.0 1.737 10.927
5710 96.0 2.204 10.75
5720 96.0 2.694 10.593
5730 96.0 3.22 10.466
5740 96.0 3.746 10.339
5750 96.0 4.296 10.209
5760 96.0 4.88 10.077
5770 96.0 5.465 9.944
5780 96.0 6.009 9.805
5790 96.0 6.535 9.664
5800 96.0 7.061 9.522
5810 96.0 7.55 9.354
5820 96.0 8.002 9.159
5830 96.0 8.454 8.965
5840 96.0 8.969 8.743
5850 96.0 9.5 8.513
5860 96.0 10.039 8.291
5970 97.0 14.796 8.119
5980 97.0 14.25 8.223
5990 97.0 13.705 8.328
6000 97.0 13.16 8.426
6010 97.0 12.616 8.511
6020 97.0 12.073 8.596
6030 97.0 11.52 8.698
6040 97.0 10.928 8.869
6050 97.0 10.337 9.041
6060 97.0 9.745 9.212
6070 97.0 9.193 9.36
6080 97.0 8.641 9.508
6090 97.0 8.09 9.652
6100 97.0 7.536 9.749
6110 97.0 6.983 9.846
6120 97.0 6.429 9.95
6130 97.0 5.876 10.065
6140 97.0 5.322 10.18
6150 97.0 4.796 10.272
6160 97.0 4.28 10.354
5970 98.0 14.748 8.769
5980 98.0 14.275 8.836
5990 98.0 13.801 8.903
6000 98.0 13.304 8.988
6010 98.0 12.752 9.115
6020 98.0 12.199 9.241
6030 98.0 11.65 9.369
6040 98.0 11.134 9.499
6050 98.0 10.617 9.629
6060 98.0 10.1 9.759
6070 98.0 9.548 9.872
6080 98.0 8.987 9.98
6090 98.0 8.426 10.089
6100 98.0 7.868 10.191
6110 98.0 7.315 10.286
6120 98.0 6.762 10.382
6130 98.0 6.209 10.477
6140 98.0 5.663 10.589
6150 98.0 5.117 10.701
6160 98.0 4.571 10.813
6040 99.0 14.923 8.732
6050 99.0 14.3 8.834
6060 99.0 13.676 8.936
6070 99.0 13.055 9.022
6080 99.0 12.439 9.084
6090 99.0 11.824 9.146
6100 99.0 11.192 9.235
6110 99.0 10.554 9.337
6120 99.0 9.917 9.438
6130 99.0 9.288 9.506
6140 99.0 8.671 9.523
6150 99.0 8.055 9.539
6160 99.0 7.446 9.616
6170 99.0 6.841 9.731
6180 99.0 6.237 9.847
6190 99.0 5.64 9.955
6200 99.0 5.049 10.054
6210 99.0 4.458 10.154
6220 99.0 3.838 10.241
6230 99.0 3.173 10.308
6290 104.0 0.542 13.766
6300 104.0 1.198 13.67
6310 104.0 1.853 13.575
6320 104.0 2.509 13.48
6330 104.0 3.161 13.386
6340 104.0 3.807 13.299
6350 104.0 4.452 13.211
6360 104.0 5.12 13.12
6370 104.0 5.839 13.02
6380 104.0 6.559 12.92
6390 104.0 7.278 12.795
6400 104.0 7.993 12.573
6410 104.0 8.709 12.35
6420 104.0 9.408 12.105
6430 104.0 10.039 11.773
6440 104.0 10.671 11.44
6450 104.0 11.305 11.072
6460 104.0 11.945 10.65
6470 104.0 12.584 10.228
6480 104.0 13.319 9.9
6360 105.0 -0.063 13.025
6370 105.0 0.358 12.964
6380 105.0 0.779 12.903
6390 105.0 1.2 12.842
6400 105.0 1.621 12.78
6410 105.0 2.076 12.719
6420 105.0 2.54 12.658
6430 105.0 3.004 12.597
6440 105.0 3.468 12.536
6450 105.0 4.003 12.49
6460 105.0 4.545 12.447
6470 105.0 5.087 12.404
6480 105.0 5.607 12.343
6490 105.0 6.112 12.272
6500 105.0 6.617 12.2
6510 105.0 7.122 12.153
6520 105.0 7.627 12.121
6530 105.0 8.132 12.089
6540 105.0 8.617 12.007
6550 105.0 9.089 11.893
6430 106.0 14.985 8.759
6440 106.0 14.404 8.768
6450 106.0 13.823 8.778
6460 106.0 13.237 8.847
6470 106.0 12.646 8.976
6480 106.0 12.056 9.104
6490 106.0 11.515 9.282
6500 106.0 10.98 9.467
6510 106.0 10.445 9.651
6520 106.0 9.887 9.82
6530 106.0 9.296 9.966
6540 106.0 8.706 10.112
6550 106.0 8.119 10.239
6560 106.0 7.54 10.321
6570 106.0 6.961 10.403
6580 106.0 6.377 10.483
6590 106.0 5.746 10.545
6600 106.0 5.114 10.607
6610 106.0 4.483 10.668
6620 106.0 3.819 10.714
6430 107.0 15.256 8.168
6440 107.0 14.633 8.228
6450 107.0 14.011 8.287
6460 107.0 13.388 8.354
6470 107.0 12.764 8.436
6480 107.0 12.139 8.518
6490 107.0 11.526 8.645
6500 107.0 10.927 8.839
6510 107.0 10.329 9.033
6520 107.0 9.719 9.214
6530 107.0 9.069 9.341
6540 107.0 8.417 9.467
6550 107.0 7.766 9.594
6560 107.0 7.178 9.678
6570 107.0 6.59 9.763
6580 107.0 6.002 9.847
6590 107.0 5.395 9.885
6600 107.0 4.777 9.892
6610 107.0 4.158 9.899
6620 107.0 3.53 9.902
6890 112.0 14.822 7.432
6900 112.0 14.138 7.575
6910 112.0 13.454 7.718
6920 112.0 12.808 7.883
6930 112.0 12.166 8.05
6940 112.0 11.499 8.203
6950 112.0 10.829 8.355
6960 112.0 10.21 8.506
6970 112.0 9.612 8.657
6980 112.0 8.987 8.761
6990 112.0 8.355 8.852
7000 112.0 7.714 8.951
7010 112.0 7.034 9.079
7020 112.0 6.353 9.206
7030 112.0 5.684 9.336
7040 112.0 5.06 9.48
7050 112.0 4.435 9.623
7060 112.0 3.804 9.752
7070 112.0 3.143 9.826
7080 112.0 2.483 9.9
6890 113.0 15.008 8.077
6900 113.0 14.358 8.208
6910 113.0 13.707 8.338
6920 113.0 13.098 8.473
6930 113.0 12.507 8.611
6940 113.0 11.917 8.748
6950 113.0 11.329 8.877
6960 113.0 10.742 9.007
6970 113.0 10.123 9.11
6980 113.0 9.492 9.202
6990 113.0 8.861 9.295
7000 113.0 8.247 9.398
7010 113.0 7.646 9.509
7020 113.0 7.044 9.62
7030 113.0 6.371 9.771
7040 113.0 5.68 9.933
7050 113.0 4.988 10.095
7060 113.0 4.385 10.191
7070 113.0 3.781 10.286
7080 113.0 3.178 10.382
7170 116.0 0.084 11.05
7180 116.0 0.602 10.967
7190 116.0 1.12 10.885
7200 116.0 1.61 10.795
7210 116.0 2.056 10.693
7220 116.0 2.503 10.592
7230 116.0 2.956 10.49
7240 116.0 3.47 10.375
7250 116.0 3.985 10.26
7260 116.0 4.505 10.15
7270 116.0 5.034 10.048
7280 116.0 5.563 9.945
7290 116.0 6.093 9.843
7300 116.0 6.579 9.747
7310 116.0 7.06 9.651
7320 116.0 7.541 9.556
7330 116.0 8.04 9.457
7340 116.0 8.566 9.351
7350 116.0 9.092 9.246
7360 116.0 9.618 9.141
7180 117.0 0.255 10.4
7190 117.0 0.755 10.3
7200 117.0 1.255 10.201
7210 117.0 1.765 10.106
7220 117.0 2.276 10.013
7230 117.0 2.792 9.914
7240 117.0 3.347 9.771
7250 117.0 3.903 9.628
7260 117.0 4.411 9.507
7270 117.0 4.886 9.401
7280 117.0 5.361 9.294
7290 117.0 5.904 9.226
7300 117.0 6.455 9.162
7310 117.0 6.979 9.098
7320 117.0 7.442 9.034
7330 117.0 7.905 8.971
7340 117.0 8.383 8.882
7350 117.0 8.895 8.737
7360 117.0 9.408 8.592
7370 117.0 9.954 8.433
