0 15.0 51.182 6.111
12 15.0 51.182 6.024
24 15.0 51.182 6.024
36 15.0 51.182 5.916
48 15.0 51.312 5.916
60 15.0 51.312 5.829
72 15.0 51.312 5.829
84 15.0 51.312 5.829
96 15.0 51.421 5.721
108 15.0 51.421 5.721
120 15.0 51.421 5.634
132 15.0 51.529 5.634
144 15.0 51.529 5.526
156 15.0 51.529 5.526
168 15.0 51.529 5.526
180 15.0 51.659 5.526
192 15.0 51.659 5.526
204 15.0 51.659 5.526
216 15.0 51.659 5.526
228 15.0 51.659 5.526
0 19.0 46.632 9.253
12 19.0 46.415 9.751
24 19.0 46.155 10.249
36 19.0 45.938 10.726
48 19.0 45.808 11.225
60 19.0 45.678 11.723
72 19.0 45.57 12.2
84 19.0 45.57 12.698
96 19.0 45.57 13.088
108 19.0 45.57 13.587
120 19.0 45.678 13.977
132 19.0 45.808 14.367
144 19.0 45.938 14.757
156 19.0 46.047 15.147
168 19.0 46.155 15.645
180 19.0 46.155 16.23
192 19.0 46.155 16.837
204 19.0 46.155 17.314
216 19.0 46.155 17.812
228 19.0 46.155 18.202
0 21.0 46.762 12.806
12 21.0 46.762 12.698
24 21.0 46.762 12.698
36 21.0 46.762 12.698
48 21.0 46.762 12.698
60 21.0 46.762 12.611
72 21.0 46.762 12.611
84 21.0 46.762 12.611
96 21.0 46.762 12.611
108 21.0 46.762 12.611
120 21.0 46.762 12.503
132 21.0 46.762 12.503
144 21.0 46.762 12.503
156 21.0 46.762 12.503
168 21.0 46.892 12.416
180 21.0 46.892 12.416
192 21.0 46.892 12.416
204 21.0 46.892 12.416
216 21.0 46.892 12.416
228 21.0 46.892 12.308
0 25.0 52.006 9.209
12 25.0 52.266 9.318
24 25.0 52.613 9.404
36 25.0 52.959 9.513
48 25.0 52.962 9.515
60 25.0 52.965 9.517
72 25.0 52.968 9.521
84 25.0 52.972 9.523
96 25.0 52.975 9.526
108 25.0 52.978 9.529
120 25.0 52.982 9.531
132 25.0 52.985 9.534
144 25.0 52.988 9.537
156 25.0 52.992 9.54
168 25.0 52.995 9.543
180 25.0 52.998 9.545
192 25.0 53.002 9.548
204 25.0 53.005 9.551
216 25.0 53.008 9.553
228 25.0 53.012 9.556
0 27.0 53.393 -1.95
12 27.0 53.393 -1.95
24 27.0 53.393 -1.95
36 27.0 53.393 -1.82
48 27.0 53.393 -1.82
60 27.0 53.436 -1.734
72 27.0 53.436 -1.734
84 27.0 53.501 -1.647
96 27.0 53.501 -1.647
108 27.0 53.566 -1.56
120 27.0 53.566 -1.56
132 27.0 53.566 -1.43
144 27.0 53.566 -1.43
156 27.0 53.696 -1.343
168 27.0 53.696 -1.343
180 27.0 53.696 -1.257
192 27.0 53.696 -1.257
204 27.0 53.761 -1.17
216 27.0 53.761 -1.17
228 27.0 53.804 -1.04
0 29.0 11.961 -22.124
12 29.0 12.221 -22.319
24 29.0 12.438 -22.471
36 29.0 12.698 -22.601
48 29.0 13.045 -22.774
60 29.0 13.305 -22.904
72 29.0 13.522 -23.056
84 29.0 13.653 -23.099
96 29.0 13.657 -23.099
108 29.0 13.66 -23.099
120 29.0 13.664 -23.099
132 29.0 13.668 -23.099
144 29.0 13.671 -23.099
156 29.0 13.675 -23.099
168 29.0 13.678 -23.099
180 29.0 13.682 -23.099
192 29.0 13.686 -23.099
204 29.0 13.689 -23.099
216 29.0 13.693 -23.099
228 29.0 13.697 -23.099
60 1.0 -13.391 -22.601
72 1.0 -11.355 -21.431
84 1.0 -9.318 -20.261
96 1.0 -7.302 -18.982
108 1.0 -5.287 -17.79
120 1.0 -3.38 -16.23
132 1.0 -1.56 -14.562
144 1.0 0.347 -12.98
156 1.0 2.124 -11.42
168 1.0 4.03 -9.729
180 1.0 5.937 -8.256
192 1.0 7.844 -6.782
204 1.0 9.881 -5.222
216 1.0 11.788 -3.749
228 1.0 13.695 -2.275
240 1.0 15.732 -0.715
252 1.0 17.639 0.368
264 1.0 19.546 1.539
276 1.0 21.452 2.622
288 1.0 23.489 3.814
240 18.0 53.089 5.396
252 18.0 53.089 5.396
264 18.0 52.959 5.396
276 18.0 52.851 5.396
288 18.0 52.851 5.287
300 18.0 52.743 5.287
312 18.0 52.613 5.287
324 18.0 52.483 5.287
336 18.0 52.483 5.287
348 18.0 52.374 5.179
360 18.0 52.266 5.179
372 18.0 52.266 5.179
384 18.0 52.136 5.179
396 18.0 52.006 5.092
408 18.0 51.897 5.092
420 18.0 51.897 5.092
432 18.0 51.789 5.092
444 18.0 51.659 5.092
456 18.0 51.659 4.984
468 18.0 51.529 4.984
240 20.0 46.153 18.568
252 20.0 46.132 18.283
264 20.0 46.111 17.998
276 20.0 46.09 17.713
288 20.0 46.068 17.428
300 20.0 46.047 17.142
312 20.0 46.026 16.857
324 20.0 46.004 16.572
336 20.0 45.983 16.287
348 20.0 45.962 16.002
360 20.0 45.941 15.717
372 20.0 45.919 15.431
384 20.0 45.898 15.146
396 20.0 45.877 14.861
408 20.0 45.856 14.576
420 20.0 45.834 14.291
432 20.0 45.813 14.006
444 20.0 45.792 13.72
456 20.0 45.771 13.435
468 20.0 45.75 13.15
240 22.0 46.892 12.308
252 22.0 46.892 12.308
264 22.0 46.892 12.308
276 22.0 46.892 12.2
288 22.0 46.892 12.2
300 22.0 46.892 12.2
312 22.0 46.892 12.2
324 22.0 46.892 12.2
336 22.0 47.0 12.113
348 22.0 47.0 12.113
360 22.0 47.0 12.113
372 22.0 47.0 12.113
384 22.0 47.0 12.005
396 22.0 47.0 12.005
408 22.0 47.0 12.005
420 22.0 47.0 12.005
432 22.0 47.0 12.005
444 22.0 47.0 11.918
456 22.0 47.0 11.918
468 22.0 47.0 11.918
240 26.0 53.015 9.559
252 26.0 53.018 9.562
264 26.0 53.022 9.565
276 26.0 53.025 9.567
288 26.0 53.028 9.57
300 26.0 53.032 9.573
312 26.0 53.035 9.576
324 26.0 53.038 9.579
336 26.0 53.042 9.581
348 26.0 53.045 9.584
360 26.0 53.048 9.587
372 26.0 53.052 9.59
384 26.0 53.055 9.592
396 26.0 53.058 9.595
408 26.0 53.062 9.598
420 26.0 53.065 9.601
432 26.0 53.068 9.603
444 26.0 53.071 9.606
456 26.0 53.075 9.609
468 26.0 53.078 9.612
240 28.0 53.804 -1.04
252 28.0 53.848 -0.953
264 28.0 53.848 -0.953
276 28.0 53.848 -0.867
288 28.0 53.848 -0.867
300 28.0 53.978 -0.737
312 28.0 53.978 -0.737
324 28.0 53.978 -0.65
336 28.0 53.978 -0.65
348 28.0 54.043 -0.563
360 28.0 54.043 -0.563
372 28.0 54.108 -0.477
384 28.0 54.108 -0.477
396 28.0 54.173 -0.347
408 28.0 54.173 -0.347
420 28.0 54.173 -0.26
432 28.0 54.173 -0.26
444 28.0 54.281 -0.087
456 28.0 54.281 0.13
468 28.0 54.346 0.303
276 0.0 -16.967 -22.861
288 0.0 -15.233 -22.861
300 0.0 -13.457 -22.861
312 0.0 -11.68 -22.861
324 0.0 -9.859 -22.753
336 0.0 -7.823 -22.666
348 0.0 -5.829 -22.666
360 0.0 -3.792 -22.558
372 0.0 -1.755 -22.471
384 0.0 0.282 -22.362
396 0.0 2.319 -22.362
408 0.0 4.225 -22.167
420 0.0 6.132 -22.081
432 0.0 8.039 -21.886
444 0.0 9.946 -21.777
456 0.0 11.853 -21.582
468 0.0 13.76 -21.474
480 0.0 15.667 -21.279
492 0.0 17.574 -21.192
504 0.0 19.09 -20.932
