0 0.0 -9.746 -14.063
12 0.0 -9.266 -13.845
24 0.0 -8.787 -13.562
36 0.0 -8.307 -13.365
48 0.0 -7.827 -13.06
60 0.0 -7.239 -12.755
72 0.0 -6.759 -12.581
84 0.0 -6.279 -12.275
96 0.0 -5.8 -11.97
108 0.0 -5.189 -11.796
120 0.0 -4.579 -11.49
132 0.0 -4.099 -11.185
144 0.0 -3.51 -10.989
156 0.0 -2.9 -10.705
168 0.0 -2.311 -10.4
180 0.0 -1.701 -10.095
192 0.0 -1.352 -9.79
204 0.0 -0.872 -9.397
216 0.0 -0.392 -9.114
228 0.0 0.087 -8.721
0 1.0 -7.588 15.284
12 1.0 -7.217 15.415
24 1.0 -6.868 15.502
36 1.0 -6.388 15.698
48 1.0 -6.04 15.807
60 1.0 -5.56 15.982
72 1.0 -5.189 16.091
84 1.0 -4.819 16.2
96 1.0 -4.339 16.374
108 1.0 -3.99 16.483
120 1.0 -3.51 16.68
132 1.0 -3.14 16.767
144 1.0 -2.791 16.898
156 1.0 -2.311 16.985
168 1.0 -1.941 17.181
180 1.0 -1.461 17.29
192 1.0 -1.112 17.377
204 1.0 -0.632 17.465
216 1.0 -0.262 17.683
228 1.0 0.218 17.77
0 9.0 11.338 21.367
12 9.0 11.817 21.476
24 9.0 12.406 21.585
36 9.0 12.908 21.673
48 9.0 13.475 21.782
60 9.0 14.085 21.869
72 9.0 14.565 21.978
84 9.0 15.175 22.065
96 9.0 15.655 22.174
108 9.0 16.265 22.261
120 9.0 16.832 22.37
132 9.0 17.312 22.458
144 9.0 17.922 22.567
156 9.0 18.402 22.676
168 9.0 19.013 22.763
180 9.0 19.623 22.85
192 9.0 20.103 22.85
204 9.0 20.713 22.959
216 9.0 21.28 23.024
228 9.0 21.891 23.068
240 2.0 0.589 17.857
252 2.0 0.938 18.075
264 2.0 1.417 18.162
276 2.0 1.766 18.249
288 2.0 2.137 18.38
300 2.0 2.507 18.555
312 2.0 2.856 18.664
324 2.0 3.205 18.86
336 2.0 3.576 18.947
348 2.0 3.946 19.056
360 2.0 4.295 19.252
372 2.0 4.666 19.34
384 2.0 5.015 19.449
396 2.0 5.255 19.645
408 2.0 5.625 19.732
420 2.0 5.996 19.863
432 2.0 6.345 20.037
444 2.0 6.694 20.146
456 2.0 7.064 20.343
468 2.0 7.435 20.43
