800.000000 2.000000 13.640000 5.800000
810.000000 2.000000 12.090000 5.750000
820.000000 2.000000 11.370000 5.800000
830.000000 2.000000 10.310000 5.970000
840.000000 2.000000 9.570000 6.240000
850.000000 2.000000 8.730000 6.340000
860.000000 2.000000 7.940000 6.500000
870.000000 2.000000 7.170000 6.620000
880.000000 2.000000 4.421667 5.783333
890.000000 2.000000 3.286667 5.783333
900.000000 2.000000 2.151667 5.783333
910.000000 2.000000 1.016667 5.783333
920.000000 2.000000 -0.118333 5.783333
930.000000 2.000000 -1.253333 5.783333
940.000000 2.000000 -2.388333 5.783333
950.000000 2.000000 -3.523333 5.783333
960.000000 2.000000 -4.658333 5.783333
970.000000 2.000000 -5.793333 5.783333
980.000000 2.000000 -6.928333 5.783333
990.000000 2.000000 -8.063333 5.783333
830.000000 3.000000 12.490000 6.600000
840.000000 3.000000 11.940000 6.770000
850.000000 3.000000 11.030000 6.840000
860.000000 3.000000 10.210000 6.810000
870.000000 3.000000 9.360000 6.850000
880.000000 3.000000 8.590000 6.850000
890.000000 3.000000 7.780000 6.840000
900.000000 3.000000 6.960000 6.840000
910.000000 3.000000 6.710000 7.576667
920.000000 3.000000 5.980000 7.696667
930.000000 3.000000 5.250000 7.816667
940.000000 3.000000 4.520000 7.936667
950.000000 3.000000 3.790000 8.056667
960.000000 3.000000 3.060000 8.176667
970.000000 3.000000 2.330000 8.296667
980.000000 3.000000 1.600000 8.416667
990.000000 3.000000 0.870000 8.536667
1000.000000 3.000000 0.140000 8.656667
1010.000000 3.000000 -0.590000 8.776667
1020.000000 3.000000 -1.320000 8.896667
1050.000000 11.000000 12.510000 6.190000
1060.000000 11.000000 11.540000 6.030000
1070.000000 11.000000 10.960000 5.970000
1080.000000 11.000000 10.290000 6.120000
1090.000000 11.000000 9.880000 6.210000
1100.000000 11.000000 9.540000 6.090000
1110.000000 11.000000 8.870000 5.990000
1120.000000 11.000000 8.040000 5.660000
1130.000000 11.000000 6.245000 5.293333
1140.000000 11.000000 5.470000 5.183333
1150.000000 11.000000 4.695000 5.073333
1160.000000 11.000000 3.920000 4.963333
1170.000000 11.000000 3.145000 4.853333
1180.000000 11.000000 2.370000 4.743333
1190.000000 11.000000 1.595000 4.633333
1200.000000 11.000000 0.820000 4.523333
1210.000000 11.000000 0.045000 4.413333
1220.000000 11.000000 -0.730000 4.303333
1230.000000 11.000000 -1.505000 4.193333
1240.000000 11.000000 -2.280000 4.083333
1050.000000 12.000000 12.090000 6.950000
1060.000000 12.000000 11.400000 6.930000
1070.000000 12.000000 10.700000 6.870000
1080.000000 12.000000 10.070000 6.730000
1090.000000 12.000000 9.450000 6.510000
1100.000000 12.000000 8.900000 6.330000
1110.000000 12.000000 8.210000 6.230000
1120.000000 12.000000 7.490000 6.060000
1130.000000 12.000000 6.531667 6.636667
1140.000000 12.000000 5.836667 6.596667
1150.000000 12.000000 5.141667 6.556667
1160.000000 12.000000 4.446667 6.516667
1170.000000 12.000000 3.751667 6.476667
1180.000000 12.000000 3.056667 6.436667
1190.000000 12.000000 2.361667 6.396667
1200.000000 12.000000 1.666667 6.356667
1210.000000 12.000000 0.971667 6.316667
1220.000000 12.000000 0.276667 6.276667
1230.000000 12.000000 -0.418333 6.236667
1240.000000 12.000000 -1.113333 6.196667
2860.000000 51.000000 7.050000 8.440000
2870.000000 51.000000 7.050000 8.440000
2880.000000 51.000000 7.050000 8.440000
2890.000000 51.000000 7.050000 8.440000
2900.000000 51.000000 7.050000 8.440000
2910.000000 51.000000 7.050000 8.440000
2920.000000 51.000000 7.050000 8.440000
2930.000000 51.000000 7.050000 8.440000
2940.000000 51.000000 7.050000 8.440000
2950.000000 51.000000 7.050000 8.440000
2960.000000 51.000000 7.050000 8.440000
2970.000000 51.000000 7.050000 8.440000
2980.000000 51.000000 7.050000 8.440000
2990.000000 51.000000 7.050000 8.440000
3000.000000 51.000000 7.050000 8.440000
3010.000000 51.000000 7.050000 8.440000
3020.000000 51.000000 7.050000 8.440000
3030.000000 51.000000 7.050000 8.440000
3040.000000 51.000000 7.050000 8.440000
3050.000000 51.000000 7.050000 8.440000
2860.000000 52.000000 8.090000 8.840000
2870.000000 52.000000 8.090000 8.840000
2880.000000 52.000000 8.090000 8.840000
2890.000000 52.000000 8.090000 8.840000
2900.000000 52.000000 8.090000 8.840000
2910.000000 52.000000 8.090000 8.840000
2920.000000 52.000000 8.090000 8.840000
2930.000000 52.000000 8.090000 8.840000
2940.000000 52.000000 8.090000 8.840000
2950.000000 52.000000 8.090000 8.840000
2960.000000 52.000000 8.090000 8.840000
2970.000000 52.000000 8.090000 8.840000
2980.000000 52.000000 8.090000 8.840000
2990.000000 52.000000 8.090000 8.840000
3000.000000 52.000000 8.090000 8.840000
3010.000000 52.000000 8.090000 8.840000
3020.000000 52.000000 8.090000 8.840000
3030.000000 52.000000 8.090000 8.840000
3040.000000 52.000000 8.090000 8.840000
3050.000000 52.000000 8.090000 8.840000
2860.000000 56.000000 12.320000 3.350000
2870.000000 56.000000 12.420000 3.220000
2880.000000 56.000000 12.490000 3.210000
2890.000000 56.000000 12.650000 3.360000
2900.000000 56.000000 12.790000 3.450000
2910.000000 56.000000 12.790000 3.470000
2920.000000 56.000000 12.790000 3.380000
2930.000000 56.000000 12.780000 3.160000
2940.000000 56.000000 13.005000 2.770000
2950.000000 56.000000 13.090000 2.700000
2960.000000 56.000000 13.175000 2.630000
2970.000000 56.000000 13.260000 2.560000
2980.000000 56.000000 13.345000 2.490000
2990.000000 56.000000 13.430000 2.420000
3000.000000 56.000000 13.515000 2.350000
3010.000000 56.000000 13.600000 2.280000
3020.000000 56.000000 13.685000 2.210000
3030.000000 56.000000 13.770000 2.140000
3040.000000 56.000000 13.855000 2.070000
3050.000000 56.000000 13.940000 2.000000
4330.000000 79.000000 -3.780000 5.150000
4340.000000 79.000000 -3.090000 5.120000
4350.000000 79.000000 -2.340000 5.190000
4360.000000 79.000000 -1.610000 5.170000
4370.000000 79.000000 -0.840000 5.310000
4380.000000 79.000000 -0.130000 5.270000
4390.000000 79.000000 0.610000 5.360000
4400.000000 79.000000 1.380000 5.430000
4410.000000 79.000000 1.970000 5.293333
4420.000000 79.000000 2.690000 5.313333
4430.000000 79.000000 3.410000 5.333333
4440.000000 79.000000 4.130000 5.353333
4450.000000 79.000000 4.850000 5.373333
4460.000000 79.000000 5.570000 5.393333
4470.000000 79.000000 6.290000 5.413333
4480.000000 79.000000 7.010000 5.433333
4490.000000 79.000000 7.730000 5.453333
4500.000000 79.000000 8.450000 5.473333
4510.000000 79.000000 9.170000 5.493333
4520.000000 79.000000 9.890000 5.513333
6420.000000 126.000000 -5.190000 6.380000
6430.000000 126.000000 -4.300000 6.500000
6440.000000 126.000000 -3.360000 6.560000
6450.000000 126.000000 -2.420000 6.510000
6460.000000 126.000000 -1.390000 6.390000
6470.000000 126.000000 -0.560000 6.380000
6480.000000 126.000000 0.260000 6.180000
6490.000000 126.000000 1.270000 6.020000
6500.000000 126.000000 2.121667 7.110000
6510.000000 126.000000 3.036667 7.200000
6520.000000 126.000000 3.951667 7.290000
6530.000000 126.000000 4.866667 7.380000
6540.000000 126.000000 5.781667 7.470000
6550.000000 126.000000 6.696667 7.560000
6560.000000 126.000000 7.611667 7.650000
6570.000000 126.000000 8.526667 7.740000
6580.000000 126.000000 9.441667 7.830000
6590.000000 126.000000 10.356667 7.920000
6600.000000 126.000000 11.271667 8.010000
6610.000000 126.000000 12.186667 8.100000
6420.000000 127.000000 -5.450000 7.310000
6430.000000 127.000000 -4.560000 7.420000
6440.000000 127.000000 -3.660000 7.480000
6450.000000 127.000000 -2.720000 7.420000
6460.000000 127.000000 -1.590000 7.310000
6470.000000 127.000000 -0.590000 7.220000
6480.000000 127.000000 0.360000 7.140000
6490.000000 127.000000 1.320000 7.050000
6500.000000 127.000000 1.708333 7.998333
6510.000000 127.000000 2.603333 8.083333
6520.000000 127.000000 3.498333 8.168333
6530.000000 127.000000 4.393333 8.253333
6540.000000 127.000000 5.288333 8.338333
6550.000000 127.000000 6.183333 8.423333
6560.000000 127.000000 7.078333 8.508333
6570.000000 127.000000 7.973333 8.593333
6580.000000 127.000000 8.868333 8.678333
6590.000000 127.000000 9.763333 8.763333
6600.000000 127.000000 10.658333 8.848333
6610.000000 127.000000 11.553333 8.933333
8120.000000 171.000000 -0.680000 8.400000
8130.000000 171.000000 -0.710000 8.350000
8140.000000 171.000000 -0.910000 8.420000
8150.000000 171.000000 -1.080000 8.470000
8160.000000 171.000000 -1.240000 8.360000
8170.000000 171.000000 -1.530000 8.270000
8180.000000 171.000000 -1.870000 8.410000
8190.000000 171.000000 -1.910000 8.440000
8200.000000 171.000000 -1.571667 8.460000
8210.000000 171.000000 -1.686667 8.470000
8220.000000 171.000000 -1.801667 8.480000
8230.000000 171.000000 -1.916667 8.490000
8240.000000 171.000000 -2.031667 8.500000
8250.000000 171.000000 -2.146667 8.510000
8260.000000 171.000000 -2.261667 8.520000
8270.000000 171.000000 -2.376667 8.530000
8280.000000 171.000000 -2.491667 8.540000
8290.000000 171.000000 -2.606667 8.550000
8300.000000 171.000000 -2.721667 8.560000
8310.000000 171.000000 -2.836667 8.570000
8320.000000 172.000000 -1.520000 8.590000
8330.000000 172.000000 -1.520000 8.590000
8340.000000 172.000000 -1.520000 8.590000
8350.000000 172.000000 -1.520000 8.590000
8360.000000 172.000000 -1.520000 8.590000
8370.000000 172.000000 -1.970000 8.350000
8380.000000 172.000000 -2.040000 8.350000
8390.000000 172.000000 -2.410000 8.330000
8400.000000 172.000000 -1.520000 8.590000
8410.000000 172.000000 -1.520000 8.590000
8420.000000 172.000000 -1.520000 8.590000
8430.000000 172.000000 -1.520000 8.590000
8440.000000 172.000000 -1.520000 8.590000
8450.000000 172.000000 -1.520000 8.590000
8460.000000 172.000000 -1.520000 8.590000
8470.000000 172.000000 -1.520000 8.590000
8480.000000 172.000000 -1.520000 8.590000
8490.000000 172.000000 -1.520000 8.590000
8500.000000 172.000000 -1.520000 8.590000
8510.000000 172.000000 -1.520000 8.590000
8520.000000 173.000000 -3.050000 8.050000
8530.000000 173.000000 -3.050000 8.050000
8540.000000 173.000000 -3.050000 8.050000
8550.000000 173.000000 -2.600000 8.070000
8560.000000 173.000000 -2.510000 7.780000
8570.000000 173.000000 -2.380000 7.730000
8580.000000 173.000000 -1.910000 7.790000
8590.000000 173.000000 -1.540000 7.720000
8600.000000 173.000000 -3.050000 8.050000
8610.000000 173.000000 -3.050000 8.050000
8620.000000 173.000000 -3.050000 8.050000
8630.000000 173.000000 -3.050000 8.050000
8640.000000 173.000000 -3.050000 8.050000
8650.000000 173.000000 -3.050000 8.050000
8660.000000 173.000000 -3.050000 8.050000
8670.000000 173.000000 -3.050000 8.050000
8680.000000 173.000000 -3.050000 8.050000
8690.000000 173.000000 -3.050000 8.050000
8700.000000 173.000000 -3.050000 8.050000
8710.000000 173.000000 -3.050000 8.050000
8720.000000 174.000000 3.940000 8.170000
8730.000000 174.000000 4.330000 8.230000
8740.000000 174.000000 4.730000 8.380000
8750.000000 174.000000 5.040000 8.460000
8760.000000 174.000000 5.330000 8.540000
8770.000000 174.000000 5.870000 8.600000
8780.000000 174.000000 6.270000 8.500000
8790.000000 174.000000 6.700000 8.400000
8800.000000 174.000000 7.098333 8.995000
8810.000000 174.000000 7.493333 9.100000
8820.000000 174.000000 7.888333 9.205000
8830.000000 174.000000 8.283333 9.310000
8840.000000 174.000000 8.678333 9.415000
8850.000000 174.000000 9.073333 9.520000
8860.000000 174.000000 9.468333 9.625000
8870.000000 174.000000 9.863333 9.730000
8880.000000 174.000000 10.258333 9.835000
8890.000000 174.000000 10.653333 9.940000
8900.000000 174.000000 11.048333 10.045000
8910.000000 174.000000 11.443333 10.150000
8890.000000 195.000000 12.710000 4.950000
8900.000000 195.000000 11.820000 4.590000
8910.000000 195.000000 10.960000 4.340000
8920.000000 195.000000 9.860000 4.250000
8930.000000 195.000000 9.110000 4.130000
8940.000000 195.000000 8.160000 3.990000
8950.000000 195.000000 7.270000 3.930000
8960.000000 195.000000 6.390000 3.810000
8970.000000 195.000000 5.705000 2.491667
8980.000000 195.000000 4.830000 2.186667
8990.000000 195.000000 3.955000 1.881667
9000.000000 195.000000 3.080000 1.576667
9010.000000 195.000000 2.205000 1.271667
9020.000000 195.000000 1.330000 0.966667
9030.000000 195.000000 0.455000 0.661667
9040.000000 195.000000 -0.420000 0.356667
9050.000000 195.000000 -1.295000 0.051667
9060.000000 195.000000 -2.170000 -0.253333
9070.000000 195.000000 -3.045000 -0.558333
9080.000000 195.000000 -3.920000 -0.863333
8900.000000 196.000000 13.430000 5.210000
8910.000000 196.000000 12.660000 5.110000
8920.000000 196.000000 11.820000 4.850000
8930.000000 196.000000 10.980000 4.750000
8940.000000 196.000000 10.180000 4.550000
8950.000000 196.000000 9.410000 4.410000
8960.000000 196.000000 8.720000 4.260000
8970.000000 196.000000 7.990000 4.030000
8980.000000 196.000000 7.001667 3.796667
8990.000000 196.000000 6.196667 3.616667
9000.000000 196.000000 5.391667 3.436667
9010.000000 196.000000 4.586667 3.256667
9020.000000 196.000000 3.781667 3.076667
9030.000000 196.000000 2.976667 2.896667
9040.000000 196.000000 2.171667 2.716667
9050.000000 196.000000 1.366667 2.536667
9060.000000 196.000000 0.561667 2.356667
9070.000000 196.000000 -0.243333 2.176667
9080.000000 196.000000 -1.048333 1.996667
9090.000000 196.000000 -1.853333 1.816667
8910.000000 197.000000 12.430000 6.040000
8920.000000 197.000000 11.500000 6.030000
8930.000000 197.000000 10.810000 5.800000
8940.000000 197.000000 10.280000 5.520000
8950.000000 197.000000 9.800000 5.220000
8960.000000 197.000000 8.970000 4.980000
8970.000000 197.000000 8.180000 4.880000
8980.000000 197.000000 7.240000 4.800000
8990.000000 197.000000 5.910000 5.116667
9000.000000 197.000000 5.100000 4.996667
9010.000000 197.000000 4.290000 4.876667
9020.000000 197.000000 3.480000 4.756667
9030.000000 197.000000 2.670000 4.636667
9040.000000 197.000000 1.860000 4.516667
9050.000000 197.000000 1.050000 4.396667
9060.000000 197.000000 0.240000 4.276667
9070.000000 197.000000 -0.570000 4.156667
9080.000000 197.000000 -1.380000 4.036667
9090.000000 197.000000 -2.190000 3.916667
9100.000000 197.000000 -3.000000 3.796667
8920.000000 175.000000 5.780000 7.730000
8930.000000 175.000000 5.400000 7.690000
8940.000000 175.000000 4.990000 7.720000
8950.000000 175.000000 4.590000 7.710000
8960.000000 175.000000 4.130000 7.780000
8970.000000 175.000000 3.730000 7.920000
8980.000000 175.000000 3.300000 7.970000
8990.000000 175.000000 2.870000 8.040000
9000.000000 175.000000 2.625000 7.678333
9010.000000 175.000000 2.230000 7.673333
9020.000000 175.000000 1.835000 7.668333
9030.000000 175.000000 1.440000 7.663333
9040.000000 175.000000 1.045000 7.658333
9050.000000 175.000000 0.650000 7.653333
9060.000000 175.000000 0.255000 7.648333
9070.000000 175.000000 -0.140000 7.643333
9080.000000 175.000000 -0.535000 7.638333
9090.000000 175.000000 -0.930000 7.633333
9100.000000 175.000000 -1.325000 7.628333
9110.000000 175.000000 -1.720000 7.623333
9300.000000 216.000000 -4.260000 8.110000
9310.000000 216.000000 -3.980000 8.010000
9320.000000 216.000000 -3.840000 7.960000
9330.000000 216.000000 -3.310000 8.210000
9340.000000 216.000000 -2.900000 8.260000
9350.000000 216.000000 -2.790000 8.410000
9360.000000 216.000000 -2.510000 8.430000
9370.000000 216.000000 -2.230000 8.460000
9380.000000 216.000000 -2.556667 7.501667
9390.000000 216.000000 -2.346667 7.426667
9400.000000 216.000000 -2.136667 7.351667
9410.000000 216.000000 -1.926667 7.276667
9420.000000 216.000000 -1.716667 7.201667
9430.000000 216.000000 -1.506667 7.126667
9440.000000 216.000000 -1.296667 7.051667
9450.000000 216.000000 -1.086667 6.976667
9460.000000 216.000000 -0.876667 6.901667
9470.000000 216.000000 -0.666667 6.826667
9480.000000 216.000000 -0.456667 6.751667
9490.000000 216.000000 -0.246667 6.676667
9500.000000 217.000000 -2.250000 8.280000
9510.000000 217.000000 -2.780000 8.500000
9520.000000 217.000000 -2.810000 8.440000
9530.000000 217.000000 -2.980000 8.140000
9540.000000 217.000000 -2.980000 8.140000
9550.000000 217.000000 -3.270000 8.070000
9560.000000 217.000000 -3.270000 8.070000
9570.000000 217.000000 -3.270000 8.070000
9580.000000 217.000000 -4.573333 8.966667
9590.000000 217.000000 -4.853333 9.046667
9600.000000 217.000000 -5.133333 9.126667
9610.000000 217.000000 -5.413333 9.206667
9620.000000 217.000000 -5.693333 9.286667
9630.000000 217.000000 -5.973333 9.366667
9640.000000 217.000000 -6.253333 9.446667
9650.000000 217.000000 -6.533333 9.526667
9660.000000 217.000000 -6.813333 9.606667
9670.000000 217.000000 -7.093333 9.686667
9680.000000 217.000000 -7.373333 9.766667
9690.000000 217.000000 -7.653333 9.846667
9680.000000 230.000000 -3.110000 5.320000
9690.000000 230.000000 -2.090000 5.210000
9700.000000 230.000000 -1.280000 5.330000
9710.000000 230.000000 -0.440000 5.260000
9720.000000 230.000000 0.450000 5.280000
9730.000000 230.000000 1.340000 5.340000
9740.000000 230.000000 2.280000 5.270000
9750.000000 230.000000 3.180000 5.200000
9760.000000 230.000000 4.245000 5.321667
9770.000000 230.000000 5.160000 5.326667
9780.000000 230.000000 6.075000 5.331667
9790.000000 230.000000 6.990000 5.336667
9800.000000 230.000000 7.905000 5.341667
9810.000000 230.000000 8.820000 5.346667
9820.000000 230.000000 9.735000 5.351667
9830.000000 230.000000 10.650000 5.356667
9840.000000 230.000000 11.565000 5.361667
9850.000000 230.000000 12.480000 5.366667
9860.000000 230.000000 13.395000 5.371667
9870.000000 230.000000 14.310000 5.376667
9680.000000 231.000000 -3.380000 4.310000
9690.000000 231.000000 -2.480000 4.250000
9700.000000 231.000000 -1.510000 4.280000
9710.000000 231.000000 -0.430000 4.340000
9720.000000 231.000000 0.480000 4.390000
9730.000000 231.000000 1.360000 4.490000
9740.000000 231.000000 2.240000 4.500000
9750.000000 231.000000 3.050000 4.410000
9760.000000 231.000000 4.088333 4.175000
9770.000000 231.000000 5.023333 4.160000
9780.000000 231.000000 5.958333 4.145000
9790.000000 231.000000 6.893333 4.130000
9800.000000 231.000000 7.828333 4.115000
9810.000000 231.000000 8.763333 4.100000
9820.000000 231.000000 9.698333 4.085000
9830.000000 231.000000 10.633333 4.070000
9840.000000 231.000000 11.568333 4.055000
9850.000000 231.000000 12.503333 4.040000
9860.000000 231.000000 13.438333 4.025000
9870.000000 231.000000 14.373333 4.010000
9700.000000 218.000000 -4.840000 7.800000
9710.000000 218.000000 -4.840000 7.840000
9720.000000 218.000000 -4.840000 7.840000
9730.000000 218.000000 -4.840000 7.840000
9740.000000 218.000000 -4.840000 7.840000
9750.000000 218.000000 -4.840000 7.840000
9760.000000 218.000000 -4.780000 7.790000
9770.000000 218.000000 -4.830000 7.830000
9780.000000 218.000000 -4.840000 7.966667
9790.000000 218.000000 -4.840000 7.986667
9800.000000 218.000000 -4.840000 8.006667
9810.000000 218.000000 -4.840000 8.026667
9820.000000 218.000000 -4.840000 8.046667
9830.000000 218.000000 -4.840000 8.066667
9840.000000 218.000000 -4.840000 8.086667
9850.000000 218.000000 -4.840000 8.106667
9860.000000 218.000000 -4.840000 8.126667
9870.000000 218.000000 -4.840000 8.146667
9880.000000 218.000000 -4.840000 8.166667
9890.000000 218.000000 -4.840000 8.186667
9920.000000 238.000000 -2.360000 6.640000
9930.000000 238.000000 -1.300000 6.460000
9940.000000 238.000000 -0.520000 6.380000
9950.000000 238.000000 0.430000 6.410000
9960.000000 238.000000 1.290000 6.330000
9970.000000 238.000000 2.260000 6.480000
9980.000000 238.000000 3.120000 6.620000
9990.000000 238.000000 4.010000 6.580000
10000.000000 238.000000 5.046667 5.583333
10010.000000 238.000000 5.966667 5.453333
10020.000000 238.000000 6.886667 5.323333
10030.000000 238.000000 7.806667 5.193333
10040.000000 238.000000 8.726667 5.063333
10050.000000 238.000000 9.646667 4.933333
10060.000000 238.000000 10.566667 4.803333
10070.000000 238.000000 11.486667 4.673333
10080.000000 238.000000 12.406667 4.543333
10090.000000 238.000000 13.326667 4.413333
10100.000000 238.000000 14.246667 4.283333
10110.000000 238.000000 15.166667 4.153333
9920.000000 240.000000 -1.570000 5.570000
9930.000000 240.000000 -0.740000 5.530000
9940.000000 240.000000 0.070000 5.490000
9950.000000 240.000000 1.010000 5.490000
9960.000000 240.000000 1.950000 5.410000
9970.000000 240.000000 2.870000 5.330000
9980.000000 240.000000 3.750000 5.370000
9990.000000 240.000000 4.620000 5.470000
10000.000000 240.000000 4.993333 5.250000
10010.000000 240.000000 5.813333 5.210000
10020.000000 240.000000 6.633333 5.170000
10030.000000 240.000000 7.453333 5.130000
10040.000000 240.000000 8.273333 5.090000
10050.000000 240.000000 9.093333 5.050000
10060.000000 240.000000 9.913333 5.010000
10070.000000 240.000000 10.733333 4.970000
10080.000000 240.000000 11.553333 4.930000
10090.000000 240.000000 12.373333 4.890000
10100.000000 240.000000 13.193333 4.850000
10110.000000 240.000000 14.013333 4.810000
10120.000000 239.000000 11.780000 4.760000
10130.000000 239.000000 12.070000 4.780000
10140.000000 239.000000 12.290000 4.670000
10150.000000 239.000000 12.340000 4.690000
10160.000000 239.000000 12.310000 4.690000
10170.000000 239.000000 12.310000 4.670000
10180.000000 239.000000 12.310000 4.620000
10190.000000 239.000000 12.310000 4.620000
10200.000000 239.000000 13.831667 4.421667
10210.000000 239.000000 14.086667 4.376667
10220.000000 239.000000 14.341667 4.331667
10230.000000 239.000000 14.596667 4.286667
10240.000000 239.000000 14.851667 4.241667
10250.000000 239.000000 15.106667 4.196667
10260.000000 239.000000 15.361667 4.151667
10270.000000 239.000000 15.616667 4.106667
10280.000000 239.000000 15.871667 4.061667
10290.000000 239.000000 16.126667 4.016667
10300.000000 239.000000 16.381667 3.971667
10310.000000 239.000000 16.636667 3.926667
10250.000000 257.000000 12.620000 6.950000
10260.000000 257.000000 11.680000 7.090000
10270.000000 257.000000 10.740000 7.200000
10280.000000 257.000000 9.720000 7.100000
10290.000000 257.000000 8.730000 7.090000
10300.000000 257.000000 7.740000 6.970000
10310.000000 257.000000 6.860000 6.750000
10320.000000 257.000000 6.040000 6.450000
10330.000000 257.000000 5.100000 7.955000
10340.000000 257.000000 4.160000 8.080000
10350.000000 257.000000 3.220000 8.205000
10360.000000 257.000000 2.280000 8.330000
10370.000000 257.000000 1.340000 8.455000
10380.000000 257.000000 0.400000 8.580000
10390.000000 257.000000 -0.540000 8.705000
10400.000000 257.000000 -1.480000 8.830000
10410.000000 257.000000 -2.420000 8.955000
10420.000000 257.000000 -3.360000 9.080000
10430.000000 257.000000 -4.300000 9.205000
10440.000000 257.000000 -5.240000 9.330000
10250.000000 258.000000 -1.720000 7.410000
10260.000000 258.000000 -0.770000 7.300000
10270.000000 258.000000 0.160000 7.280000
10280.000000 258.000000 1.050000 7.190000
10290.000000 258.000000 1.960000 7.180000
10300.000000 258.000000 2.910000 7.260000
10310.000000 258.000000 3.600000 7.400000
10320.000000 258.000000 4.430000 7.610000
10330.000000 258.000000 5.803333 6.875000
10340.000000 258.000000 6.743333 6.810000
10350.000000 258.000000 7.683333 6.745000
10360.000000 258.000000 8.623333 6.680000
10370.000000 258.000000 9.563333 6.615000
10380.000000 258.000000 10.503333 6.550000
10390.000000 258.000000 11.443333 6.485000
10400.000000 258.000000 12.383333 6.420000
10410.000000 258.000000 13.323333 6.355000
10420.000000 258.000000 14.263333 6.290000
10430.000000 258.000000 15.203333 6.225000
10440.000000 258.000000 16.143333 6.160000
10250.000000 259.000000 -2.220000 6.660000
10260.000000 259.000000 -1.220000 6.450000
10270.000000 259.000000 -0.170000 6.320000
10280.000000 259.000000 0.820000 6.310000
10290.000000 259.000000 1.740000 6.310000
10300.000000 259.000000 2.640000 6.360000
10310.000000 259.000000 3.460000 6.610000
10320.000000 259.000000 4.330000 6.820000
10330.000000 259.000000 5.971667 5.286667
10340.000000 259.000000 6.996667 5.116667
10350.000000 259.000000 8.021667 4.946667
10360.000000 259.000000 9.046667 4.776667
10370.000000 259.000000 10.071667 4.606667
10380.000000 259.000000 11.096667 4.436667
10390.000000 259.000000 12.121667 4.266667
10400.000000 259.000000 13.146667 4.096667
10410.000000 259.000000 14.171667 3.926667
10420.000000 259.000000 15.196667 3.756667
10430.000000 259.000000 16.221667 3.586667
10440.000000 259.000000 17.246667 3.416667
10260.000000 260.000000 12.230000 6.630000
10270.000000 260.000000 11.230000 6.650000
10280.000000 260.000000 10.060000 6.750000
10290.000000 260.000000 9.180000 6.580000
10300.000000 260.000000 8.130000 6.480000
10310.000000 260.000000 7.210000 6.050000
10320.000000 260.000000 6.240000 5.750000
10330.000000 260.000000 5.240000 5.550000
10340.000000 260.000000 3.578333 7.096667
10350.000000 260.000000 2.493333 7.156667
10360.000000 260.000000 1.408333 7.216667
10370.000000 260.000000 0.323333 7.276667
10380.000000 260.000000 -0.761667 7.336667
10390.000000 260.000000 -1.846667 7.396667
10400.000000 260.000000 -2.931667 7.456667
10410.000000 260.000000 -4.016667 7.516667
10420.000000 260.000000 -5.101667 7.576667
10430.000000 260.000000 -6.186667 7.636667
10440.000000 260.000000 -7.271667 7.696667
10450.000000 260.000000 -8.356667 7.756667
10280.000000 261.000000 12.700000 7.000000
10290.000000 261.000000 11.590000 7.140000
10300.000000 261.000000 10.830000 7.500000
10310.000000 261.000000 9.750000 7.480000
10320.000000 261.000000 8.720000 7.310000
10330.000000 261.000000 7.780000 6.960000
10340.000000 261.000000 6.790000 6.600000
10350.000000 261.000000 5.800000 6.270000
10360.000000 261.000000 5.161667 8.963333
10370.000000 261.000000 4.226667 9.213333
10380.000000 261.000000 3.291667 9.463333
10390.000000 261.000000 2.356667 9.713333
10400.000000 261.000000 1.421667 9.963333
10410.000000 261.000000 0.486667 10.213333
10420.000000 261.000000 -0.448333 10.463333
10430.000000 261.000000 -1.383333 10.713333
10440.000000 261.000000 -2.318333 10.963333
10450.000000 261.000000 -3.253333 11.213333
10460.000000 261.000000 -4.188333 11.463333
10470.000000 261.000000 -5.123333 11.713333
10300.000000 263.000000 -1.980000 5.100000
10310.000000 263.000000 -1.020000 5.220000
10320.000000 263.000000 -0.190000 5.440000
10330.000000 263.000000 0.700000 5.760000
10340.000000 263.000000 1.570000 6.100000
10350.000000 263.000000 2.590000 6.400000
10360.000000 263.000000 3.570000 6.630000
10370.000000 263.000000 4.400000 6.800000
10380.000000 263.000000 5.201667 6.443333
10390.000000 263.000000 6.096667 6.613333
10400.000000 263.000000 6.991667 6.783333
10410.000000 263.000000 7.886667 6.953333
10420.000000 263.000000 8.781667 7.123333
10430.000000 263.000000 9.676667 7.293333
10440.000000 263.000000 10.571667 7.463333
10450.000000 263.000000 11.466667 7.633333
10460.000000 263.000000 12.361667 7.803333
10470.000000 263.000000 13.256667 7.973333
10480.000000 263.000000 14.151667 8.143333
10490.000000 263.000000 15.046667 8.313333
10300.000000 264.000000 -2.160000 5.980000
10310.000000 264.000000 -1.260000 5.980000
10320.000000 264.000000 -0.390000 6.180000
10330.000000 264.000000 0.550000 6.440000
10340.000000 264.000000 1.420000 6.730000
10350.000000 264.000000 2.390000 7.070000
10360.000000 264.000000 3.330000 7.350000
10370.000000 264.000000 4.170000 7.580000
10380.000000 264.000000 4.925000 6.746667
10390.000000 264.000000 5.810000 6.846667
10400.000000 264.000000 6.695000 6.946667
10410.000000 264.000000 7.580000 7.046667
10420.000000 264.000000 8.465000 7.146667
10430.000000 264.000000 9.350000 7.246667
10440.000000 264.000000 10.235000 7.346667
10450.000000 264.000000 11.120000 7.446667
10460.000000 264.000000 12.005000 7.546667
10470.000000 264.000000 12.890000 7.646667
10480.000000 264.000000 13.775000 7.746667
10490.000000 264.000000 14.660000 7.846667
10300.000000 265.000000 -2.070000 1.900000
10310.000000 265.000000 -1.210000 1.870000
10320.000000 265.000000 -0.130000 1.950000
10330.000000 265.000000 0.940000 2.130000
10340.000000 265.000000 2.000000 2.210000
10350.000000 265.000000 3.000000 2.250000
10360.000000 265.000000 4.020000 2.400000
10370.000000 265.000000 4.970000 2.580000
10380.000000 265.000000 5.653333 2.081667
10390.000000 265.000000 6.623333 2.106667
10400.000000 265.000000 7.593333 2.131667
10410.000000 265.000000 8.563333 2.156667
10420.000000 265.000000 9.533333 2.181667
10430.000000 265.000000 10.503333 2.206667
10440.000000 265.000000 11.473333 2.231667
10450.000000 265.000000 12.443333 2.256667
10460.000000 265.000000 13.413333 2.281667
10470.000000 265.000000 14.383333 2.306667
10480.000000 265.000000 15.353333 2.331667
10490.000000 265.000000 16.323333 2.356667
10300.000000 267.000000 -2.000000 3.250000
10310.000000 267.000000 -1.080000 3.390000
10320.000000 267.000000 -0.200000 3.410000
10330.000000 267.000000 0.670000 3.390000
10340.000000 267.000000 1.680000 3.380000
10350.000000 267.000000 2.480000 3.530000
10360.000000 267.000000 3.430000 3.690000
10370.000000 267.000000 4.470000 3.960000
10380.000000 267.000000 5.206667 3.910000
10390.000000 267.000000 6.106667 3.990000
10400.000000 267.000000 7.006667 4.070000
10410.000000 267.000000 7.906667 4.150000
10420.000000 267.000000 8.806667 4.230000
10430.000000 267.000000 9.706667 4.310000
10440.000000 267.000000 10.606667 4.390000
10450.000000 267.000000 11.506667 4.470000
10460.000000 267.000000 12.406667 4.550000
10470.000000 267.000000 13.306667 4.630000
10480.000000 267.000000 14.206667 4.710000
10490.000000 267.000000 15.106667 4.790000
10300.000000 268.000000 -1.380000 3.890000
10310.000000 268.000000 -0.790000 4.000000
10320.000000 268.000000 0.370000 4.030000
10330.000000 268.000000 1.070000 4.020000
10340.000000 268.000000 1.940000 3.850000
10350.000000 268.000000 2.710000 4.040000
10360.000000 268.000000 3.560000 4.440000
10370.000000 268.000000 4.550000 4.630000
10380.000000 268.000000 5.525000 4.463333
10390.000000 268.000000 6.400000 4.533333
10400.000000 268.000000 7.275000 4.603333
10410.000000 268.000000 8.150000 4.673333
10420.000000 268.000000 9.025000 4.743333
10430.000000 268.000000 9.900000 4.813333
10440.000000 268.000000 10.775000 4.883333
10450.000000 268.000000 11.650000 4.953333
10460.000000 268.000000 12.525000 5.023333
10470.000000 268.000000 13.400000 5.093333
10480.000000 268.000000 14.275000 5.163333
10490.000000 268.000000 15.150000 5.233333
10690.000000 303.000000 12.900000 6.160000
10700.000000 303.000000 12.310000 6.320000
10710.000000 303.000000 11.610000 6.670000
10720.000000 303.000000 10.950000 7.100000
10730.000000 303.000000 10.280000 7.370000
10740.000000 303.000000 9.630000 7.550000
10750.000000 303.000000 8.910000 7.660000
10760.000000 303.000000 8.160000 7.780000
10770.000000 303.000000 7.758333 8.168333
10780.000000 303.000000 7.113333 8.423333
10790.000000 303.000000 6.468333 8.678333
10800.000000 303.000000 5.823333 8.933333
10810.000000 303.000000 5.178333 9.188333
10820.000000 303.000000 4.533333 9.443333
10830.000000 303.000000 3.888333 9.698333
10840.000000 303.000000 3.243333 9.953333
10850.000000 303.000000 2.598333 10.208333
10860.000000 303.000000 1.953333 10.463333
10870.000000 303.000000 1.308333 10.718333
10880.000000 303.000000 0.663333 10.973333
10850.000000 316.000000 -1.870000 6.400000
10860.000000 316.000000 -1.330000 6.370000
10870.000000 316.000000 -0.740000 6.320000
10880.000000 316.000000 -0.140000 6.180000
10890.000000 316.000000 0.480000 6.050000
10900.000000 316.000000 1.150000 5.980000
10910.000000 316.000000 1.810000 5.910000
10920.000000 316.000000 2.480000 5.940000
10930.000000 316.000000 2.641667 6.083333
10940.000000 316.000000 3.206667 6.043333
10950.000000 316.000000 3.771667 6.003333
10960.000000 316.000000 4.336667 5.963333
10970.000000 316.000000 4.901667 5.923333
10980.000000 316.000000 5.466667 5.883333
10990.000000 316.000000 6.031667 5.843333
11000.000000 316.000000 6.596667 5.803333
11010.000000 316.000000 7.161667 5.763333
11020.000000 316.000000 7.726667 5.723333
11030.000000 316.000000 8.291667 5.683333
11040.000000 316.000000 8.856667 5.643333
11210.000000 320.000000 12.000000 4.350000
11220.000000 320.000000 11.300000 4.090000
11230.000000 320.000000 10.610000 3.980000
11240.000000 320.000000 10.000000 3.720000
11250.000000 320.000000 9.230000 3.660000
11260.000000 320.000000 8.560000 3.470000
11270.000000 320.000000 7.980000 3.270000
11280.000000 320.000000 7.520000 3.120000
11290.000000 320.000000 6.438333 2.845000
11300.000000 320.000000 5.743333 2.660000
11310.000000 320.000000 5.048333 2.475000
11320.000000 320.000000 4.353333 2.290000
11330.000000 320.000000 3.658333 2.105000
11340.000000 320.000000 2.963333 1.920000
11350.000000 320.000000 2.268333 1.735000
11360.000000 320.000000 1.573333 1.550000
11370.000000 320.000000 0.878333 1.365000
11380.000000 320.000000 0.183333 1.180000
11390.000000 320.000000 -0.511667 0.995000
11400.000000 320.000000 -1.206667 0.810000
11280.000000 329.000000 -2.760000 -0.130000
11290.000000 329.000000 -2.040000 0.530000
11300.000000 329.000000 -1.180000 1.020000
11310.000000 329.000000 -0.360000 1.480000
11320.000000 329.000000 0.340000 1.920000
11330.000000 329.000000 0.840000 2.350000
11340.000000 329.000000 1.590000 2.640000
11350.000000 329.000000 2.390000 2.910000
11360.000000 329.000000 3.536667 4.498333
11370.000000 329.000000 4.326667 5.073333
11380.000000 329.000000 5.116667 5.648333
11390.000000 329.000000 5.906667 6.223333
11400.000000 329.000000 6.696667 6.798333
11410.000000 329.000000 7.486667 7.373333
11420.000000 329.000000 8.276667 7.948333
11430.000000 329.000000 9.066667 8.523333
11440.000000 329.000000 9.856667 9.098333
11450.000000 329.000000 10.646667 9.673333
11460.000000 329.000000 11.436667 10.248333
11470.000000 329.000000 12.226667 10.823333
11280.000000 327.000000 -2.800000 1.840000
11290.000000 327.000000 -1.780000 2.390000
11300.000000 327.000000 -1.070000 2.780000
11310.000000 327.000000 -0.260000 2.950000
11320.000000 327.000000 0.540000 3.130000
11330.000000 327.000000 1.320000 3.320000
11340.000000 327.000000 2.040000 3.540000
11350.000000 327.000000 2.790000 3.760000
11360.000000 327.000000 4.171667 5.626667
11370.000000 327.000000 5.036667 6.096667
11380.000000 327.000000 5.901667 6.566667
11390.000000 327.000000 6.766667 7.036667
11400.000000 327.000000 7.631667 7.506667
11410.000000 327.000000 8.496667 7.976667
11420.000000 327.000000 9.361667 8.446667
11430.000000 327.000000 10.226667 8.916667
11440.000000 327.000000 11.091667 9.386667
11450.000000 327.000000 11.956667 9.856667
11460.000000 327.000000 12.821667 10.326667
11470.000000 327.000000 13.686667 10.796667
11280.000000 328.000000 -3.580000 0.190000
11290.000000 328.000000 -2.850000 0.850000
11300.000000 328.000000 -1.780000 1.470000
11310.000000 328.000000 -0.960000 1.920000
11320.000000 328.000000 -0.300000 2.330000
11330.000000 328.000000 0.250000 2.670000
11340.000000 328.000000 1.010000 3.010000
11350.000000 328.000000 1.810000 3.280000
11360.000000 328.000000 3.563333 5.316667
11370.000000 328.000000 4.463333 5.956667
11380.000000 328.000000 5.363333 6.596667
11390.000000 328.000000 6.263333 7.236667
11400.000000 328.000000 7.163333 7.876667
11410.000000 328.000000 8.063333 8.516667
11420.000000 328.000000 8.963333 9.156667
11430.000000 328.000000 9.863333 9.796667
11440.000000 328.000000 10.763333 10.436667
11450.000000 328.000000 11.663333 11.076667
11460.000000 328.000000 12.563333 11.716667
11470.000000 328.000000 13.463333 12.356667
11310.000000 331.000000 -4.430000 4.560000
11320.000000 331.000000 -3.490000 4.940000
11330.000000 331.000000 -2.700000 5.350000
11340.000000 331.000000 -1.670000 5.660000
11350.000000 331.000000 -0.580000 5.900000
11360.000000 331.000000 0.400000 6.200000
11370.000000 331.000000 1.430000 6.460000
11380.000000 331.000000 2.430000 6.600000
11390.000000 331.000000 2.515000 7.715000
11400.000000 331.000000 3.380000 8.110000
11410.000000 331.000000 4.245000 8.505000
11420.000000 331.000000 5.110000 8.900000
11430.000000 331.000000 5.975000 9.295000
11440.000000 331.000000 6.840000 9.690000
11450.000000 331.000000 7.705000 10.085000
11460.000000 331.000000 8.570000 10.480000
11470.000000 331.000000 9.435000 10.875000
11480.000000 331.000000 10.300000 11.270000
11490.000000 331.000000 11.165000 11.665000
11500.000000 331.000000 12.030000 12.060000
11840.000000 342.000000 10.640000 4.900000
11850.000000 342.000000 9.730000 4.760000
11860.000000 342.000000 8.750000 4.600000
11870.000000 342.000000 7.840000 4.560000
11880.000000 342.000000 6.880000 4.500000
11890.000000 342.000000 5.990000 4.480000
11900.000000 342.000000 5.080000 4.470000
11910.000000 342.000000 4.170000 4.430000
11920.000000 342.000000 3.091667 3.703333
11930.000000 342.000000 2.146667 3.553333
11940.000000 342.000000 1.201667 3.403333
11950.000000 342.000000 0.256667 3.253333
11960.000000 342.000000 -0.688333 3.103333
11970.000000 342.000000 -1.633333 2.953333
11980.000000 342.000000 -2.578333 2.803333
11990.000000 342.000000 -3.523333 2.653333
12000.000000 342.000000 -4.468333 2.503333
12010.000000 342.000000 -5.413333 2.353333
12020.000000 342.000000 -6.358333 2.203333
12030.000000 342.000000 -7.303333 2.053333
11880.000000 348.000000 13.410000 5.460000
11890.000000 348.000000 12.400000 5.010000
11900.000000 348.000000 11.320000 4.730000
11910.000000 348.000000 10.240000 4.560000
11920.000000 348.000000 9.140000 4.440000
11930.000000 348.000000 8.100000 4.530000
11940.000000 348.000000 6.970000 4.600000
11950.000000 348.000000 5.710000 4.730000
11960.000000 348.000000 5.061667 2.511667
11970.000000 348.000000 4.016667 2.146667
11980.000000 348.000000 2.971667 1.781667
11990.000000 348.000000 1.926667 1.416667
12000.000000 348.000000 0.881667 1.051667
12010.000000 348.000000 -0.163333 0.686667
12020.000000 348.000000 -1.208333 0.321667
12030.000000 348.000000 -2.253333 -0.043333
12040.000000 348.000000 -3.298333 -0.408333
12050.000000 348.000000 -4.343333 -0.773333
12060.000000 348.000000 -5.388333 -1.138333
12070.000000 348.000000 -6.433333 -1.503333
11930.000000 350.000000 -4.990000 5.190000
11940.000000 350.000000 -3.910000 5.180000
11950.000000 350.000000 -3.050000 5.230000
11960.000000 350.000000 -2.120000 5.270000
11970.000000 350.000000 -0.940000 5.310000
11980.000000 350.000000 -0.260000 5.570000
11990.000000 350.000000 0.830000 5.710000
12000.000000 350.000000 1.830000 5.830000
12010.000000 350.000000 2.806667 5.340000
12020.000000 350.000000 3.776667 5.360000
12030.000000 350.000000 4.746667 5.380000
12040.000000 350.000000 5.716667 5.400000
12050.000000 350.000000 6.686667 5.420000
12060.000000 350.000000 7.656667 5.440000
12070.000000 350.000000 8.626667 5.460000
12080.000000 350.000000 9.596667 5.480000
12090.000000 350.000000 10.566667 5.500000
12100.000000 350.000000 11.536667 5.520000
12110.000000 350.000000 12.506667 5.540000
12120.000000 350.000000 13.476667 5.560000
11940.000000 353.000000 -4.790000 -0.260000
11950.000000 353.000000 -4.040000 0.440000
11960.000000 353.000000 -3.120000 1.030000
11970.000000 353.000000 -2.130000 1.650000
11980.000000 353.000000 -1.070000 2.050000
11990.000000 353.000000 -0.100000 2.480000
12000.000000 353.000000 0.910000 2.960000
12010.000000 353.000000 1.950000 3.380000
12020.000000 353.000000 1.861667 4.918333
12030.000000 353.000000 2.696667 5.563333
12040.000000 353.000000 3.531667 6.208333
12050.000000 353.000000 4.366667 6.853333
12060.000000 353.000000 5.201667 7.498333
12070.000000 353.000000 6.036667 8.143333
12080.000000 353.000000 6.871667 8.788333
12090.000000 353.000000 7.706667 9.433333
12100.000000 353.000000 8.541667 10.078333
12110.000000 353.000000 9.376667 10.723333
12120.000000 353.000000 10.211667 11.368333
12130.000000 353.000000 11.046667 12.013333
11970.000000 355.000000 -2.400000 10.550000
11980.000000 355.000000 -1.660000 9.900000
11990.000000 355.000000 -0.840000 9.560000
12000.000000 355.000000 -0.190000 8.920000
12010.000000 355.000000 0.510000 8.540000
12020.000000 355.000000 1.380000 8.290000
12030.000000 355.000000 2.200000 8.090000
12040.000000 355.000000 3.050000 7.920000
12050.000000 355.000000 3.826667 6.538333
12060.000000 355.000000 4.606667 6.043333
12070.000000 355.000000 5.386667 5.548333
12080.000000 355.000000 6.166667 5.053333
12090.000000 355.000000 6.946667 4.558333
12100.000000 355.000000 7.726667 4.063333
12110.000000 355.000000 8.506667 3.568333
12120.000000 355.000000 9.286667 3.073333
12130.000000 355.000000 10.066667 2.578333
12140.000000 355.000000 10.846667 2.083333
12150.000000 355.000000 11.626667 1.588333
12160.000000 355.000000 12.406667 1.093333
12020.000000 358.000000 -6.550000 7.200000
12030.000000 358.000000 -6.050000 7.260000
12040.000000 358.000000 -5.490000 7.270000
12050.000000 358.000000 -4.990000 7.410000
12060.000000 358.000000 -4.500000 7.460000
12070.000000 358.000000 -4.070000 7.510000
12080.000000 358.000000 -3.780000 7.530000
12090.000000 358.000000 -3.230000 7.550000
12100.000000 358.000000 -2.320000 7.488333
12110.000000 358.000000 -1.790000 7.523333
12120.000000 358.000000 -1.260000 7.558333
12130.000000 358.000000 -0.730000 7.593333
12140.000000 358.000000 -0.200000 7.628333
12150.000000 358.000000 0.330000 7.663333
12160.000000 358.000000 0.860000 7.698333
12170.000000 358.000000 1.390000 7.733333
12180.000000 358.000000 1.920000 7.768333
12190.000000 358.000000 2.450000 7.803333
12200.000000 358.000000 2.980000 7.838333
12210.000000 358.000000 3.510000 7.873333
12020.000000 357.000000 -6.400000 6.260000
12030.000000 357.000000 -5.940000 6.350000
12040.000000 357.000000 -5.340000 6.430000
12050.000000 357.000000 -4.840000 6.530000
12060.000000 357.000000 -4.350000 6.610000
12070.000000 357.000000 -3.810000 6.690000
12080.000000 357.000000 -3.370000 6.740000
12090.000000 357.000000 -3.060000 6.740000
12100.000000 357.000000 -2.183333 6.941667
12110.000000 357.000000 -1.653333 7.026667
12120.000000 357.000000 -1.123333 7.111667
12130.000000 357.000000 -0.593333 7.196667
12140.000000 357.000000 -0.063333 7.281667
12150.000000 357.000000 0.466667 7.366667
12160.000000 357.000000 0.996667 7.451667
12170.000000 357.000000 1.526667 7.536667
12180.000000 357.000000 2.056667 7.621667
12190.000000 357.000000 2.586667 7.706667
12200.000000 357.000000 3.116667 7.791667
12210.000000 357.000000 3.646667 7.876667
12020.000000 359.000000 -4.900000 12.670000
12030.000000 359.000000 -4.120000 12.140000
12040.000000 359.000000 -3.370000 11.660000
12050.000000 359.000000 -2.770000 11.060000
12060.000000 359.000000 -1.920000 10.430000
12070.000000 359.000000 -0.950000 9.910000
12080.000000 359.000000 -0.160000 9.390000
12090.000000 359.000000 0.740000 8.910000
12100.000000 359.000000 1.225000 8.621667
12110.000000 359.000000 1.990000 8.116667
12120.000000 359.000000 2.755000 7.611667
12130.000000 359.000000 3.520000 7.106667
12140.000000 359.000000 4.285000 6.601667
12150.000000 359.000000 5.050000 6.096667
12160.000000 359.000000 5.815000 5.591667
12170.000000 359.000000 6.580000 5.086667
12180.000000 359.000000 7.345000 4.581667
12190.000000 359.000000 8.110000 4.076667
12200.000000 359.000000 8.875000 3.571667
12210.000000 359.000000 9.640000 3.066667