0.000000 1.000000 0.295000 8.091000
10.000000 1.000000 1.031000 7.852000
20.000000 1.000000 1.768000 7.613000
30.000000 1.000000 2.515000 7.364000
40.000000 1.000000 3.279000 7.099000
50.000000 1.000000 4.043000 6.834000
60.000000 1.000000 4.851000 6.618000
70.000000 1.000000 5.677000 6.424000
80.000000 1.000000 6.349750 6.215625
90.000000 1.000000 7.022500 6.007250
100.000000 1.000000 7.695250 5.798875
110.000000 1.000000 8.368000 5.590500
120.000000 1.000000 9.040750 5.382125
130.000000 1.000000 9.713500 5.173750
140.000000 1.000000 10.386250 4.965375
150.000000 1.000000 11.059000 4.757000
160.000000 1.000000 11.731750 4.548625
170.000000 1.000000 12.404500 4.340250
180.000000 1.000000 13.077250 4.131875
190.000000 1.000000 13.750000 3.923500
10.000000 2.000000 0.279000 9.989000
20.000000 2.000000 1.064000 9.859000
30.000000 2.000000 1.848000 9.729000
40.000000 2.000000 2.611000 9.567000
50.000000 2.000000 3.363000 9.393000
60.000000 2.000000 4.112000 9.202000
70.000000 2.000000 4.821000 8.857000
80.000000 2.000000 5.531000 8.512000
90.000000 2.000000 6.187500 8.327375
100.000000 2.000000 6.844000 8.142750
110.000000 2.000000 7.500500 7.958125
120.000000 2.000000 8.157000 7.773500
130.000000 2.000000 8.813500 7.588875
140.000000 2.000000 9.470000 7.404250
150.000000 2.000000 10.126500 7.219625
160.000000 2.000000 10.783000 7.035000
170.000000 2.000000 11.439500 6.850375
180.000000 2.000000 12.096000 6.665750
190.000000 2.000000 12.752500 6.481125
200.000000 2.000000 13.409000 6.296500
230.000000 4.000000 15.294000 9.097000
240.000000 4.000000 14.615000 9.162000
250.000000 4.000000 13.936000 9.228000
260.000000 4.000000 13.240000 9.338000
270.000000 4.000000 12.529000 9.495000
280.000000 4.000000 11.818000 9.651000
290.000000 4.000000 11.139000 9.851000
300.000000 4.000000 10.483000 10.080000
310.000000 4.000000 9.881625 10.202875
320.000000 4.000000 9.280250 10.325750
330.000000 4.000000 8.678875 10.448625
340.000000 4.000000 8.077500 10.571500
350.000000 4.000000 7.476125 10.694375
360.000000 4.000000 6.874750 10.817250
370.000000 4.000000 6.273375 10.940125
380.000000 4.000000 5.672000 11.063000
390.000000 4.000000 5.070625 11.185875
400.000000 4.000000 4.469250 11.308750
410.000000 4.000000 3.867875 11.431625
420.000000 4.000000 3.266500 11.554500
240.000000 5.000000 15.042000 8.569000
250.000000 5.000000 14.351000 8.580000
260.000000 5.000000 13.659000 8.592000
270.000000 5.000000 12.948000 8.773000
280.000000 5.000000 12.237000 8.954000
290.000000 5.000000 11.525000 9.134000
300.000000 5.000000 10.804000 9.309000
310.000000 5.000000 10.084000 9.483000
320.000000 5.000000 9.464250 9.597250
330.000000 5.000000 8.844500 9.711500
340.000000 5.000000 8.224750 9.825750
350.000000 5.000000 7.605000 9.940000
360.000000 5.000000 6.985250 10.054250
370.000000 5.000000 6.365500 10.168500
380.000000 5.000000 5.745750 10.282750
390.000000 5.000000 5.126000 10.397000
400.000000 5.000000 4.506250 10.511250
410.000000 5.000000 3.886500 10.625500
420.000000 5.000000 3.266750 10.739750
430.000000 5.000000 2.647000 10.854000
500.000000 6.000000 15.005000 9.014000
510.000000 6.000000 14.576000 8.981000
520.000000 6.000000 14.148000 8.946000
530.000000 6.000000 13.712000 8.922000
540.000000 6.000000 13.265000 8.912000
550.000000 6.000000 12.817000 8.902000
560.000000 6.000000 12.329000 9.004000
570.000000 6.000000 11.840000 9.107000
580.000000 6.000000 11.444375 9.118625
590.000000 6.000000 11.048750 9.130250
600.000000 6.000000 10.653125 9.141875
610.000000 6.000000 10.257500 9.153500
620.000000 6.000000 9.861875 9.165125
630.000000 6.000000 9.466250 9.176750
640.000000 6.000000 9.070625 9.188375
650.000000 6.000000 8.675000 9.200000
660.000000 6.000000 8.279375 9.211625
670.000000 6.000000 7.883750 9.223250
680.000000 6.000000 7.488125 9.234875
690.000000 6.000000 7.092500 9.246500
610.000000 7.000000 11.282000 8.098000
620.000000 7.000000 10.821000 8.258000
630.000000 7.000000 10.393000 8.445000
640.000000 7.000000 10.014000 8.676000
650.000000 7.000000 9.635000 8.907000
660.000000 7.000000 9.253000 9.150000
670.000000 7.000000 8.865000 9.411000
680.000000 7.000000 8.476000 9.672000
690.000000 7.000000 8.125250 9.868750
700.000000 7.000000 7.774500 10.065500
710.000000 7.000000 7.423750 10.262250
720.000000 7.000000 7.073000 10.459000
730.000000 7.000000 6.722250 10.655750
740.000000 7.000000 6.371500 10.852500
750.000000 7.000000 6.020750 11.049250
760.000000 7.000000 5.670000 11.246000
770.000000 7.000000 5.319250 11.442750
780.000000 7.000000 4.968500 11.639500
790.000000 7.000000 4.617750 11.836250
800.000000 7.000000 4.267000 12.033000
610.000000 8.000000 0.183000 11.741000
620.000000 8.000000 0.780000 11.617000
630.000000 8.000000 1.378000 11.493000
640.000000 8.000000 1.969000 11.410000
650.000000 8.000000 2.557000 11.344000
660.000000 8.000000 3.145000 11.278000
670.000000 8.000000 3.740000 11.234000
680.000000 8.000000 4.338000 11.196000
690.000000 8.000000 4.857375 11.127875
700.000000 8.000000 5.376750 11.059750
710.000000 8.000000 5.896125 10.991625
720.000000 8.000000 6.415500 10.923500
730.000000 8.000000 6.934875 10.855375
740.000000 8.000000 7.454250 10.787250
750.000000 8.000000 7.973625 10.719125
760.000000 8.000000 8.493000 10.651000
770.000000 8.000000 9.012375 10.582875
780.000000 8.000000 9.531750 10.514750
790.000000 8.000000 10.051125 10.446625
800.000000 8.000000 10.570500 10.378500
680.000000 9.000000 15.115000 9.127000
690.000000 9.000000 14.450000 9.261000
700.000000 9.000000 13.785000 9.395000
710.000000 9.000000 13.126000 9.534000
720.000000 9.000000 12.479000 9.681000
730.000000 9.000000 11.831000 9.827000
740.000000 9.000000 11.164000 9.893000
750.000000 9.000000 10.493000 9.939000
760.000000 9.000000 9.915250 10.040500
770.000000 9.000000 9.337500 10.142000
780.000000 9.000000 8.759750 10.243500
790.000000 9.000000 8.182000 10.345000
800.000000 9.000000 7.604250 10.446500
810.000000 9.000000 7.026500 10.548000
820.000000 9.000000 6.448750 10.649500
830.000000 9.000000 5.871000 10.751000
840.000000 9.000000 5.293250 10.852500
850.000000 9.000000 4.715500 10.954000
860.000000 9.000000 4.137750 11.055500
870.000000 9.000000 3.560000 11.157000
680.000000 10.000000 15.159000 8.389000
690.000000 10.000000 14.472000 8.508000
700.000000 10.000000 13.784000 8.628000
710.000000 10.000000 13.097000 8.747000
720.000000 10.000000 12.438000 8.846000
730.000000 10.000000 11.784000 8.944000
740.000000 10.000000 11.122000 9.037000
750.000000 10.000000 10.435000 9.117000
760.000000 10.000000 9.844500 9.208000
770.000000 10.000000 9.254000 9.299000
780.000000 10.000000 8.663500 9.390000
790.000000 10.000000 8.073000 9.481000
800.000000 10.000000 7.482500 9.572000
810.000000 10.000000 6.892000 9.663000
820.000000 10.000000 6.301500 9.754000
830.000000 10.000000 5.711000 9.845000
840.000000 10.000000 5.120500 9.936000
850.000000 10.000000 4.530000 10.027000
860.000000 10.000000 3.939500 10.118000
870.000000 10.000000 3.349000 10.209000
680.000000 12.000000 10.430000 6.345000
690.000000 12.000000 10.264000 6.005000
700.000000 12.000000 10.099000 5.665000
710.000000 12.000000 9.933000 5.325000
720.000000 12.000000 9.741000 4.920000
730.000000 12.000000 9.524000 4.451000
740.000000 12.000000 9.306000 3.982000
750.000000 12.000000 9.122000 3.556000
760.000000 12.000000 8.958500 3.207375
770.000000 12.000000 8.795000 2.858750
780.000000 12.000000 8.631500 2.510125
790.000000 12.000000 8.468000 2.161500
800.000000 12.000000 8.304500 1.812875
810.000000 12.000000 8.141000 1.464250
820.000000 12.000000 7.977500 1.115625
830.000000 12.000000 7.814000 0.767000
840.000000 12.000000 7.650500 0.418375
850.000000 12.000000 7.487000 0.069750
860.000000 12.000000 7.323500 -0.278875
870.000000 12.000000 7.160000 -0.627500
750.000000 11.000000 0.088000 7.704000
760.000000 11.000000 0.636000 7.441000
770.000000 11.000000 1.183000 7.179000
780.000000 11.000000 1.733000 6.910000
790.000000 11.000000 2.297000 6.618000
800.000000 11.000000 2.860000 6.325000
810.000000 11.000000 3.427000 6.039000
820.000000 11.000000 4.023000 5.807000
830.000000 11.000000 4.514875 5.569875
840.000000 11.000000 5.006750 5.332750
850.000000 11.000000 5.498625 5.095625
860.000000 11.000000 5.990500 4.858500
870.000000 11.000000 6.482375 4.621375
880.000000 11.000000 6.974250 4.384250
890.000000 11.000000 7.466125 4.147125
900.000000 11.000000 7.958000 3.910000
910.000000 11.000000 8.449875 3.672875
920.000000 11.000000 8.941750 3.435750
930.000000 11.000000 9.433625 3.198625
940.000000 11.000000 9.925500 2.961500
890.000000 13.000000 15.111000 8.759000
900.000000 13.000000 14.495000 8.776000
910.000000 13.000000 13.879000 8.793000
920.000000 13.000000 13.255000 8.833000
930.000000 13.000000 12.602000 8.965000
940.000000 13.000000 11.949000 9.096000
950.000000 13.000000 11.298000 9.246000
960.000000 13.000000 10.653000 9.439000
970.000000 13.000000 10.095750 9.524000
980.000000 13.000000 9.538500 9.609000
990.000000 13.000000 8.981250 9.694000
1000.000000 13.000000 8.424000 9.779000
1010.000000 13.000000 7.866750 9.864000
1020.000000 13.000000 7.309500 9.949000
1030.000000 13.000000 6.752250 10.034000
1040.000000 13.000000 6.195000 10.119000
1050.000000 13.000000 5.637750 10.204000
1060.000000 13.000000 5.080500 10.289000
1070.000000 13.000000 4.523250 10.374000
1080.000000 13.000000 3.966000 10.459000
1130.000000 18.000000 15.426000 8.393000
1140.000000 18.000000 14.639000 8.472000
1150.000000 18.000000 13.852000 8.552000
1160.000000 18.000000 13.064000 8.632000
1170.000000 18.000000 12.270000 8.799000
1180.000000 18.000000 11.475000 8.975000
1190.000000 18.000000 10.682000 9.135000
1200.000000 18.000000 9.898000 9.225000
1210.000000 18.000000 9.207000 9.329000
1220.000000 18.000000 8.516000 9.433000
1230.000000 18.000000 7.825000 9.537000
1240.000000 18.000000 7.134000 9.641000
1250.000000 18.000000 6.443000 9.745000
1260.000000 18.000000 5.752000 9.849000
1270.000000 18.000000 5.061000 9.953000
1280.000000 18.000000 4.370000 10.057000
1290.000000 18.000000 3.679000 10.161000
1300.000000 18.000000 2.988000 10.265000
1310.000000 18.000000 2.297000 10.369000
1320.000000 18.000000 1.606000 10.473000
1140.000000 21.000000 1.136000 7.652000
1150.000000 21.000000 1.552000 7.805000
1160.000000 21.000000 1.967000 7.958000
1170.000000 21.000000 2.383000 8.111000
1180.000000 21.000000 2.813000 8.267000
1190.000000 21.000000 3.304000 8.434000
1200.000000 21.000000 3.795000 8.601000
1210.000000 21.000000 4.281000 8.754000
1220.000000 21.000000 4.674125 8.891750
1230.000000 21.000000 5.067250 9.029500
1240.000000 21.000000 5.460375 9.167250
1250.000000 21.000000 5.853500 9.305000
1260.000000 21.000000 6.246625 9.442750
1270.000000 21.000000 6.639750 9.580500
1280.000000 21.000000 7.032875 9.718250
1290.000000 21.000000 7.426000 9.856000
1300.000000 21.000000 7.819125 9.993750
1310.000000 21.000000 8.212250 10.131500
1320.000000 21.000000 8.605375 10.269250
1330.000000 21.000000 8.998500 10.407000
1160.000000 19.000000 12.242000 7.491000
1170.000000 19.000000 11.891000 7.520000
1180.000000 19.000000 11.540000 7.549000
1190.000000 19.000000 11.190000 7.578000
1200.000000 19.000000 10.763000 7.634000
1210.000000 19.000000 10.285000 7.707000
1220.000000 19.000000 9.808000 7.780000
1230.000000 19.000000 9.168000 7.962000
1240.000000 19.000000 8.783750 8.020875
1250.000000 19.000000 8.399500 8.079750
1260.000000 19.000000 8.015250 8.138625
1270.000000 19.000000 7.631000 8.197500
1280.000000 19.000000 7.246750 8.256375
1290.000000 19.000000 6.862500 8.315250
1300.000000 19.000000 6.478250 8.374125
1310.000000 19.000000 6.094000 8.433000
1320.000000 19.000000 5.709750 8.491875
1330.000000 19.000000 5.325500 8.550750
1340.000000 19.000000 4.941250 8.609625
1350.000000 19.000000 4.557000 8.668500
1200.000000 20.000000 11.991000 8.161000
1210.000000 20.000000 11.435000 8.276000
1220.000000 20.000000 10.879000 8.390000
1230.000000 20.000000 10.358000 8.493000
1240.000000 20.000000 9.851000 8.590000
1250.000000 20.000000 9.345000 8.687000
1260.000000 20.000000 8.766000 8.735000
1270.000000 20.000000 8.187000 8.783000
1280.000000 20.000000 7.711500 8.860750
1290.000000 20.000000 7.236000 8.938500
1300.000000 20.000000 6.760500 9.016250
1310.000000 20.000000 6.285000 9.094000
1320.000000 20.000000 5.809500 9.171750
1330.000000 20.000000 5.334000 9.249500
1340.000000 20.000000 4.858500 9.327250
1350.000000 20.000000 4.383000 9.405000
1360.000000 20.000000 3.907500 9.482750
1370.000000 20.000000 3.432000 9.560500
1380.000000 20.000000 2.956500 9.638250
1390.000000 20.000000 2.481000 9.716000
1230.000000 25.000000 3.849000 4.590000
1240.000000 25.000000 4.039000 4.668000
1250.000000 25.000000 4.229000 4.747000
1260.000000 25.000000 4.419000 4.825000
1270.000000 25.000000 4.609000 4.903000
1280.000000 25.000000 4.798000 4.981000
1290.000000 25.000000 4.988000 5.060000
1300.000000 25.000000 5.225000 5.100000
1310.000000 25.000000 5.397000 5.163750
1320.000000 25.000000 5.569000 5.227500
1330.000000 25.000000 5.741000 5.291250
1340.000000 25.000000 5.913000 5.355000
1350.000000 25.000000 6.085000 5.418750
1360.000000 25.000000 6.257000 5.482500
1370.000000 25.000000 6.429000 5.546250
1380.000000 25.000000 6.601000 5.610000
1390.000000 25.000000 6.773000 5.673750
1400.000000 25.000000 6.945000 5.737500
1410.000000 25.000000 7.117000 5.801250
1420.000000 25.000000 7.289000 5.865000
1310.000000 22.000000 14.781000 5.883000
1320.000000 22.000000 14.322000 5.852000
1330.000000 22.000000 13.863000 5.821000
1340.000000 22.000000 13.405000 5.791000
1350.000000 22.000000 12.965000 5.789000
1360.000000 22.000000 12.544000 5.817000
1370.000000 22.000000 12.123000 5.845000
1380.000000 22.000000 11.702000 5.873000
1390.000000 22.000000 11.317125 5.871750
1400.000000 22.000000 10.932250 5.870500
1410.000000 22.000000 10.547375 5.869250
1420.000000 22.000000 10.162500 5.868000
1430.000000 22.000000 9.777625 5.866750
1440.000000 22.000000 9.392750 5.865500
1450.000000 22.000000 9.007875 5.864250
1460.000000 22.000000 8.623000 5.863000
1470.000000 22.000000 8.238125 5.861750
1480.000000 22.000000 7.853250 5.860500
1490.000000 22.000000 7.468375 5.859250
1500.000000 22.000000 7.083500 5.858000
1310.000000 23.000000 14.939000 5.155000
1320.000000 23.000000 14.500000 5.155000
1330.000000 23.000000 14.060000 5.155000
1340.000000 23.000000 13.621000 5.155000
1350.000000 23.000000 13.176000 5.166000
1360.000000 23.000000 12.731000 5.180000
1370.000000 23.000000 12.285000 5.194000
1380.000000 23.000000 11.849000 5.189000
1390.000000 23.000000 11.462750 5.193250
1400.000000 23.000000 11.076500 5.197500
1410.000000 23.000000 10.690250 5.201750
1420.000000 23.000000 10.304000 5.206000
1430.000000 23.000000 9.917750 5.210250
1440.000000 23.000000 9.531500 5.214500
1450.000000 23.000000 9.145250 5.218750
1460.000000 23.000000 8.759000 5.223000
1470.000000 23.000000 8.372750 5.227250
1480.000000 23.000000 7.986500 5.231500
1490.000000 23.000000 7.600250 5.235750
1500.000000 23.000000 7.214000 5.240000
1310.000000 24.000000 14.936000 4.413000
1320.000000 24.000000 14.479000 4.399000
1330.000000 24.000000 14.022000 4.385000
1340.000000 24.000000 13.565000 4.372000
1350.000000 24.000000 13.126000 4.347000
1360.000000 24.000000 12.695000 4.318000
1370.000000 24.000000 12.263000 4.289000
1380.000000 24.000000 11.832000 4.260000
1390.000000 24.000000 11.444000 4.240875
1400.000000 24.000000 11.056000 4.221750
1410.000000 24.000000 10.668000 4.202625
1420.000000 24.000000 10.280000 4.183500
1430.000000 24.000000 9.892000 4.164375
1440.000000 24.000000 9.504000 4.145250
1450.000000 24.000000 9.116000 4.126125
1460.000000 24.000000 8.728000 4.107000
1470.000000 24.000000 8.340000 4.087875
1480.000000 24.000000 7.952000 4.068750
1490.000000 24.000000 7.564000 4.049625
1500.000000 24.000000 7.176000 4.030500
1370.000000 27.000000 6.367000 0.491000
1380.000000 27.000000 6.390000 1.139000
1390.000000 27.000000 6.412000 1.787000
1400.000000 27.000000 6.428000 2.382000
1410.000000 27.000000 6.440000 2.955000
1420.000000 27.000000 6.452000 3.527000
1430.000000 27.000000 6.461000 4.085000
1440.000000 27.000000 6.461000 4.580000
1450.000000 27.000000 6.472750 5.091125
1460.000000 27.000000 6.484500 5.602250
1470.000000 27.000000 6.496250 6.113375
1480.000000 27.000000 6.508000 6.624500
1490.000000 27.000000 6.519750 7.135625
1500.000000 27.000000 6.531500 7.646750
1510.000000 27.000000 6.543250 8.157875
1520.000000 27.000000 6.555000 8.669000
1530.000000 27.000000 6.566750 9.180125
1540.000000 27.000000 6.578500 9.691250
1550.000000 27.000000 6.590250 10.202375
1560.000000 27.000000 6.602000 10.713500
1430.000000 26.000000 8.171000 6.327000
1440.000000 26.000000 8.321000 6.402000
1450.000000 26.000000 8.470000 6.478000
1460.000000 26.000000 8.611000 6.546000
1470.000000 26.000000 8.743000 6.607000
1480.000000 26.000000 8.875000 6.668000
1490.000000 26.000000 9.007000 6.729000
1500.000000 26.000000 9.101000 6.781000
1510.000000 26.000000 9.217250 6.837750
1520.000000 26.000000 9.333500 6.894500
1530.000000 26.000000 9.449750 6.951250
1540.000000 26.000000 9.566000 7.008000
1550.000000 26.000000 9.682250 7.064750
1560.000000 26.000000 9.798500 7.121500
1570.000000 26.000000 9.914750 7.178250
1580.000000 26.000000 10.031000 7.235000
1590.000000 26.000000 10.147250 7.291750
1600.000000 26.000000 10.263500 7.348500
1610.000000 26.000000 10.379750 7.405250
1620.000000 26.000000 10.496000 7.462000
1560.000000 28.000000 9.766000 9.217000
1570.000000 28.000000 9.769000 9.169000
1580.000000 28.000000 9.771000 9.120000
1590.000000 28.000000 9.774000 9.072000
1600.000000 28.000000 9.776000 9.024000
1610.000000 28.000000 9.778000 8.976000
1620.000000 28.000000 9.781000 8.927000
1630.000000 28.000000 9.783000 8.879000
1640.000000 28.000000 9.785125 8.836750
1650.000000 28.000000 9.787250 8.794500
1660.000000 28.000000 9.789375 8.752250
1670.000000 28.000000 9.791500 8.710000
1680.000000 28.000000 9.793625 8.667750
1690.000000 28.000000 9.795750 8.625500
1700.000000 28.000000 9.797875 8.583250
1710.000000 28.000000 9.800000 8.541000
1720.000000 28.000000 9.802125 8.498750
1730.000000 28.000000 9.804250 8.456500
1740.000000 28.000000 9.806375 8.414250
1750.000000 28.000000 9.808500 8.372000
1560.000000 29.000000 0.844000 7.509000
1570.000000 29.000000 1.049000 7.352000
1580.000000 29.000000 1.254000 7.195000
1590.000000 29.000000 1.459000 7.038000
1600.000000 29.000000 1.664000 6.881000
1610.000000 29.000000 1.967000 6.760000
1620.000000 29.000000 2.295000 6.647000
1630.000000 29.000000 2.623000 6.535000
1640.000000 29.000000 2.845375 6.413250
1650.000000 29.000000 3.067750 6.291500
1660.000000 29.000000 3.290125 6.169750
1670.000000 29.000000 3.512500 6.048000
1680.000000 29.000000 3.734875 5.926250
1690.000000 29.000000 3.957250 5.804500
1700.000000 29.000000 4.179625 5.682750
1710.000000 29.000000 4.402000 5.561000
1720.000000 29.000000 4.624375 5.439250
1730.000000 29.000000 4.846750 5.317500
1740.000000 29.000000 5.069125 5.195750
1750.000000 29.000000 5.291500 5.074000
1780.000000 30.000000 12.813000 9.162000
1790.000000 30.000000 12.238000 9.393000
1800.000000 30.000000 11.663000 9.623000
1810.000000 30.000000 11.091000 9.861000
1820.000000 30.000000 10.527000 10.115000
1830.000000 30.000000 9.964000 10.369000
1840.000000 30.000000 9.398000 10.622000
1850.000000 30.000000 8.823000 10.869000
1860.000000 30.000000 8.324250 11.082375
1870.000000 30.000000 7.825500 11.295750
1880.000000 30.000000 7.326750 11.509125
1890.000000 30.000000 6.828000 11.722500
1900.000000 30.000000 6.329250 11.935875
1910.000000 30.000000 5.830500 12.149250
1920.000000 30.000000 5.331750 12.362625
1930.000000 30.000000 4.833000 12.576000
1940.000000 30.000000 4.334250 12.789375
1950.000000 30.000000 3.835500 13.002750
1960.000000 30.000000 3.336750 13.216125
1970.000000 30.000000 2.838000 13.429500
1780.000000 31.000000 1.784000 11.060000
1790.000000 31.000000 2.400000 10.857000
1800.000000 31.000000 3.016000 10.654000
1810.000000 31.000000 3.591000 10.450000
1820.000000 31.000000 4.140000 10.245000
1830.000000 31.000000 4.689000 10.041000
1840.000000 31.000000 5.321000 9.899000
1850.000000 31.000000 5.975000 9.774000
1860.000000 31.000000 6.498875 9.613250
1870.000000 31.000000 7.022750 9.452500
1880.000000 31.000000 7.546625 9.291750
1890.000000 31.000000 8.070500 9.131000
1900.000000 31.000000 8.594375 8.970250
1910.000000 31.000000 9.118250 8.809500
1920.000000 31.000000 9.642125 8.648750
1930.000000 31.000000 10.166000 8.488000
1940.000000 31.000000 10.689875 8.327250
1950.000000 31.000000 11.213750 8.166500
1960.000000 31.000000 11.737625 8.005750
1970.000000 31.000000 12.261500 7.845000
2040.000000 33.000000 0.146000 10.352000
2050.000000 33.000000 0.763000 10.294000
2060.000000 33.000000 1.380000 10.237000
2070.000000 33.000000 1.996000 10.154000
2080.000000 33.000000 2.613000 9.974000
2090.000000 33.000000 3.230000 9.792000
2100.000000 33.000000 3.825000 9.619000
2110.000000 33.000000 4.370000 9.462000
2120.000000 33.000000 4.898000 9.350750
2130.000000 33.000000 5.426000 9.239500
2140.000000 33.000000 5.954000 9.128250
2150.000000 33.000000 6.482000 9.017000
2160.000000 33.000000 7.010000 8.905750
2170.000000 33.000000 7.538000 8.794500
2180.000000 33.000000 8.066000 8.683250
2190.000000 33.000000 8.594000 8.572000
2200.000000 33.000000 9.122000 8.460750
2210.000000 33.000000 9.650000 8.349500
2220.000000 33.000000 10.178000 8.238250
2230.000000 33.000000 10.706000 8.127000
2110.000000 35.000000 0.182000 8.361000
2120.000000 35.000000 0.638000 8.321000
2130.000000 35.000000 1.094000 8.281000
2140.000000 35.000000 1.560000 8.228000
2150.000000 35.000000 2.040000 8.153000
2160.000000 35.000000 2.520000 8.079000
2170.000000 35.000000 2.993000 8.024000
2180.000000 35.000000 3.437000 8.050000
2190.000000 35.000000 3.843875 8.011125
2200.000000 35.000000 4.250750 7.972250
2210.000000 35.000000 4.657625 7.933375
2220.000000 35.000000 5.064500 7.894500
2230.000000 35.000000 5.471375 7.855625
2240.000000 35.000000 5.878250 7.816750
2250.000000 35.000000 6.285125 7.777875
2260.000000 35.000000 6.692000 7.739000
2270.000000 35.000000 7.098875 7.700125
2280.000000 35.000000 7.505750 7.661250
2290.000000 35.000000 7.912625 7.622375
2300.000000 35.000000 8.319500 7.583500
2150.000000 36.000000 14.859000 6.125000
2160.000000 36.000000 14.227000 6.202000
2170.000000 36.000000 13.596000 6.278000
2180.000000 36.000000 12.975000 6.344000
2190.000000 36.000000 12.369000 6.391000
2200.000000 36.000000 11.762000 6.439000
2210.000000 36.000000 11.103000 6.487000
2220.000000 36.000000 10.438000 6.535000
2230.000000 36.000000 9.885375 6.586250
2240.000000 36.000000 9.332750 6.637500
2250.000000 36.000000 8.780125 6.688750
2260.000000 36.000000 8.227500 6.740000
2270.000000 36.000000 7.674875 6.791250
2280.000000 36.000000 7.122250 6.842500
2290.000000 36.000000 6.569625 6.893750
2300.000000 36.000000 6.017000 6.945000
2310.000000 36.000000 5.464375 6.996250
2320.000000 36.000000 4.911750 7.047500
2330.000000 36.000000 4.359125 7.098750
2340.000000 36.000000 3.806500 7.150000
2200.000000 37.000000 6.003000 12.440000
2210.000000 37.000000 6.024000 12.111000
2220.000000 37.000000 6.046000 11.782000
2230.000000 37.000000 6.072000 11.445000
2240.000000 37.000000 6.109000 11.091000
2250.000000 37.000000 6.145000 10.737000
2260.000000 37.000000 6.175000 10.379000
2270.000000 37.000000 6.196000 10.012000
2280.000000 37.000000 6.220125 9.708500
2290.000000 37.000000 6.244250 9.405000
2300.000000 37.000000 6.268375 9.101500
2310.000000 37.000000 6.292500 8.798000
2320.000000 37.000000 6.316625 8.494500
2330.000000 37.000000 6.340750 8.191000
2340.000000 37.000000 6.364875 7.887500
2350.000000 37.000000 6.389000 7.584000
2360.000000 37.000000 6.413125 7.280500
2370.000000 37.000000 6.437250 6.977000
2380.000000 37.000000 6.461375 6.673500
2390.000000 37.000000 6.485500 6.370000
2440.000000 40.000000 14.886000 6.563000
2450.000000 40.000000 14.182000 6.802000
2460.000000 40.000000 13.477000 7.040000
2470.000000 40.000000 12.735000 7.240000
2480.000000 40.000000 11.989000 7.435000
2490.000000 40.000000 11.280000 7.612000
2500.000000 40.000000 10.587000 7.781000
2510.000000 40.000000 9.893000 7.934000
2520.000000 40.000000 9.268875 8.105375
2530.000000 40.000000 8.644750 8.276750
2540.000000 40.000000 8.020625 8.448125
2550.000000 40.000000 7.396500 8.619500
2560.000000 40.000000 6.772375 8.790875
2570.000000 40.000000 6.148250 8.962250
2580.000000 40.000000 5.524125 9.133625
2590.000000 40.000000 4.900000 9.305000
2600.000000 40.000000 4.275875 9.476375
2610.000000 40.000000 3.651750 9.647750
2620.000000 40.000000 3.027625 9.819125
2630.000000 40.000000 2.403500 9.990500
2440.000000 41.000000 15.281000 9.021000
2450.000000 41.000000 14.506000 9.021000
2460.000000 41.000000 13.732000 9.021000
2470.000000 41.000000 12.958000 9.021000
2480.000000 41.000000 12.151000 9.196000
2490.000000 41.000000 11.340000 9.391000
2500.000000 41.000000 10.535000 9.598000
2510.000000 41.000000 9.755000 9.857000
2520.000000 41.000000 9.064250 9.961500
2530.000000 41.000000 8.373500 10.066000
2540.000000 41.000000 7.682750 10.170500
2550.000000 41.000000 6.992000 10.275000
2560.000000 41.000000 6.301250 10.379500
2570.000000 41.000000 5.610500 10.484000
2580.000000 41.000000 4.919750 10.588500
2590.000000 41.000000 4.229000 10.693000
2600.000000 41.000000 3.538250 10.797500
2610.000000 41.000000 2.847500 10.902000
2620.000000 41.000000 2.156750 11.006500
2630.000000 41.000000 1.466000 11.111000
2730.000000 43.000000 15.235000 9.047000
2740.000000 43.000000 14.514000 9.038000
2750.000000 43.000000 13.793000 9.029000
2760.000000 43.000000 13.083000 9.050000
2770.000000 43.000000 12.409000 9.193000
2780.000000 43.000000 11.736000 9.336000
2790.000000 43.000000 11.073000 9.602000
2800.000000 43.000000 10.415000 9.920000
2810.000000 43.000000 9.812500 10.029125
2820.000000 43.000000 9.210000 10.138250
2830.000000 43.000000 8.607500 10.247375
2840.000000 43.000000 8.005000 10.356500
2850.000000 43.000000 7.402500 10.465625
2860.000000 43.000000 6.800000 10.574750
2870.000000 43.000000 6.197500 10.683875
2880.000000 43.000000 5.595000 10.793000
2890.000000 43.000000 4.992500 10.902125
2900.000000 43.000000 4.390000 11.011250
2910.000000 43.000000 3.787500 11.120375
2920.000000 43.000000 3.185000 11.229500
2730.000000 44.000000 10.049000 6.892000
2740.000000 44.000000 10.000000 7.155000
2750.000000 44.000000 9.951000 7.418000
2760.000000 44.000000 9.902000 7.680000
2770.000000 44.000000 9.841000 7.998000
2780.000000 44.000000 9.777000 8.330000
2790.000000 44.000000 9.706000 8.588000
2800.000000 44.000000 9.629000 8.771000
2810.000000 44.000000 9.576500 9.005875
2820.000000 44.000000 9.524000 9.240750
2830.000000 44.000000 9.471500 9.475625
2840.000000 44.000000 9.419000 9.710500
2850.000000 44.000000 9.366500 9.945375
2860.000000 44.000000 9.314000 10.180250
2870.000000 44.000000 9.261500 10.415125
2880.000000 44.000000 9.209000 10.650000
2890.000000 44.000000 9.156500 10.884875
2900.000000 44.000000 9.104000 11.119750
2910.000000 44.000000 9.051500 11.354625
2920.000000 44.000000 8.999000 11.589500
2950.000000 46.000000 15.113000 7.655000
2960.000000 46.000000 14.465000 7.711000
2970.000000 46.000000 13.818000 7.766000
2980.000000 46.000000 13.166000 7.844000
2990.000000 46.000000 12.503000 7.976000
3000.000000 46.000000 11.841000 8.109000
3010.000000 46.000000 11.213000 8.249000
3020.000000 46.000000 10.609000 8.395000
3030.000000 46.000000 10.046000 8.487500
3040.000000 46.000000 9.483000 8.580000
3050.000000 46.000000 8.920000 8.672500
3060.000000 46.000000 8.357000 8.765000
3070.000000 46.000000 7.794000 8.857500
3080.000000 46.000000 7.231000 8.950000
3090.000000 46.000000 6.668000 9.042500
3100.000000 46.000000 6.105000 9.135000
3110.000000 46.000000 5.542000 9.227500
3120.000000 46.000000 4.979000 9.320000
3130.000000 46.000000 4.416000 9.412500
3140.000000 46.000000 3.853000 9.505000
2960.000000 47.000000 14.691000 8.306000
2970.000000 47.000000 14.104000 8.356000
2980.000000 47.000000 13.515000 8.413000
2990.000000 47.000000 12.912000 8.532000
3000.000000 47.000000 12.309000 8.651000
3010.000000 47.000000 11.697000 8.831000
3020.000000 47.000000 11.084000 9.018000
3030.000000 47.000000 10.435000 9.207000
3040.000000 47.000000 9.903000 9.319625
3050.000000 47.000000 9.371000 9.432250
3060.000000 47.000000 8.839000 9.544875
3070.000000 47.000000 8.307000 9.657500
3080.000000 47.000000 7.775000 9.770125
3090.000000 47.000000 7.243000 9.882750
3100.000000 47.000000 6.711000 9.995375
3110.000000 47.000000 6.179000 10.108000
3120.000000 47.000000 5.647000 10.220625
3130.000000 47.000000 5.115000 10.333250
3140.000000 47.000000 4.583000 10.445875
3150.000000 47.000000 4.051000 10.558500
2960.000000 48.000000 14.707000 9.007000
2970.000000 48.000000 14.110000 8.978000
2980.000000 48.000000 13.512000 8.950000
2990.000000 48.000000 12.990000 9.065000
3000.000000 48.000000 12.467000 9.180000
3010.000000 48.000000 11.920000 9.338000
3020.000000 48.000000 11.315000 9.596000
3030.000000 48.000000 10.710000 9.855000
3040.000000 48.000000 10.210375 9.961000
3050.000000 48.000000 9.710750 10.067000
3060.000000 48.000000 9.211125 10.173000
3070.000000 48.000000 8.711500 10.279000
3080.000000 48.000000 8.211875 10.385000
3090.000000 48.000000 7.712250 10.491000
3100.000000 48.000000 7.212625 10.597000
3110.000000 48.000000 6.713000 10.703000
3120.000000 48.000000 6.213375 10.809000
3130.000000 48.000000 5.713750 10.915000
3140.000000 48.000000 5.214125 11.021000
3150.000000 48.000000 4.714500 11.127000
3010.000000 49.000000 8.891000 8.481000
3020.000000 49.000000 9.199000 8.335000
3030.000000 49.000000 9.506000 8.188000
3040.000000 49.000000 9.862000 8.120000
3050.000000 49.000000 10.264000 8.130000
3060.000000 49.000000 10.662000 8.137000
3070.000000 49.000000 11.037000 8.128000
3080.000000 49.000000 11.413000 8.119000
3090.000000 49.000000 11.728250 8.073750
3100.000000 49.000000 12.043500 8.028500
3110.000000 49.000000 12.358750 7.983250
3120.000000 49.000000 12.674000 7.938000
3130.000000 49.000000 12.989250 7.892750
3140.000000 49.000000 13.304500 7.847500
3150.000000 49.000000 13.619750 7.802250
3160.000000 49.000000 13.935000 7.757000
3170.000000 49.000000 14.250250 7.711750
3180.000000 49.000000 14.565500 7.666500
3190.000000 49.000000 14.880750 7.621250
3200.000000 49.000000 15.196000 7.576000
3040.000000 50.000000 0.112000 10.188000
3050.000000 50.000000 0.469000 9.974000
3060.000000 50.000000 0.827000 9.759000
3070.000000 50.000000 1.185000 9.544000
3080.000000 50.000000 1.547000 9.360000
3090.000000 50.000000 1.910000 9.179000
3100.000000 50.000000 2.273000 8.997000
3110.000000 50.000000 2.592000 8.891000
3120.000000 50.000000 2.902000 8.728875
3130.000000 50.000000 3.212000 8.566750
3140.000000 50.000000 3.522000 8.404625
3150.000000 50.000000 3.832000 8.242500
3160.000000 50.000000 4.142000 8.080375
3170.000000 50.000000 4.452000 7.918250
3180.000000 50.000000 4.762000 7.756125
3190.000000 50.000000 5.072000 7.594000
3200.000000 50.000000 5.382000 7.431875
3210.000000 50.000000 5.692000 7.269750
3220.000000 50.000000 6.002000 7.107625
3230.000000 50.000000 6.312000 6.945500
3100.000000 52.000000 0.118000 12.916000
3110.000000 52.000000 0.442000 12.852000
3120.000000 52.000000 0.766000 12.788000
3130.000000 52.000000 1.077000 12.747000
3140.000000 52.000000 1.382000 12.716000
3150.000000 52.000000 1.688000 12.685000
3160.000000 52.000000 1.940000 12.641000
3170.000000 52.000000 2.156000 12.588000
3180.000000 52.000000 2.410750 12.547000
3190.000000 52.000000 2.665500 12.506000
3200.000000 52.000000 2.920250 12.465000
3210.000000 52.000000 3.175000 12.424000
3220.000000 52.000000 3.429750 12.383000
3230.000000 52.000000 3.684500 12.342000
3240.000000 52.000000 3.939250 12.301000
3250.000000 52.000000 4.194000 12.260000
3260.000000 52.000000 4.448750 12.219000
3270.000000 52.000000 4.703500 12.178000
3280.000000 52.000000 4.958250 12.137000
3290.000000 52.000000 5.213000 12.096000
3200.000000 54.000000 14.702000 9.063000
3210.000000 54.000000 14.045000 9.050000
3220.000000 54.000000 13.343000 9.157000
3230.000000 54.000000 12.622000 9.316000
3240.000000 54.000000 11.954000 9.510000
3250.000000 54.000000 11.323000 9.728000
3260.000000 54.000000 10.689000 9.946000
3270.000000 54.000000 10.049000 10.166000
3280.000000 54.000000 9.467375 10.303875
3290.000000 54.000000 8.885750 10.441750
3300.000000 54.000000 8.304125 10.579625
3310.000000 54.000000 7.722500 10.717500
3320.000000 54.000000 7.140875 10.855375
3330.000000 54.000000 6.559250 10.993250
3340.000000 54.000000 5.977625 11.131125
3350.000000 54.000000 5.396000 11.269000
3360.000000 54.000000 4.814375 11.406875
3370.000000 54.000000 4.232750 11.544750
3380.000000 54.000000 3.651125 11.682625
3390.000000 54.000000 3.069500 11.820500
3240.000000 51.000000 4.206000 8.429000
3250.000000 51.000000 4.399000 8.380000
3260.000000 51.000000 4.735000 8.292000
3270.000000 51.000000 5.072000 8.203000
3280.000000 51.000000 5.409000 8.114000
3290.000000 51.000000 5.842000 7.995000
3300.000000 51.000000 6.274000 7.876000
3310.000000 51.000000 6.707000 7.756000
3320.000000 51.000000 7.019625 7.671875
3330.000000 51.000000 7.332250 7.587750
3340.000000 51.000000 7.644875 7.503625
3350.000000 51.000000 7.957500 7.419500
3360.000000 51.000000 8.270125 7.335375
3370.000000 51.000000 8.582750 7.251250
3380.000000 51.000000 8.895375 7.167125
3390.000000 51.000000 9.208000 7.083000
3400.000000 51.000000 9.520625 6.998875
3410.000000 51.000000 9.833250 6.914750
3420.000000 51.000000 10.145875 6.830625
3430.000000 51.000000 10.458500 6.746500
3300.000000 53.000000 3.967000 10.755000
3310.000000 53.000000 4.099000 10.568000
3320.000000 53.000000 4.230000 10.382000
3330.000000 53.000000 4.415000 10.223000
3340.000000 53.000000 4.600000 10.064000
3350.000000 53.000000 4.785000 9.904000
3360.000000 53.000000 4.984000 9.729000
3370.000000 53.000000 5.188000 9.546000
3380.000000 53.000000 5.340625 9.394875
3390.000000 53.000000 5.493250 9.243750
3400.000000 53.000000 5.645875 9.092625
3410.000000 53.000000 5.798500 8.941500
3420.000000 53.000000 5.951125 8.790375
3430.000000 53.000000 6.103750 8.639250
3440.000000 53.000000 6.256375 8.488125
3450.000000 53.000000 6.409000 8.337000
3460.000000 53.000000 6.561625 8.185875
3470.000000 53.000000 6.714250 8.034750
3480.000000 53.000000 6.866875 7.883625
3490.000000 53.000000 7.019500 7.732500
3460.000000 55.000000 -0.162000 11.055000
3470.000000 55.000000 0.728000 10.958000
3480.000000 55.000000 1.618000 10.860000
3490.000000 55.000000 2.498000 10.782000
3500.000000 55.000000 3.369000 10.725000
3510.000000 55.000000 4.240000 10.667000
3520.000000 55.000000 5.077000 10.617000
3530.000000 55.000000 5.893000 10.573000
3540.000000 55.000000 6.649875 10.512750
3550.000000 55.000000 7.406750 10.452500
3560.000000 55.000000 8.163625 10.392250
3570.000000 55.000000 8.920500 10.332000
3580.000000 55.000000 9.677375 10.271750
3590.000000 55.000000 10.434250 10.211500
3600.000000 55.000000 11.191125 10.151250
3610.000000 55.000000 11.948000 10.091000
3620.000000 55.000000 12.704875 10.030750
3630.000000 55.000000 13.461750 9.970500
3640.000000 55.000000 14.218625 9.910250
3650.000000 55.000000 14.975500 9.850000
3520.000000 56.000000 0.132000 11.040000
3530.000000 56.000000 0.816000 10.938000
3540.000000 56.000000 1.500000 10.835000
3550.000000 56.000000 2.181000 10.742000
3560.000000 56.000000 2.857000 10.670000
3570.000000 56.000000 3.533000 10.597000
3580.000000 56.000000 4.209000 10.525000
3590.000000 56.000000 4.888000 10.440000
3600.000000 56.000000 5.482500 10.365000
3610.000000 56.000000 6.077000 10.290000
3620.000000 56.000000 6.671500 10.215000
3630.000000 56.000000 7.266000 10.140000
3640.000000 56.000000 7.860500 10.065000
3650.000000 56.000000 8.455000 9.990000
3660.000000 56.000000 9.049500 9.915000
3670.000000 56.000000 9.644000 9.840000
3680.000000 56.000000 10.238500 9.765000
3690.000000 56.000000 10.833000 9.690000
3700.000000 56.000000 11.427500 9.615000
3710.000000 56.000000 12.022000 9.540000
3970.000000 60.000000 14.764000 8.080000
3980.000000 60.000000 14.000000 8.292000
3990.000000 60.000000 13.236000 8.504000
4000.000000 60.000000 12.553000 8.806000
4010.000000 60.000000 11.906000 9.145000
4020.000000 60.000000 11.256000 9.497000
4030.000000 60.000000 10.582000 9.955000
4040.000000 60.000000 9.909000 10.413000
4050.000000 60.000000 9.302125 10.704625
4060.000000 60.000000 8.695250 10.996250
4070.000000 60.000000 8.088375 11.287875
4080.000000 60.000000 7.481500 11.579500
4090.000000 60.000000 6.874625 11.871125
4100.000000 60.000000 6.267750 12.162750
4110.000000 60.000000 5.660875 12.454375
4120.000000 60.000000 5.054000 12.746000
4130.000000 60.000000 4.447125 13.037625
4140.000000 60.000000 3.840250 13.329250
4150.000000 60.000000 3.233375 13.620875
4160.000000 60.000000 2.626500 13.912500
3990.000000 62.000000 3.379000 7.155000
4000.000000 62.000000 3.688000 7.436000
4010.000000 62.000000 3.998000 7.717000
4020.000000 62.000000 4.307000 7.998000
4030.000000 62.000000 4.736000 8.278000
4040.000000 62.000000 5.285000 8.559000
4050.000000 62.000000 5.829000 8.830000
4060.000000 62.000000 6.352000 9.069000
4070.000000 62.000000 6.723625 9.308250
4080.000000 62.000000 7.095250 9.547500
4090.000000 62.000000 7.466875 9.786750
4100.000000 62.000000 7.838500 10.026000
4110.000000 62.000000 8.210125 10.265250
4120.000000 62.000000 8.581750 10.504500
4130.000000 62.000000 8.953375 10.743750
4140.000000 62.000000 9.325000 10.983000
4150.000000 62.000000 9.696625 11.222250
4160.000000 62.000000 10.068250 11.461500
4170.000000 62.000000 10.439875 11.700750
4180.000000 62.000000 10.811500 11.940000
4220.000000 64.000000 2.294000 11.340000
4230.000000 64.000000 2.925000 11.140000
4240.000000 64.000000 3.557000 10.939000
4250.000000 64.000000 4.180000 10.707000
4260.000000 64.000000 4.799000 10.453000
4270.000000 64.000000 5.417000 10.200000
4280.000000 64.000000 6.031000 9.908000
4290.000000 64.000000 6.640000 9.558000
4300.000000 64.000000 7.183250 9.335250
4310.000000 64.000000 7.726500 9.112500
4320.000000 64.000000 8.269750 8.889750
4330.000000 64.000000 8.813000 8.667000
4340.000000 64.000000 9.356250 8.444250
4350.000000 64.000000 9.899500 8.221500
4360.000000 64.000000 10.442750 7.998750
4370.000000 64.000000 10.986000 7.776000
4380.000000 64.000000 11.529250 7.553250
4390.000000 64.000000 12.072500 7.330500
4400.000000 64.000000 12.615750 7.107750
4410.000000 64.000000 13.159000 6.885000
4220.000000 65.000000 6.877000 9.056000
4230.000000 65.000000 6.742000 9.588000
4240.000000 65.000000 6.609000 10.119000
4250.000000 65.000000 6.417000 10.683000
4260.000000 65.000000 6.226000 11.247000
4270.000000 65.000000 6.044000 11.685000
4280.000000 65.000000 5.865000 12.092000
4290.000000 65.000000 5.680000 12.478000
4300.000000 65.000000 5.530375 12.905750
4310.000000 65.000000 5.380750 13.333500
4320.000000 65.000000 5.231125 13.761250
4330.000000 65.000000 5.081500 14.189000
4340.000000 65.000000 4.931875 14.616750
4350.000000 65.000000 4.782250 15.044500
4360.000000 65.000000 4.632625 15.472250
4370.000000 65.000000 4.483000 15.900000
4380.000000 65.000000 4.333375 16.327750
4390.000000 65.000000 4.183750 16.755500
4400.000000 65.000000 4.034125 17.183250
4410.000000 65.000000 3.884500 17.611000
4270.000000 66.000000 11.245000 7.967000
4280.000000 66.000000 10.843000 8.112000
4290.000000 66.000000 10.441000 8.256000
4300.000000 66.000000 10.039000 8.401000
4310.000000 66.000000 9.481000 8.750000
4320.000000 66.000000 8.922000 9.098000
4330.000000 66.000000 8.331000 9.327000
4340.000000 66.000000 7.691000 9.375000
4350.000000 66.000000 7.246750 9.551000
4360.000000 66.000000 6.802500 9.727000
4370.000000 66.000000 6.358250 9.903000
4380.000000 66.000000 5.914000 10.079000
4390.000000 66.000000 5.469750 10.255000
4400.000000 66.000000 5.025500 10.431000
4410.000000 66.000000 4.581250 10.607000
4420.000000 66.000000 4.137000 10.783000
4430.000000 66.000000 3.692750 10.959000
4440.000000 66.000000 3.248500 11.135000
4450.000000 66.000000 2.804250 11.311000
4460.000000 66.000000 2.360000 11.487000
4280.000000 67.000000 15.224000 7.173000
4290.000000 67.000000 14.450000 7.106000
4300.000000 67.000000 13.675000 7.040000
4310.000000 67.000000 12.888000 6.993000
4320.000000 67.000000 12.070000 6.993000
4330.000000 67.000000 11.253000 6.993000
4340.000000 67.000000 10.467000 7.062000
4350.000000 67.000000 9.695000 7.162000
4360.000000 67.000000 9.003875 7.160625
4370.000000 67.000000 8.312750 7.159250
4380.000000 67.000000 7.621625 7.157875
4390.000000 67.000000 6.930500 7.156500
4400.000000 67.000000 6.239375 7.155125
4410.000000 67.000000 5.548250 7.153750
4420.000000 67.000000 4.857125 7.152375
4430.000000 67.000000 4.166000 7.151000
4440.000000 67.000000 3.474875 7.149625
4450.000000 67.000000 2.783750 7.148250
4460.000000 67.000000 2.092625 7.146875
4470.000000 67.000000 1.401500 7.145500
4310.000000 68.000000 10.313000 9.618000
4320.000000 68.000000 9.892000 9.484000
4330.000000 68.000000 9.408000 9.272000
4340.000000 68.000000 8.829000 8.944000
4350.000000 68.000000 8.261000 8.699000
4360.000000 68.000000 7.698000 8.478000
4370.000000 68.000000 7.145000 8.270000
4380.000000 68.000000 6.609000 8.067000
4390.000000 68.000000 6.146000 7.873125
4400.000000 68.000000 5.683000 7.679250
4410.000000 68.000000 5.220000 7.485375
4420.000000 68.000000 4.757000 7.291500
4430.000000 68.000000 4.294000 7.097625
4440.000000 68.000000 3.831000 6.903750
4450.000000 68.000000 3.368000 6.709875
4460.000000 68.000000 2.905000 6.516000
4470.000000 68.000000 2.442000 6.322125
4480.000000 68.000000 1.979000 6.128250
4490.000000 68.000000 1.516000 5.934375
4500.000000 68.000000 1.053000 5.740500
4510.000000 69.000000 9.428000 13.047000
4520.000000 69.000000 9.374000 12.790000
4530.000000 69.000000 9.320000 12.533000
4540.000000 69.000000 9.266000 12.276000
4550.000000 69.000000 9.239000 11.989000
4560.000000 69.000000 9.239000 11.670000
4570.000000 69.000000 9.239000 11.352000
4580.000000 69.000000 9.245000 11.037000
4590.000000 69.000000 9.222125 10.785750
4600.000000 69.000000 9.199250 10.534500
4610.000000 69.000000 9.176375 10.283250
4620.000000 69.000000 9.153500 10.032000
4630.000000 69.000000 9.130625 9.780750
4640.000000 69.000000 9.107750 9.529500
4650.000000 69.000000 9.084875 9.278250
4660.000000 69.000000 9.062000 9.027000
4670.000000 69.000000 9.039125 8.775750
4680.000000 69.000000 9.016250 8.524500
4690.000000 69.000000 8.993375 8.273250
4700.000000 69.000000 8.970500 8.022000
4510.000000 70.000000 10.198000 13.383000
4520.000000 70.000000 10.227000 13.070000
4530.000000 70.000000 10.256000 12.758000
4540.000000 70.000000 10.268000 12.460000
4550.000000 70.000000 10.263000 12.179000
4560.000000 70.000000 10.257000 11.897000
4570.000000 70.000000 10.252000 11.616000
4580.000000 70.000000 10.273000 11.304000
4590.000000 70.000000 10.282375 11.044125
4600.000000 70.000000 10.291750 10.784250
4610.000000 70.000000 10.301125 10.524375
4620.000000 70.000000 10.310500 10.264500
4630.000000 70.000000 10.319875 10.004625
4640.000000 70.000000 10.329250 9.744750
4650.000000 70.000000 10.338625 9.484875
4660.000000 70.000000 10.348000 9.225000
4670.000000 70.000000 10.357375 8.965125
4680.000000 70.000000 10.366750 8.705250
4690.000000 70.000000 10.376125 8.445375
4700.000000 70.000000 10.385500 8.185500
4600.000000 73.000000 0.170000 9.853000
4610.000000 73.000000 0.818000 9.816000
4620.000000 73.000000 1.465000 9.780000
4630.000000 73.000000 2.099000 9.725000
4640.000000 73.000000 2.720000 9.654000
4650.000000 73.000000 3.342000 9.558000
4660.000000 73.000000 3.963000 9.439000
4670.000000 73.000000 4.583000 9.318000
4680.000000 73.000000 5.134625 9.251125
4690.000000 73.000000 5.686250 9.184250
4700.000000 73.000000 6.237875 9.117375
4710.000000 73.000000 6.789500 9.050500
4720.000000 73.000000 7.341125 8.983625
4730.000000 73.000000 7.892750 8.916750
4740.000000 73.000000 8.444375 8.849875
4750.000000 73.000000 8.996000 8.783000
4760.000000 73.000000 9.547625 8.716125
4770.000000 73.000000 10.099250 8.649250
4780.000000 73.000000 10.650875 8.582375
4790.000000 73.000000 11.202500 8.515500
4610.000000 74.000000 0.449000 10.200000
4620.000000 74.000000 1.178000 10.123000
4630.000000 74.000000 1.907000 10.047000
4640.000000 74.000000 2.593000 10.002000
4650.000000 74.000000 3.261000 9.971000
4660.000000 74.000000 3.919000 9.920000
4670.000000 74.000000 4.560000 9.841000
4680.000000 74.000000 5.214000 9.762000
4690.000000 74.000000 5.809625 9.707250
4700.000000 74.000000 6.405250 9.652500
4710.000000 74.000000 7.000875 9.597750
4720.000000 74.000000 7.596500 9.543000
4730.000000 74.000000 8.192125 9.488250
4740.000000 74.000000 8.787750 9.433500
4750.000000 74.000000 9.383375 9.378750
4760.000000 74.000000 9.979000 9.324000
4770.000000 74.000000 10.574625 9.269250
4780.000000 74.000000 11.170250 9.214500
4790.000000 74.000000 11.765875 9.159750
4800.000000 74.000000 12.361500 9.105000
4640.000000 75.000000 -0.100000 11.481000
4650.000000 75.000000 0.466000 11.298000
4660.000000 75.000000 1.033000 11.114000
4670.000000 75.000000 1.600000 10.931000
4680.000000 75.000000 2.176000 11.006000
4690.000000 75.000000 2.765000 11.047000
4700.000000 75.000000 3.458000 10.859000
4710.000000 75.000000 4.109000 10.859000
4720.000000 75.000000 4.635125 10.781250
4730.000000 75.000000 5.161250 10.703500
4740.000000 75.000000 5.687375 10.625750
4750.000000 75.000000 6.213500 10.548000
4760.000000 75.000000 6.739625 10.470250
4770.000000 75.000000 7.265750 10.392500
4780.000000 75.000000 7.791875 10.314750
4790.000000 75.000000 8.318000 10.237000
4800.000000 75.000000 8.844125 10.159250
4810.000000 75.000000 9.370250 10.081500
4820.000000 75.000000 9.896375 10.003750
4830.000000 75.000000 10.422500 9.926000
4680.000000 76.000000 0.328000 7.055000
4690.000000 76.000000 0.899000 7.370000
4700.000000 76.000000 1.470000 7.686000
4710.000000 76.000000 1.929000 8.114000
4720.000000 76.000000 2.340000 8.592000
4730.000000 76.000000 2.668000 9.063000
4740.000000 76.000000 2.940000 9.530000
4750.000000 76.000000 3.241000 9.967000
4760.000000 76.000000 3.605125 10.331000
4770.000000 76.000000 3.969250 10.695000
4780.000000 76.000000 4.333375 11.059000
4790.000000 76.000000 4.697500 11.423000
4800.000000 76.000000 5.061625 11.787000
4810.000000 76.000000 5.425750 12.151000
4820.000000 76.000000 5.789875 12.515000
4830.000000 76.000000 6.154000 12.879000
4840.000000 76.000000 6.518125 13.243000
4850.000000 76.000000 6.882250 13.607000
4860.000000 76.000000 7.246375 13.971000
4870.000000 76.000000 7.610500 14.335000
4690.000000 77.000000 -0.015000 9.260000
4700.000000 77.000000 0.584000 9.021000
4710.000000 77.000000 1.142000 8.696000
4720.000000 77.000000 1.660000 8.289000
4730.000000 77.000000 2.179000 7.892000
4740.000000 77.000000 2.789000 7.542000
4750.000000 77.000000 3.412000 7.209000
4760.000000 77.000000 4.067000 6.983000
4770.000000 77.000000 4.577250 6.698375
4780.000000 77.000000 5.087500 6.413750
4790.000000 77.000000 5.597750 6.129125
4800.000000 77.000000 6.108000 5.844500
4810.000000 77.000000 6.618250 5.559875
4820.000000 77.000000 7.128500 5.275250
4830.000000 77.000000 7.638750 4.990625
4840.000000 77.000000 8.149000 4.706000
4850.000000 77.000000 8.659250 4.421375
4860.000000 77.000000 9.169500 4.136750
4870.000000 77.000000 9.679750 3.852125
4880.000000 77.000000 10.190000 3.567500
4910.000000 79.000000 0.084000 8.329000
4920.000000 79.000000 0.538000 8.329000
4930.000000 79.000000 1.000000 8.325000
4940.000000 79.000000 1.530000 8.281000
4950.000000 79.000000 2.060000 8.236000
4960.000000 79.000000 2.582000 8.178000
4970.000000 79.000000 3.090000 8.098000
4980.000000 79.000000 3.599000 8.019000
4990.000000 79.000000 4.038375 7.980250
5000.000000 79.000000 4.477750 7.941500
5010.000000 79.000000 4.917125 7.902750
5020.000000 79.000000 5.356500 7.864000
5030.000000 79.000000 5.795875 7.825250
5040.000000 79.000000 6.235250 7.786500
5050.000000 79.000000 6.674625 7.747750
5060.000000 79.000000 7.114000 7.709000
5070.000000 79.000000 7.553375 7.670250
5080.000000 79.000000 7.992750 7.631500
5090.000000 79.000000 8.432125 7.592750
5100.000000 79.000000 8.871500 7.554000
4910.000000 80.000000 -0.039000 8.821000
4920.000000 80.000000 0.472000 8.867000
4930.000000 80.000000 0.983000 8.912000
4940.000000 80.000000 1.496000 8.946000
4950.000000 80.000000 2.010000 8.975000
4960.000000 80.000000 2.523000 8.974000
4970.000000 80.000000 3.034000 8.854000
4980.000000 80.000000 3.545000 8.735000
4990.000000 80.000000 3.993000 8.724250
5000.000000 80.000000 4.441000 8.713500
5010.000000 80.000000 4.889000 8.702750
5020.000000 80.000000 5.337000 8.692000
5030.000000 80.000000 5.785000 8.681250
5040.000000 80.000000 6.233000 8.670500
5050.000000 80.000000 6.681000 8.659750
5060.000000 80.000000 7.129000 8.649000
5070.000000 80.000000 7.577000 8.638250
5080.000000 80.000000 8.025000 8.627500
5090.000000 80.000000 8.473000 8.616750
5100.000000 80.000000 8.921000 8.606000
4960.000000 82.000000 14.943000 9.930000
4970.000000 82.000000 14.312000 10.060000
4980.000000 82.000000 13.680000 10.189000
4990.000000 82.000000 13.049000 10.319000
5000.000000 82.000000 12.449000 10.435000
5010.000000 82.000000 11.863000 10.546000
5020.000000 82.000000 11.277000 10.657000
5030.000000 82.000000 10.656000 10.764000
5040.000000 82.000000 10.120125 10.868250
5050.000000 82.000000 9.584250 10.972500
5060.000000 82.000000 9.048375 11.076750
5070.000000 82.000000 8.512500 11.181000
5080.000000 82.000000 7.976625 11.285250
5090.000000 82.000000 7.440750 11.389500
5100.000000 82.000000 6.904875 11.493750
5110.000000 82.000000 6.369000 11.598000
5120.000000 82.000000 5.833125 11.702250
5130.000000 82.000000 5.297250 11.806500
5140.000000 82.000000 4.761375 11.910750
5150.000000 82.000000 4.225500 12.015000
4960.000000 83.000000 15.153000 8.933000
4970.000000 83.000000 14.522000 9.018000
4980.000000 83.000000 13.891000 9.103000
4990.000000 83.000000 13.259000 9.188000
5000.000000 83.000000 12.598000 9.299000
5010.000000 83.000000 11.936000 9.410000
5020.000000 83.000000 11.282000 9.541000
5030.000000 83.000000 10.658000 9.755000
5040.000000 83.000000 10.096125 9.857750
5050.000000 83.000000 9.534250 9.960500
5060.000000 83.000000 8.972375 10.063250
5070.000000 83.000000 8.410500 10.166000
5080.000000 83.000000 7.848625 10.268750
5090.000000 83.000000 7.286750 10.371500
5100.000000 83.000000 6.724875 10.474250
5110.000000 83.000000 6.163000 10.577000
5120.000000 83.000000 5.601125 10.679750
5130.000000 83.000000 5.039250 10.782500
5140.000000 83.000000 4.477375 10.885250
5150.000000 83.000000 3.915500 10.988000
5010.000000 84.000000 0.180000 11.602000
5020.000000 84.000000 0.925000 11.393000
5030.000000 84.000000 1.670000 11.184000
5040.000000 84.000000 2.405000 10.949000
5050.000000 84.000000 3.134000 10.701000
5060.000000 84.000000 3.863000 10.454000
5070.000000 84.000000 4.609000 10.200000
5080.000000 84.000000 5.356000 9.945000
5090.000000 84.000000 6.003000 9.737875
5100.000000 84.000000 6.650000 9.530750
5110.000000 84.000000 7.297000 9.323625
5120.000000 84.000000 7.944000 9.116500
5130.000000 84.000000 8.591000 8.909375
5140.000000 84.000000 9.238000 8.702250
5150.000000 84.000000 9.885000 8.495125
5160.000000 84.000000 10.532000 8.288000
5170.000000 84.000000 11.179000 8.080875
5180.000000 84.000000 11.826000 7.873750
5190.000000 84.000000 12.473000 7.666625
5200.000000 84.000000 13.120000 7.459500
5230.000000 87.000000 5.098000 11.218000
5240.000000 87.000000 5.612000 11.156000
5250.000000 87.000000 6.127000 11.094000
5260.000000 87.000000 6.641000 11.032000
5270.000000 87.000000 7.149000 10.932000
5280.000000 87.000000 7.655000 10.828000
5290.000000 87.000000 8.161000 10.723000
5300.000000 87.000000 8.684000 10.636000
5310.000000 87.000000 9.132250 10.563250
5320.000000 87.000000 9.580500 10.490500
5330.000000 87.000000 10.028750 10.417750
5340.000000 87.000000 10.477000 10.345000
5350.000000 87.000000 10.925250 10.272250
5360.000000 87.000000 11.373500 10.199500
5370.000000 87.000000 11.821750 10.126750
5380.000000 87.000000 12.270000 10.054000
5390.000000 87.000000 12.718250 9.981250
5400.000000 87.000000 13.166500 9.908500
5410.000000 87.000000 13.614750 9.835750
5420.000000 87.000000 14.063000 9.763000
5240.000000 88.000000 14.842000 8.292000
5250.000000 88.000000 14.346000 8.360000
5260.000000 88.000000 13.850000 8.428000
5270.000000 88.000000 13.346000 8.547000
5280.000000 88.000000 12.839000 8.688000
5290.000000 88.000000 12.353000 8.774000
5300.000000 88.000000 11.889000 8.804000
5310.000000 88.000000 11.421000 8.844000
5320.000000 88.000000 10.993375 8.913000
5330.000000 88.000000 10.565750 8.982000
5340.000000 88.000000 10.138125 9.051000
5350.000000 88.000000 9.710500 9.120000
5360.000000 88.000000 9.282875 9.189000
5370.000000 88.000000 8.855250 9.258000
5380.000000 88.000000 8.427625 9.327000
5390.000000 88.000000 8.000000 9.396000
5400.000000 88.000000 7.572375 9.465000
5410.000000 88.000000 7.144750 9.534000
5420.000000 88.000000 6.717125 9.603000
5430.000000 88.000000 6.289500 9.672000
5240.000000 89.000000 14.810000 8.876000
5250.000000 89.000000 14.377000 8.919000
5260.000000 89.000000 13.943000 8.963000
5270.000000 89.000000 13.490000 9.026000
5280.000000 89.000000 12.961000 9.171000
5290.000000 89.000000 12.432000 9.316000
5300.000000 89.000000 11.902000 9.460000
5310.000000 89.000000 11.442000 9.626000
5320.000000 89.000000 11.021000 9.719750
5330.000000 89.000000 10.600000 9.813500
5340.000000 89.000000 10.179000 9.907250
5350.000000 89.000000 9.758000 10.001000
5360.000000 89.000000 9.337000 10.094750
5370.000000 89.000000 8.916000 10.188500
5380.000000 89.000000 8.495000 10.282250
5390.000000 89.000000 8.074000 10.376000
5400.000000 89.000000 7.653000 10.469750
5410.000000 89.000000 7.232000 10.563500
5420.000000 89.000000 6.811000 10.657250
5430.000000 89.000000 6.390000 10.751000
5270.000000 90.000000 15.242000 7.443000
5280.000000 90.000000 14.484000 7.577000
5290.000000 90.000000 13.727000 7.711000
5300.000000 90.000000 12.981000 7.850000
5310.000000 90.000000 12.266000 8.003000
5320.000000 90.000000 11.550000 8.155000
5330.000000 90.000000 10.863000 8.333000
5340.000000 90.000000 10.183000 8.517000
5350.000000 90.000000 9.550625 8.651250
5360.000000 90.000000 8.918250 8.785500
5370.000000 90.000000 8.285875 8.919750
5380.000000 90.000000 7.653500 9.054000
5390.000000 90.000000 7.021125 9.188250
5400.000000 90.000000 6.388750 9.322500
5410.000000 90.000000 5.756375 9.456750
5420.000000 90.000000 5.124000 9.591000
5430.000000 90.000000 4.491625 9.725250
5440.000000 90.000000 3.859250 9.859500
5450.000000 90.000000 3.226875 9.993750
5460.000000 90.000000 2.594500 10.128000
5300.000000 91.000000 2.649000 8.875000
5310.000000 91.000000 3.189000 9.009000
5320.000000 91.000000 3.728000 9.144000
5330.000000 91.000000 4.267000 9.278000
5340.000000 91.000000 4.821000 9.395000
5350.000000 91.000000 5.385000 9.500000
5360.000000 91.000000 5.959000 9.599000
5370.000000 91.000000 6.621000 9.650000
5380.000000 91.000000 7.117500 9.746875
5390.000000 91.000000 7.614000 9.843750
5400.000000 91.000000 8.110500 9.940625
5410.000000 91.000000 8.607000 10.037500
5420.000000 91.000000 9.103500 10.134375
5430.000000 91.000000 9.600000 10.231250
5440.000000 91.000000 10.096500 10.328125
5450.000000 91.000000 10.593000 10.425000
5460.000000 91.000000 11.089500 10.521875
5470.000000 91.000000 11.586000 10.618750
5480.000000 91.000000 12.082500 10.715625
5490.000000 91.000000 12.579000 10.812500
5410.000000 92.000000 0.360000 12.524000
5420.000000 92.000000 1.071000 12.424000
5430.000000 92.000000 1.781000 12.325000
5440.000000 92.000000 2.564000 12.144000
5450.000000 92.000000 3.355000 11.955000
5460.000000 92.000000 4.146000 11.766000
5470.000000 92.000000 4.778000 11.570000
5480.000000 92.000000 5.409000 11.374000
5490.000000 92.000000 6.040125 11.230250
5500.000000 92.000000 6.671250 11.086500
5510.000000 92.000000 7.302375 10.942750
5520.000000 92.000000 7.933500 10.799000
5530.000000 92.000000 8.564625 10.655250
5540.000000 92.000000 9.195750 10.511500
5550.000000 92.000000 9.826875 10.367750
5560.000000 92.000000 10.458000 10.224000
5570.000000 92.000000 11.089125 10.080250
5580.000000 92.000000 11.720250 9.936500
5590.000000 92.000000 12.351375 9.792750
5600.000000 92.000000 12.982500 9.649000
5410.000000 93.000000 0.511000 13.619000
5420.000000 93.000000 1.022000 13.432000
5430.000000 93.000000 1.533000 13.244000
5440.000000 93.000000 2.014000 13.107000
5450.000000 93.000000 2.465000 13.022000
5460.000000 93.000000 2.916000 12.937000
5470.000000 93.000000 3.450000 12.828000
5480.000000 93.000000 4.018000 12.709000
5490.000000 93.000000 4.456375 12.595250
5500.000000 93.000000 4.894750 12.481500
5510.000000 93.000000 5.333125 12.367750
5520.000000 93.000000 5.771500 12.254000
5530.000000 93.000000 6.209875 12.140250
5540.000000 93.000000 6.648250 12.026500
5550.000000 93.000000 7.086625 11.912750
5560.000000 93.000000 7.525000 11.799000
5570.000000 93.000000 7.963375 11.685250
5580.000000 93.000000 8.401750 11.571500
5590.000000 93.000000 8.840125 11.457750
5600.000000 93.000000 9.278500 11.344000
5480.000000 94.000000 0.358000 11.885000
5490.000000 94.000000 0.989000 11.838000
5500.000000 94.000000 1.621000 11.790000
5510.000000 94.000000 2.163000 11.739000
5520.000000 94.000000 2.705000 11.679000
5530.000000 94.000000 3.235000 11.526000
5540.000000 94.000000 3.766000 11.374000
5550.000000 94.000000 4.351000 11.232000
5560.000000 94.000000 4.850125 11.150375
5570.000000 94.000000 5.349250 11.068750
5580.000000 94.000000 5.848375 10.987125
5590.000000 94.000000 6.347500 10.905500
5600.000000 94.000000 6.846625 10.823875
5610.000000 94.000000 7.345750 10.742250
5620.000000 94.000000 7.844875 10.660625
5630.000000 94.000000 8.344000 10.579000
5640.000000 94.000000 8.843125 10.497375
5650.000000 94.000000 9.342250 10.415750
5660.000000 94.000000 9.841375 10.334125
5670.000000 94.000000 10.340500 10.252500
5660.000000 95.000000 0.031000 12.330000
5670.000000 95.000000 0.507000 12.135000
5680.000000 95.000000 0.982000 11.941000
5690.000000 95.000000 1.459000 11.752000
5700.000000 95.000000 1.942000 11.610000
5710.000000 95.000000 2.425000 11.469000
5720.000000 95.000000 2.937000 11.326000
5730.000000 95.000000 3.494000 11.181000
5740.000000 95.000000 3.926875 11.037375
5750.000000 95.000000 4.359750 10.893750
5760.000000 95.000000 4.792625 10.750125
5770.000000 95.000000 5.225500 10.606500
5780.000000 95.000000 5.658375 10.462875
5790.000000 95.000000 6.091250 10.319250
5800.000000 95.000000 6.524125 10.175625
5810.000000 95.000000 6.957000 10.032000
5820.000000 95.000000 7.389875 9.888375
5830.000000 95.000000 7.822750 9.744750
5840.000000 95.000000 8.255625 9.601125
5850.000000 95.000000 8.688500 9.457500
5670.000000 96.000000 0.229000 11.467000
5680.000000 96.000000 0.743000 11.286000
5690.000000 96.000000 1.256000 11.104000
5700.000000 96.000000 1.737000 10.927000
5710.000000 96.000000 2.204000 10.750000
5720.000000 96.000000 2.694000 10.593000
5730.000000 96.000000 3.220000 10.466000
5740.000000 96.000000 3.746000 10.339000
5750.000000 96.000000 4.185625 10.198000
5760.000000 96.000000 4.625250 10.057000
5770.000000 96.000000 5.064875 9.916000
5780.000000 96.000000 5.504500 9.775000
5790.000000 96.000000 5.944125 9.634000
5800.000000 96.000000 6.383750 9.493000
5810.000000 96.000000 6.823375 9.352000
5820.000000 96.000000 7.263000 9.211000
5830.000000 96.000000 7.702625 9.070000
5840.000000 96.000000 8.142250 8.929000
5850.000000 96.000000 8.581875 8.788000
5860.000000 96.000000 9.021500 8.647000
5970.000000 97.000000 14.796000 8.119000
5980.000000 97.000000 14.250000 8.223000
5990.000000 97.000000 13.705000 8.328000
6000.000000 97.000000 13.160000 8.426000
6010.000000 97.000000 12.616000 8.511000
6020.000000 97.000000 12.073000 8.596000
6030.000000 97.000000 11.520000 8.698000
6040.000000 97.000000 10.928000 8.869000
6050.000000 97.000000 10.444500 8.962750
6060.000000 97.000000 9.961000 9.056500
6070.000000 97.000000 9.477500 9.150250
6080.000000 97.000000 8.994000 9.244000
6090.000000 97.000000 8.510500 9.337750
6100.000000 97.000000 8.027000 9.431500
6110.000000 97.000000 7.543500 9.525250
6120.000000 97.000000 7.060000 9.619000
6130.000000 97.000000 6.576500 9.712750
6140.000000 97.000000 6.093000 9.806500
6150.000000 97.000000 5.609500 9.900250
6160.000000 97.000000 5.126000 9.994000
5970.000000 98.000000 14.748000 8.769000
5980.000000 98.000000 14.275000 8.836000
5990.000000 98.000000 13.801000 8.903000
6000.000000 98.000000 13.304000 8.988000
6010.000000 98.000000 12.752000 9.115000
6020.000000 98.000000 12.199000 9.241000
6030.000000 98.000000 11.650000 9.369000
6040.000000 98.000000 11.134000 9.499000
6050.000000 98.000000 10.682250 9.590250
6060.000000 98.000000 10.230500 9.681500
6070.000000 98.000000 9.778750 9.772750
6080.000000 98.000000 9.327000 9.864000
6090.000000 98.000000 8.875250 9.955250
6100.000000 98.000000 8.423500 10.046500
6110.000000 98.000000 7.971750 10.137750
6120.000000 98.000000 7.520000 10.229000
6130.000000 98.000000 7.068250 10.320250
6140.000000 98.000000 6.616500 10.411500
6150.000000 98.000000 6.164750 10.502750
6160.000000 98.000000 5.713000 10.594000
6040.000000 99.000000 14.923000 8.732000
6050.000000 99.000000 14.300000 8.834000
6060.000000 99.000000 13.676000 8.936000
6070.000000 99.000000 13.055000 9.022000
6080.000000 99.000000 12.439000 9.084000
6090.000000 99.000000 11.824000 9.146000
6100.000000 99.000000 11.192000 9.235000
6110.000000 99.000000 10.554000 9.337000
6120.000000 99.000000 10.007875 9.412625
6130.000000 99.000000 9.461750 9.488250
6140.000000 99.000000 8.915625 9.563875
6150.000000 99.000000 8.369500 9.639500
6160.000000 99.000000 7.823375 9.715125
6170.000000 99.000000 7.277250 9.790750
6180.000000 99.000000 6.731125 9.866375
6190.000000 99.000000 6.185000 9.942000
6200.000000 99.000000 5.638875 10.017625
6210.000000 99.000000 5.092750 10.093250
6220.000000 99.000000 4.546625 10.168875
6230.000000 99.000000 4.000500 10.244500
6290.000000 104.000000 0.542000 13.766000
6300.000000 104.000000 1.198000 13.670000
6310.000000 104.000000 1.853000 13.575000
6320.000000 104.000000 2.509000 13.480000
6330.000000 104.000000 3.161000 13.386000
6340.000000 104.000000 3.807000 13.299000
6350.000000 104.000000 4.452000 13.211000
6360.000000 104.000000 5.120000 13.120000
6370.000000 104.000000 5.692250 13.039250
6380.000000 104.000000 6.264500 12.958500
6390.000000 104.000000 6.836750 12.877750
6400.000000 104.000000 7.409000 12.797000
6410.000000 104.000000 7.981250 12.716250
6420.000000 104.000000 8.553500 12.635500
6430.000000 104.000000 9.125750 12.554750
6440.000000 104.000000 9.698000 12.474000
6450.000000 104.000000 10.270250 12.393250
6460.000000 104.000000 10.842500 12.312500
6470.000000 104.000000 11.414750 12.231750
6480.000000 104.000000 11.987000 12.151000
6360.000000 105.000000 -0.063000 13.025000
6370.000000 105.000000 0.358000 12.964000
6380.000000 105.000000 0.779000 12.903000
6390.000000 105.000000 1.200000 12.842000
6400.000000 105.000000 1.621000 12.780000
6410.000000 105.000000 2.076000 12.719000
6420.000000 105.000000 2.540000 12.658000
6430.000000 105.000000 3.004000 12.597000
6440.000000 105.000000 3.387375 12.543500
6450.000000 105.000000 3.770750 12.490000
6460.000000 105.000000 4.154125 12.436500
6470.000000 105.000000 4.537500 12.383000
6480.000000 105.000000 4.920875 12.329500
6490.000000 105.000000 5.304250 12.276000
6500.000000 105.000000 5.687625 12.222500
6510.000000 105.000000 6.071000 12.169000
6520.000000 105.000000 6.454375 12.115500
6530.000000 105.000000 6.837750 12.062000
6540.000000 105.000000 7.221125 12.008500
6550.000000 105.000000 7.604500 11.955000
6430.000000 106.000000 14.985000 8.759000
6440.000000 106.000000 14.404000 8.768000
6450.000000 106.000000 13.823000 8.778000
6460.000000 106.000000 13.237000 8.847000
6470.000000 106.000000 12.646000 8.976000
6480.000000 106.000000 12.056000 9.104000
6490.000000 106.000000 11.515000 9.282000
6500.000000 106.000000 10.980000 9.467000
6510.000000 106.000000 10.479375 9.555500
6520.000000 106.000000 9.978750 9.644000
6530.000000 106.000000 9.478125 9.732500
6540.000000 106.000000 8.977500 9.821000
6550.000000 106.000000 8.476875 9.909500
6560.000000 106.000000 7.976250 9.998000
6570.000000 106.000000 7.475625 10.086500
6580.000000 106.000000 6.975000 10.175000
6590.000000 106.000000 6.474375 10.263500
6600.000000 106.000000 5.973750 10.352000
6610.000000 106.000000 5.473125 10.440500
6620.000000 106.000000 4.972500 10.529000
6430.000000 107.000000 15.256000 8.168000
6440.000000 107.000000 14.633000 8.228000
6450.000000 107.000000 14.011000 8.287000
6460.000000 107.000000 13.388000 8.354000
6470.000000 107.000000 12.764000 8.436000
6480.000000 107.000000 12.139000 8.518000
6490.000000 107.000000 11.526000 8.645000
6500.000000 107.000000 10.927000 8.839000
6510.000000 107.000000 10.385875 8.922875
6520.000000 107.000000 9.844750 9.006750
6530.000000 107.000000 9.303625 9.090625
6540.000000 107.000000 8.762500 9.174500
6550.000000 107.000000 8.221375 9.258375
6560.000000 107.000000 7.680250 9.342250
6570.000000 107.000000 7.139125 9.426125
6580.000000 107.000000 6.598000 9.510000
6590.000000 107.000000 6.056875 9.593875
6600.000000 107.000000 5.515750 9.677750
6610.000000 107.000000 4.974625 9.761625
6620.000000 107.000000 4.433500 9.845500
6890.000000 112.000000 14.822000 7.432000
6900.000000 112.000000 14.138000 7.575000
6910.000000 112.000000 13.454000 7.718000
6920.000000 112.000000 12.808000 7.883000
6930.000000 112.000000 12.166000 8.050000
6940.000000 112.000000 11.499000 8.203000
6950.000000 112.000000 10.829000 8.355000
6960.000000 112.000000 10.210000 8.506000
6970.000000 112.000000 9.633500 8.640250
6980.000000 112.000000 9.057000 8.774500
6990.000000 112.000000 8.480500 8.908750
7000.000000 112.000000 7.904000 9.043000
7010.000000 112.000000 7.327500 9.177250
7020.000000 112.000000 6.751000 9.311500
7030.000000 112.000000 6.174500 9.445750
7040.000000 112.000000 5.598000 9.580000
7050.000000 112.000000 5.021500 9.714250
7060.000000 112.000000 4.445000 9.848500
7070.000000 112.000000 3.868500 9.982750
7080.000000 112.000000 3.292000 10.117000
6890.000000 113.000000 15.008000 8.077000
6900.000000 113.000000 14.358000 8.208000
6910.000000 113.000000 13.707000 8.338000
6920.000000 113.000000 13.098000 8.473000
6930.000000 113.000000 12.507000 8.611000
6940.000000 113.000000 11.917000 8.748000
6950.000000 113.000000 11.329000 8.877000
6960.000000 113.000000 10.742000 9.007000
6970.000000 113.000000 10.208750 9.123250
6980.000000 113.000000 9.675500 9.239500
6990.000000 113.000000 9.142250 9.355750
7000.000000 113.000000 8.609000 9.472000
7010.000000 113.000000 8.075750 9.588250
7020.000000 113.000000 7.542500 9.704500
7030.000000 113.000000 7.009250 9.820750
7040.000000 113.000000 6.476000 9.937000
7050.000000 113.000000 5.942750 10.053250
7060.000000 113.000000 5.409500 10.169500
7070.000000 113.000000 4.876250 10.285750
7080.000000 113.000000 4.343000 10.402000
7170.000000 116.000000 0.084000 11.050000
7180.000000 116.000000 0.602000 10.967000
7190.000000 116.000000 1.120000 10.885000
7200.000000 116.000000 1.610000 10.795000
7210.000000 116.000000 2.056000 10.693000
7220.000000 116.000000 2.503000 10.592000
7230.000000 116.000000 2.956000 10.490000
7240.000000 116.000000 3.470000 10.375000
7250.000000 116.000000 3.893250 10.290625
7260.000000 116.000000 4.316500 10.206250
7270.000000 116.000000 4.739750 10.121875
7280.000000 116.000000 5.163000 10.037500
7290.000000 116.000000 5.586250 9.953125
7300.000000 116.000000 6.009500 9.868750
7310.000000 116.000000 6.432750 9.784375
7320.000000 116.000000 6.856000 9.700000
7330.000000 116.000000 7.279250 9.615625
7340.000000 116.000000 7.702500 9.531250
7350.000000 116.000000 8.125750 9.446875
7360.000000 116.000000 8.549000 9.362500
7180.000000 117.000000 0.255000 10.400000
7190.000000 117.000000 0.755000 10.300000
7200.000000 117.000000 1.255000 10.201000
7210.000000 117.000000 1.765000 10.106000
7220.000000 117.000000 2.276000 10.013000
7230.000000 117.000000 2.792000 9.914000
7240.000000 117.000000 3.347000 9.771000
7250.000000 117.000000 3.903000 9.628000
7260.000000 117.000000 4.359000 9.531500
7270.000000 117.000000 4.815000 9.435000
7280.000000 117.000000 5.271000 9.338500
7290.000000 117.000000 5.727000 9.242000
7300.000000 117.000000 6.183000 9.145500
7310.000000 117.000000 6.639000 9.049000
7320.000000 117.000000 7.095000 8.952500
7330.000000 117.000000 7.551000 8.856000
7340.000000 117.000000 8.007000 8.759500
7350.000000 117.000000 8.463000 8.663000
7360.000000 117.000000 8.919000 8.566500
7370.000000 117.000000 9.375000 8.470000