800.000000 2.000000 13.640000 5.800000
810.000000 2.000000 12.090000 5.750000
820.000000 2.000000 11.370000 5.800000
830.000000 2.000000 10.310000 5.970000
840.000000 2.000000 9.570000 6.240000
850.000000 2.000000 8.730000 6.340000
860.000000 2.000000 7.940000 6.500000
870.000000 2.000000 7.170000 6.620000
880.000000 2.000000 6.380000 6.953000
890.000000 2.000000 5.590000 7.286000
900.000000 2.000000 4.800000 7.619000
910.000000 2.000000 4.010000 7.952000
920.000000 2.000000 3.220000 8.285000
930.000000 2.000000 2.430000 8.618000
940.000000 2.000000 1.640000 8.951000
950.000000 2.000000 0.850000 9.284000
960.000000 2.000000 0.060000 9.617000
970.000000 2.000000 -0.730000 9.950000
980.000000 2.000000 -1.520000 10.283000
990.000000 2.000000 -2.310000 10.616000
830.000000 3.000000 12.490000 6.600000
840.000000 3.000000 11.940000 6.770000
850.000000 3.000000 11.030000 6.840000
860.000000 3.000000 10.210000 6.810000
870.000000 3.000000 9.360000 6.850000
880.000000 3.000000 8.590000 6.850000
890.000000 3.000000 7.780000 6.840000
900.000000 3.000000 6.960000 6.840000
910.000000 3.000000 6.150000 6.876000
920.000000 3.000000 5.340000 6.912000
930.000000 3.000000 4.530000 6.948000
940.000000 3.000000 3.720000 6.984000
950.000000 3.000000 2.910000 7.020000
960.000000 3.000000 2.100000 7.056000
970.000000 3.000000 1.290000 7.092000
980.000000 3.000000 0.480000 7.128000
990.000000 3.000000 -0.330000 7.164000
1000.000000 3.000000 -1.140000 7.200000
1010.000000 3.000000 -1.950000 7.236000
1020.000000 3.000000 -2.760000 7.272000
1050.000000 11.000000 12.510000 6.190000
1060.000000 11.000000 11.540000 6.030000
1070.000000 11.000000 10.960000 5.970000
1080.000000 11.000000 10.290000 6.120000
1090.000000 11.000000 9.880000 6.210000
1100.000000 11.000000 9.540000 6.090000
1110.000000 11.000000 8.870000 5.990000
1120.000000 11.000000 8.040000 5.660000
1130.000000 11.000000 7.665000 5.633000
1140.000000 11.000000 7.290000 5.606000
1150.000000 11.000000 6.915000 5.579000
1160.000000 11.000000 6.540000 5.552000
1170.000000 11.000000 6.165000 5.525000
1180.000000 11.000000 5.790000 5.498000
1190.000000 11.000000 5.415000 5.471000
1200.000000 11.000000 5.040000 5.444000
1210.000000 11.000000 4.665000 5.417000
1220.000000 11.000000 4.290000 5.390000
1230.000000 11.000000 3.915000 5.363000
1240.000000 11.000000 3.540000 5.336000
1050.000000 12.000000 12.090000 6.950000
1060.000000 12.000000 11.400000 6.930000
1070.000000 12.000000 10.700000 6.870000
1080.000000 12.000000 10.070000 6.730000
1090.000000 12.000000 9.450000 6.510000
1100.000000 12.000000 8.900000 6.330000
1110.000000 12.000000 8.210000 6.230000
1120.000000 12.000000 7.490000 6.060000
1130.000000 12.000000 6.905000 5.700000
1140.000000 12.000000 6.320000 5.340000
1150.000000 12.000000 5.735000 4.980000
1160.000000 12.000000 5.150000 4.620000
1170.000000 12.000000 4.565000 4.260000
1180.000000 12.000000 3.980000 3.900000
1190.000000 12.000000 3.395000 3.540000
1200.000000 12.000000 2.810000 3.180000
1210.000000 12.000000 2.225000 2.820000
1220.000000 12.000000 1.640000 2.460000
1230.000000 12.000000 1.055000 2.100000
1240.000000 12.000000 0.470000 1.740000
2860.000000 51.000000 7.050000 8.440000
2870.000000 51.000000 7.050000 8.440000
2880.000000 51.000000 7.050000 8.440000
2890.000000 51.000000 7.050000 8.440000
2900.000000 51.000000 7.050000 8.440000
2910.000000 51.000000 7.050000 8.440000
2920.000000 51.000000 7.050000 8.440000
2930.000000 51.000000 7.050000 8.440000
2940.000000 51.000000 7.050000 8.440000
2950.000000 51.000000 7.050000 8.440000
2960.000000 51.000000 7.050000 8.440000
2970.000000 51.000000 7.050000 8.440000
2980.000000 51.000000 7.050000 8.440000
2990.000000 51.000000 7.050000 8.440000
3000.000000 51.000000 7.050000 8.440000
3010.000000 51.000000 7.050000 8.440000
3020.000000 51.000000 7.050000 8.440000
3030.000000 51.000000 7.050000 8.440000
3040.000000 51.000000 7.050000 8.440000
3050.000000 51.000000 7.050000 8.440000
2860.000000 52.000000 8.090000 8.840000
2870.000000 52.000000 8.090000 8.840000
2880.000000 52.000000 8.090000 8.840000
2890.000000 52.000000 8.090000 8.840000
2900.000000 52.000000 8.090000 8.840000
2910.000000 52.000000 8.090000 8.840000
2920.000000 52.000000 8.090000 8.840000
2930.000000 52.000000 8.090000 8.840000
2940.000000 52.000000 8.090000 8.840000
2950.000000 52.000000 8.090000 8.840000
2960.000000 52.000000 8.090000 8.840000
2970.000000 52.000000 8.090000 8.840000
2980.000000 52.000000 8.090000 8.840000
2990.000000 52.000000 8.090000 8.840000
3000.000000 52.000000 8.090000 8.840000
3010.000000 52.000000 8.090000 8.840000
3020.000000 52.000000 8.090000 8.840000
3030.000000 52.000000 8.090000 8.840000
3040.000000 52.000000 8.090000 8.840000
3050.000000 52.000000 8.090000 8.840000
2860.000000 56.000000 12.320000 3.350000
2870.000000 56.000000 12.420000 3.220000
2880.000000 56.000000 12.490000 3.210000
2890.000000 56.000000 12.650000 3.360000
2900.000000 56.000000 12.790000 3.450000
2910.000000 56.000000 12.790000 3.470000
2920.000000 56.000000 12.790000 3.380000
2930.000000 56.000000 12.780000 3.160000
2940.000000 56.000000 12.850000 3.259000
2950.000000 56.000000 12.920000 3.358000
2960.000000 56.000000 12.990000 3.457000
2970.000000 56.000000 13.060000 3.556000
2980.000000 56.000000 13.130000 3.655000
2990.000000 56.000000 13.200000 3.754000
3000.000000 56.000000 13.270000 3.853000
3010.000000 56.000000 13.340000 3.952000
3020.000000 56.000000 13.410000 4.051000
3030.000000 56.000000 13.480000 4.150000
3040.000000 56.000000 13.550000 4.249000
3050.000000 56.000000 13.620000 4.348000
4330.000000 79.000000 -3.780000 5.150000
4340.000000 79.000000 -3.090000 5.120000
4350.000000 79.000000 -2.340000 5.190000
4360.000000 79.000000 -1.610000 5.170000
4370.000000 79.000000 -0.840000 5.310000
4380.000000 79.000000 -0.130000 5.270000
4390.000000 79.000000 0.610000 5.360000
4400.000000 79.000000 1.380000 5.430000
4410.000000 79.000000 2.120000 5.520000
4420.000000 79.000000 2.860000 5.610000
4430.000000 79.000000 3.600000 5.700000
4440.000000 79.000000 4.340000 5.790000
4450.000000 79.000000 5.080000 5.880000
4460.000000 79.000000 5.820000 5.970000
4470.000000 79.000000 6.560000 6.060000
4480.000000 79.000000 7.300000 6.150000
4490.000000 79.000000 8.040000 6.240000
4500.000000 79.000000 8.780000 6.330000
4510.000000 79.000000 9.520000 6.420000
4520.000000 79.000000 10.260000 6.510000
6420.000000 126.000000 -5.190000 6.380000
6430.000000 126.000000 -4.300000 6.500000
6440.000000 126.000000 -3.360000 6.560000
6450.000000 126.000000 -2.420000 6.510000
6460.000000 126.000000 -1.390000 6.390000
6470.000000 126.000000 -0.560000 6.380000
6480.000000 126.000000 0.260000 6.180000
6490.000000 126.000000 1.270000 6.020000
6500.000000 126.000000 2.200000 5.903000
6510.000000 126.000000 3.130000 5.786000
6520.000000 126.000000 4.060000 5.669000
6530.000000 126.000000 4.990000 5.552000
6540.000000 126.000000 5.920000 5.435000
6550.000000 126.000000 6.850000 5.318000
6560.000000 126.000000 7.780000 5.201000
6570.000000 126.000000 8.710000 5.084000
6580.000000 126.000000 9.640000 4.967000
6590.000000 126.000000 10.570000 4.850000
6600.000000 126.000000 11.500000 4.733000
6610.000000 126.000000 12.430000 4.616000
6420.000000 127.000000 -5.450000 7.310000
6430.000000 127.000000 -4.560000 7.420000
6440.000000 127.000000 -3.660000 7.480000
6450.000000 127.000000 -2.720000 7.420000
6460.000000 127.000000 -1.590000 7.310000
6470.000000 127.000000 -0.590000 7.220000
6480.000000 127.000000 0.360000 7.140000
6490.000000 127.000000 1.320000 7.050000
6500.000000 127.000000 2.385000 6.870000
6510.000000 127.000000 3.450000 6.690000
6520.000000 127.000000 4.515000 6.510000
6530.000000 127.000000 5.580000 6.330000
6540.000000 127.000000 6.645000 6.150000
6550.000000 127.000000 7.710000 5.970000
6560.000000 127.000000 8.775000 5.790000
6570.000000 127.000000 9.840000 5.610000
6580.000000 127.000000 10.905000 5.430000
6590.000000 127.000000 11.970000 5.250000
6600.000000 127.000000 13.035000 5.070000
6610.000000 127.000000 14.100000 4.890000
8120.000000 171.000000 -0.680000 8.400000
8130.000000 171.000000 -0.710000 8.350000
8140.000000 171.000000 -0.910000 8.420000
8150.000000 171.000000 -1.080000 8.470000
8160.000000 171.000000 -1.240000 8.360000
8170.000000 171.000000 -1.530000 8.270000
8180.000000 171.000000 -1.870000 8.410000
8190.000000 171.000000 -1.910000 8.440000
8200.000000 171.000000 -2.135000 8.260000
8210.000000 171.000000 -2.360000 8.080000
8220.000000 171.000000 -2.585000 7.900000
8230.000000 171.000000 -2.810000 7.720000
8240.000000 171.000000 -3.035000 7.540000
8250.000000 171.000000 -3.260000 7.360000
8260.000000 171.000000 -3.485000 7.180000
8270.000000 171.000000 -3.710000 7.000000
8280.000000 171.000000 -3.935000 6.820000
8290.000000 171.000000 -4.160000 6.640000
8300.000000 171.000000 -4.385000 6.460000
8310.000000 171.000000 -4.610000 6.280000
8320.000000 172.000000 -1.520000 8.590000
8330.000000 172.000000 -1.520000 8.590000
8340.000000 172.000000 -1.520000 8.590000
8350.000000 172.000000 -1.520000 8.590000
8360.000000 172.000000 -1.520000 8.590000
8370.000000 172.000000 -1.970000 8.350000
8380.000000 172.000000 -2.040000 8.350000
8390.000000 172.000000 -2.410000 8.330000
8400.000000 172.000000 -2.635000 8.114000
8410.000000 172.000000 -2.860000 7.898000
8420.000000 172.000000 -3.085000 7.682000
8430.000000 172.000000 -3.310000 7.466000
8440.000000 172.000000 -3.535000 7.250000
8450.000000 172.000000 -3.760000 7.034000
8460.000000 172.000000 -3.985000 6.818000
8470.000000 172.000000 -4.210000 6.602000
8480.000000 172.000000 -4.435000 6.386000
8490.000000 172.000000 -4.660000 6.170000
8500.000000 172.000000 -4.885000 5.954000
8510.000000 172.000000 -5.110000 5.738000
8520.000000 173.000000 -3.050000 8.050000
8530.000000 173.000000 -3.050000 8.050000
8540.000000 173.000000 -3.050000 8.050000
8550.000000 173.000000 -2.600000 8.070000
8560.000000 173.000000 -2.510000 7.780000
8570.000000 173.000000 -2.380000 7.730000
8580.000000 173.000000 -1.910000 7.790000
8590.000000 173.000000 -1.540000 7.720000
8600.000000 173.000000 -1.430000 7.414000
8610.000000 173.000000 -1.320000 7.108000
8620.000000 173.000000 -1.210000 6.802000
8630.000000 173.000000 -1.100000 6.496000
8640.000000 173.000000 -0.990000 6.190000
8650.000000 173.000000 -0.880000 5.884000
8660.000000 173.000000 -0.770000 5.578000
8670.000000 173.000000 -0.660000 5.272000
8680.000000 173.000000 -0.550000 4.966000
8690.000000 173.000000 -0.440000 4.660000
8700.000000 173.000000 -0.330000 4.354000
8710.000000 173.000000 -0.220000 4.048000
8720.000000 174.000000 3.940000 8.170000
8730.000000 174.000000 4.330000 8.230000
8740.000000 174.000000 4.730000 8.380000
8750.000000 174.000000 5.040000 8.460000
8760.000000 174.000000 5.330000 8.540000
8770.000000 174.000000 5.870000 8.600000
8780.000000 174.000000 6.270000 8.500000
8790.000000 174.000000 6.700000 8.400000
8800.000000 174.000000 7.115000 8.526000
8810.000000 174.000000 7.530000 8.652000
8820.000000 174.000000 7.945000 8.778000
8830.000000 174.000000 8.360000 8.904000
8840.000000 174.000000 8.775000 9.030000
8850.000000 174.000000 9.190000 9.156000
8860.000000 174.000000 9.605000 9.282000
8870.000000 174.000000 10.020000 9.408000
8880.000000 174.000000 10.435000 9.534000
8890.000000 174.000000 10.850000 9.660000
8900.000000 174.000000 11.265000 9.786000
8910.000000 174.000000 11.680000 9.912000
8890.000000 195.000000 12.710000 4.950000
8900.000000 195.000000 11.820000 4.590000
8910.000000 195.000000 10.960000 4.340000
8920.000000 195.000000 9.860000 4.250000
8930.000000 195.000000 9.110000 4.130000
8940.000000 195.000000 8.160000 3.990000
8950.000000 195.000000 7.270000 3.930000
8960.000000 195.000000 6.390000 3.810000
8970.000000 195.000000 5.540000 3.576000
8980.000000 195.000000 4.690000 3.342000
8990.000000 195.000000 3.840000 3.108000
9000.000000 195.000000 2.990000 2.874000
9010.000000 195.000000 2.140000 2.640000
9020.000000 195.000000 1.290000 2.406000
9030.000000 195.000000 0.440000 2.172000
9040.000000 195.000000 -0.410000 1.938000
9050.000000 195.000000 -1.260000 1.704000
9060.000000 195.000000 -2.110000 1.470000
9070.000000 195.000000 -2.960000 1.236000
9080.000000 195.000000 -3.810000 1.002000
8900.000000 196.000000 13.430000 5.210000
8910.000000 196.000000 12.660000 5.110000
8920.000000 196.000000 11.820000 4.850000
8930.000000 196.000000 10.980000 4.750000
8940.000000 196.000000 10.180000 4.550000
8950.000000 196.000000 9.410000 4.410000
8960.000000 196.000000 8.720000 4.260000
8970.000000 196.000000 7.990000 4.030000
8980.000000 196.000000 7.205000 3.724000
8990.000000 196.000000 6.420000 3.418000
9000.000000 196.000000 5.635000 3.112000
9010.000000 196.000000 4.850000 2.806000
9020.000000 196.000000 4.065000 2.500000
9030.000000 196.000000 3.280000 2.194000
9040.000000 196.000000 2.495000 1.888000
9050.000000 196.000000 1.710000 1.582000
9060.000000 196.000000 0.925000 1.276000
9070.000000 196.000000 0.140000 0.970000
9080.000000 196.000000 -0.645000 0.664000
9090.000000 196.000000 -1.430000 0.358000
8910.000000 197.000000 12.430000 6.040000
8920.000000 197.000000 11.500000 6.030000
8930.000000 197.000000 10.810000 5.800000
8940.000000 197.000000 10.280000 5.520000
8950.000000 197.000000 9.800000 5.220000
8960.000000 197.000000 8.970000 4.980000
8970.000000 197.000000 8.180000 4.880000
8980.000000 197.000000 7.240000 4.800000
8990.000000 197.000000 6.585000 4.314000
9000.000000 197.000000 5.930000 3.828000
9010.000000 197.000000 5.275000 3.342000
9020.000000 197.000000 4.620000 2.856000
9030.000000 197.000000 3.965000 2.370000
9040.000000 197.000000 3.310000 1.884000
9050.000000 197.000000 2.655000 1.398000
9060.000000 197.000000 2.000000 0.912000
9070.000000 197.000000 1.345000 0.426000
9080.000000 197.000000 0.690000 -0.060000
9090.000000 197.000000 0.035000 -0.546000
9100.000000 197.000000 -0.620000 -1.032000
8920.000000 175.000000 5.780000 7.730000
8930.000000 175.000000 5.400000 7.690000
8940.000000 175.000000 4.990000 7.720000
8950.000000 175.000000 4.590000 7.710000
8960.000000 175.000000 4.130000 7.780000
8970.000000 175.000000 3.730000 7.920000
8980.000000 175.000000 3.300000 7.970000
8990.000000 175.000000 2.870000 8.040000
9000.000000 175.000000 2.440000 8.229000
9010.000000 175.000000 2.010000 8.418000
9020.000000 175.000000 1.580000 8.607000
9030.000000 175.000000 1.150000 8.796000
9040.000000 175.000000 0.720000 8.985000
9050.000000 175.000000 0.290000 9.174000
9060.000000 175.000000 -0.140000 9.363000
9070.000000 175.000000 -0.570000 9.552000
9080.000000 175.000000 -1.000000 9.741000
9090.000000 175.000000 -1.430000 9.930000
9100.000000 175.000000 -1.860000 10.119000
9110.000000 175.000000 -2.290000 10.308000
9300.000000 216.000000 -4.260000 8.110000
9310.000000 216.000000 -3.980000 8.010000
9320.000000 216.000000 -3.840000 7.960000
9330.000000 216.000000 -3.310000 8.210000
9340.000000 216.000000 -2.900000 8.260000
9350.000000 216.000000 -2.790000 8.410000
9360.000000 216.000000 -2.510000 8.430000
9370.000000 216.000000 -2.230000 8.460000
9380.000000 216.000000 -1.970000 8.640000
9390.000000 216.000000 -1.710000 8.820000
9400.000000 216.000000 -1.450000 9.000000
9410.000000 216.000000 -1.190000 9.180000
9420.000000 216.000000 -0.930000 9.360000
9430.000000 216.000000 -0.670000 9.540000
9440.000000 216.000000 -0.410000 9.720000
9450.000000 216.000000 -0.150000 9.900000
9460.000000 216.000000 0.110000 10.080000
9470.000000 216.000000 0.370000 10.260000
9480.000000 216.000000 0.630000 10.440000
9490.000000 216.000000 0.890000 10.620000
9500.000000 217.000000 -2.250000 8.280000
9510.000000 217.000000 -2.780000 8.500000
9520.000000 217.000000 -2.810000 8.440000
9530.000000 217.000000 -2.980000 8.140000
9540.000000 217.000000 -2.980000 8.140000
9550.000000 217.000000 -3.270000 8.070000
9560.000000 217.000000 -3.270000 8.070000
9570.000000 217.000000 -3.270000 8.070000
9580.000000 217.000000 -3.415000 8.007000
9590.000000 217.000000 -3.560000 7.944000
9600.000000 217.000000 -3.705000 7.881000
9610.000000 217.000000 -3.850000 7.818000
9620.000000 217.000000 -3.995000 7.755000
9630.000000 217.000000 -4.140000 7.692000
9640.000000 217.000000 -4.285000 7.629000
9650.000000 217.000000 -4.430000 7.566000
9660.000000 217.000000 -4.575000 7.503000
9670.000000 217.000000 -4.720000 7.440000
9680.000000 217.000000 -4.865000 7.377000
9690.000000 217.000000 -5.010000 7.314000
9680.000000 230.000000 -3.110000 5.320000
9690.000000 230.000000 -2.090000 5.210000
9700.000000 230.000000 -1.280000 5.330000
9710.000000 230.000000 -0.440000 5.260000
9720.000000 230.000000 0.450000 5.280000
9730.000000 230.000000 1.340000 5.340000
9740.000000 230.000000 2.280000 5.270000
9750.000000 230.000000 3.180000 5.200000
9760.000000 230.000000 4.070000 5.272000
9770.000000 230.000000 4.960000 5.344000
9780.000000 230.000000 5.850000 5.416000
9790.000000 230.000000 6.740000 5.488000
9800.000000 230.000000 7.630000 5.560000
9810.000000 230.000000 8.520000 5.632000
9820.000000 230.000000 9.410000 5.704000
9830.000000 230.000000 10.300000 5.776000
9840.000000 230.000000 11.190000 5.848000
9850.000000 230.000000 12.080000 5.920000
9860.000000 230.000000 12.970000 5.992000
9870.000000 230.000000 13.860000 6.064000
9680.000000 231.000000 -3.380000 4.310000
9690.000000 231.000000 -2.480000 4.250000
9700.000000 231.000000 -1.510000 4.280000
9710.000000 231.000000 -0.430000 4.340000
9720.000000 231.000000 0.480000 4.390000
9730.000000 231.000000 1.360000 4.490000
9740.000000 231.000000 2.240000 4.500000
9750.000000 231.000000 3.050000 4.410000
9760.000000 231.000000 3.945000 4.545000
9770.000000 231.000000 4.840000 4.680000
9780.000000 231.000000 5.735000 4.815000
9790.000000 231.000000 6.630000 4.950000
9800.000000 231.000000 7.525000 5.085000
9810.000000 231.000000 8.420000 5.220000
9820.000000 231.000000 9.315000 5.355000
9830.000000 231.000000 10.210000 5.490000
9840.000000 231.000000 11.105000 5.625000
9850.000000 231.000000 12.000000 5.760000
9860.000000 231.000000 12.895000 5.895000
9870.000000 231.000000 13.790000 6.030000
9700.000000 218.000000 -4.840000 7.800000
9710.000000 218.000000 -4.840000 7.840000
9720.000000 218.000000 -4.840000 7.840000
9730.000000 218.000000 -4.840000 7.840000
9740.000000 218.000000 -4.840000 7.840000
9750.000000 218.000000 -4.840000 7.840000
9760.000000 218.000000 -4.780000 7.790000
9770.000000 218.000000 -4.830000 7.830000
9780.000000 218.000000 -4.830000 7.830000
9790.000000 218.000000 -4.830000 7.830000
9800.000000 218.000000 -4.830000 7.830000
9810.000000 218.000000 -4.830000 7.830000
9820.000000 218.000000 -4.830000 7.830000
9830.000000 218.000000 -4.830000 7.830000
9840.000000 218.000000 -4.830000 7.830000
9850.000000 218.000000 -4.830000 7.830000
9860.000000 218.000000 -4.830000 7.830000
9870.000000 218.000000 -4.830000 7.830000
9880.000000 218.000000 -4.830000 7.830000
9890.000000 218.000000 -4.830000 7.830000
9920.000000 238.000000 -2.360000 6.640000
9930.000000 238.000000 -1.300000 6.460000
9940.000000 238.000000 -0.520000 6.380000
9950.000000 238.000000 0.430000 6.410000
9960.000000 238.000000 1.290000 6.330000
9970.000000 238.000000 2.260000 6.480000
9980.000000 238.000000 3.120000 6.620000
9990.000000 238.000000 4.010000 6.580000
10000.000000 238.000000 4.925000 6.643000
10010.000000 238.000000 5.840000 6.706000
10020.000000 238.000000 6.755000 6.769000
10030.000000 238.000000 7.670000 6.832000
10040.000000 238.000000 8.585000 6.895000
10050.000000 238.000000 9.500000 6.958000
10060.000000 238.000000 10.415000 7.021000
10070.000000 238.000000 11.330000 7.084000
10080.000000 238.000000 12.245000 7.147000
10090.000000 238.000000 13.160000 7.210000
10100.000000 238.000000 14.075000 7.273000
10110.000000 238.000000 14.990000 7.336000
9920.000000 240.000000 -1.570000 5.570000
9930.000000 240.000000 -0.740000 5.530000
9940.000000 240.000000 0.070000 5.490000
9950.000000 240.000000 1.010000 5.490000
9960.000000 240.000000 1.950000 5.410000
9970.000000 240.000000 2.870000 5.330000
9980.000000 240.000000 3.750000 5.370000
9990.000000 240.000000 4.620000 5.470000
10000.000000 240.000000 5.550000 5.326000
10010.000000 240.000000 6.480000 5.182000
10020.000000 240.000000 7.410000 5.038000
10030.000000 240.000000 8.340000 4.894000
10040.000000 240.000000 9.270000 4.750000
10050.000000 240.000000 10.200000 4.606000
10060.000000 240.000000 11.130000 4.462000
10070.000000 240.000000 12.060000 4.318000
10080.000000 240.000000 12.990000 4.174000
10090.000000 240.000000 13.920000 4.030000
10100.000000 240.000000 14.850000 3.886000
10110.000000 240.000000 15.780000 3.742000
10120.000000 239.000000 11.780000 4.760000
10130.000000 239.000000 12.070000 4.780000
10140.000000 239.000000 12.290000 4.670000
10150.000000 239.000000 12.340000 4.690000
10160.000000 239.000000 12.310000 4.690000
10170.000000 239.000000 12.310000 4.670000
10180.000000 239.000000 12.310000 4.620000
10190.000000 239.000000 12.310000 4.620000
10200.000000 239.000000 12.295000 4.602000
10210.000000 239.000000 12.280000 4.584000
10220.000000 239.000000 12.265000 4.566000
10230.000000 239.000000 12.250000 4.548000
10240.000000 239.000000 12.235000 4.530000
10250.000000 239.000000 12.220000 4.512000
10260.000000 239.000000 12.205000 4.494000
10270.000000 239.000000 12.190000 4.476000
10280.000000 239.000000 12.175000 4.458000
10290.000000 239.000000 12.160000 4.440000
10300.000000 239.000000 12.145000 4.422000
10310.000000 239.000000 12.130000 4.404000
10250.000000 257.000000 12.620000 6.950000
10260.000000 257.000000 11.680000 7.090000
10270.000000 257.000000 10.740000 7.200000
10280.000000 257.000000 9.720000 7.100000
10290.000000 257.000000 8.730000 7.090000
10300.000000 257.000000 7.740000 6.970000
10310.000000 257.000000 6.860000 6.750000
10320.000000 257.000000 6.040000 6.450000
10330.000000 257.000000 5.050000 6.333000
10340.000000 257.000000 4.060000 6.216000
10350.000000 257.000000 3.070000 6.099000
10360.000000 257.000000 2.080000 5.982000
10370.000000 257.000000 1.090000 5.865000
10380.000000 257.000000 0.100000 5.748000
10390.000000 257.000000 -0.890000 5.631000
10400.000000 257.000000 -1.880000 5.514000
10410.000000 257.000000 -2.870000 5.397000
10420.000000 257.000000 -3.860000 5.280000
10430.000000 257.000000 -4.850000 5.163000
10440.000000 257.000000 -5.840000 5.046000
10250.000000 258.000000 -1.720000 7.410000
10260.000000 258.000000 -0.770000 7.300000
10270.000000 258.000000 0.160000 7.280000
10280.000000 258.000000 1.050000 7.190000
10290.000000 258.000000 1.960000 7.180000
10300.000000 258.000000 2.910000 7.260000
10310.000000 258.000000 3.600000 7.400000
10320.000000 258.000000 4.430000 7.610000
10330.000000 258.000000 5.360000 7.673000
10340.000000 258.000000 6.290000 7.736000
10350.000000 258.000000 7.220000 7.799000
10360.000000 258.000000 8.150000 7.862000
10370.000000 258.000000 9.080000 7.925000
10380.000000 258.000000 10.010000 7.988000
10390.000000 258.000000 10.940000 8.051000
10400.000000 258.000000 11.870000 8.114000
10410.000000 258.000000 12.800000 8.177000
10420.000000 258.000000 13.730000 8.240000
10430.000000 258.000000 14.660000 8.303000
10440.000000 258.000000 15.590000 8.366000
10250.000000 259.000000 -2.220000 6.660000
10260.000000 259.000000 -1.220000 6.450000
10270.000000 259.000000 -0.170000 6.320000
10280.000000 259.000000 0.820000 6.310000
10290.000000 259.000000 1.740000 6.310000
10300.000000 259.000000 2.640000 6.360000
10310.000000 259.000000 3.460000 6.610000
10320.000000 259.000000 4.330000 6.820000
10330.000000 259.000000 5.240000 6.865000
10340.000000 259.000000 6.150000 6.910000
10350.000000 259.000000 7.060000 6.955000
10360.000000 259.000000 7.970000 7.000000
10370.000000 259.000000 8.880000 7.045000
10380.000000 259.000000 9.790000 7.090000
10390.000000 259.000000 10.700000 7.135000
10400.000000 259.000000 11.610000 7.180000
10410.000000 259.000000 12.520000 7.225000
10420.000000 259.000000 13.430000 7.270000
10430.000000 259.000000 14.340000 7.315000
10440.000000 259.000000 15.250000 7.360000
10260.000000 260.000000 12.230000 6.630000
10270.000000 260.000000 11.230000 6.650000
10280.000000 260.000000 10.060000 6.750000
10290.000000 260.000000 9.180000 6.580000
10300.000000 260.000000 8.130000 6.480000
10310.000000 260.000000 7.210000 6.050000
10320.000000 260.000000 6.240000 5.750000
10330.000000 260.000000 5.240000 5.550000
10340.000000 260.000000 4.255000 5.073000
10350.000000 260.000000 3.270000 4.596000
10360.000000 260.000000 2.285000 4.119000
10370.000000 260.000000 1.300000 3.642000
10380.000000 260.000000 0.315000 3.165000
10390.000000 260.000000 -0.670000 2.688000
10400.000000 260.000000 -1.655000 2.211000
10410.000000 260.000000 -2.640000 1.734000
10420.000000 260.000000 -3.625000 1.257000
10430.000000 260.000000 -4.610000 0.780000
10440.000000 260.000000 -5.595000 0.303000
10450.000000 260.000000 -6.580000 -0.174000
10280.000000 261.000000 12.700000 7.000000
10290.000000 261.000000 11.590000 7.140000
10300.000000 261.000000 10.830000 7.500000
10310.000000 261.000000 9.750000 7.480000
10320.000000 261.000000 8.720000 7.310000
10330.000000 261.000000 7.780000 6.960000
10340.000000 261.000000 6.790000 6.600000
10350.000000 261.000000 5.800000 6.270000
10360.000000 261.000000 4.815000 5.802000
10370.000000 261.000000 3.830000 5.334000
10380.000000 261.000000 2.845000 4.866000
10390.000000 261.000000 1.860000 4.398000
10400.000000 261.000000 0.875000 3.930000
10410.000000 261.000000 -0.110000 3.462000
10420.000000 261.000000 -1.095000 2.994000
10430.000000 261.000000 -2.080000 2.526000
10440.000000 261.000000 -3.065000 2.058000
10450.000000 261.000000 -4.050000 1.590000
10460.000000 261.000000 -5.035000 1.122000
10470.000000 261.000000 -6.020000 0.654000
10300.000000 263.000000 -1.980000 5.100000
10310.000000 263.000000 -1.020000 5.220000
10320.000000 263.000000 -0.190000 5.440000
10330.000000 263.000000 0.700000 5.760000
10340.000000 263.000000 1.570000 6.100000
10350.000000 263.000000 2.590000 6.400000
10360.000000 263.000000 3.570000 6.630000
10370.000000 263.000000 4.400000 6.800000
10380.000000 263.000000 5.345000 7.376000
10390.000000 263.000000 6.290000 7.952000
10400.000000 263.000000 7.235000 8.528000
10410.000000 263.000000 8.180000 9.104000
10420.000000 263.000000 9.125000 9.680000
10430.000000 263.000000 10.070000 10.256000
10440.000000 263.000000 11.015000 10.832000
10450.000000 263.000000 11.960000 11.408000
10460.000000 263.000000 12.905000 11.984000
10470.000000 263.000000 13.850000 12.560000
10480.000000 263.000000 14.795000 13.136000
10490.000000 263.000000 15.740000 13.712000
10300.000000 264.000000 -2.160000 5.980000
10310.000000 264.000000 -1.260000 5.980000
10320.000000 264.000000 -0.390000 6.180000
10330.000000 264.000000 0.550000 6.440000
10340.000000 264.000000 1.420000 6.730000
10350.000000 264.000000 2.390000 7.070000
10360.000000 264.000000 3.330000 7.350000
10370.000000 264.000000 4.170000 7.580000
10380.000000 264.000000 5.090000 8.147000
10390.000000 264.000000 6.010000 8.714000
10400.000000 264.000000 6.930000 9.281000
10410.000000 264.000000 7.850000 9.848000
10420.000000 264.000000 8.770000 10.415000
10430.000000 264.000000 9.690000 10.982000
10440.000000 264.000000 10.610000 11.549000
10450.000000 264.000000 11.530000 12.116000
10460.000000 264.000000 12.450000 12.683000
10470.000000 264.000000 13.370000 13.250000
10480.000000 264.000000 14.290000 13.817000
10490.000000 264.000000 15.210000 14.384000
10300.000000 265.000000 -2.070000 1.900000
10310.000000 265.000000 -1.210000 1.870000
10320.000000 265.000000 -0.130000 1.950000
10330.000000 265.000000 0.940000 2.130000
10340.000000 265.000000 2.000000 2.210000
10350.000000 265.000000 3.000000 2.250000
10360.000000 265.000000 4.020000 2.400000
10370.000000 265.000000 4.970000 2.580000
10380.000000 265.000000 6.000000 2.688000
10390.000000 265.000000 7.030000 2.796000
10400.000000 265.000000 8.060000 2.904000
10410.000000 265.000000 9.090000 3.012000
10420.000000 265.000000 10.120000 3.120000
10430.000000 265.000000 11.150000 3.228000
10440.000000 265.000000 12.180000 3.336000
10450.000000 265.000000 13.210000 3.444000
10460.000000 265.000000 14.240000 3.552000
10470.000000 265.000000 15.270000 3.660000
10480.000000 265.000000 16.300000 3.768000
10490.000000 265.000000 17.330000 3.876000
10300.000000 267.000000 -2.000000 3.250000
10310.000000 267.000000 -1.080000 3.390000
10320.000000 267.000000 -0.200000 3.410000
10330.000000 267.000000 0.670000 3.390000
10340.000000 267.000000 1.680000 3.380000
10350.000000 267.000000 2.480000 3.530000
10360.000000 267.000000 3.430000 3.690000
10370.000000 267.000000 4.470000 3.960000
10380.000000 267.000000 5.375000 4.086000
10390.000000 267.000000 6.280000 4.212000
10400.000000 267.000000 7.185000 4.338000
10410.000000 267.000000 8.090000 4.464000
10420.000000 267.000000 8.995000 4.590000
10430.000000 267.000000 9.900000 4.716000
10440.000000 267.000000 10.805000 4.842000
10450.000000 267.000000 11.710000 4.968000
10460.000000 267.000000 12.615000 5.094000
10470.000000 267.000000 13.520000 5.220000
10480.000000 267.000000 14.425000 5.346000
10490.000000 267.000000 15.330000 5.472000
10300.000000 268.000000 -1.380000 3.890000
10310.000000 268.000000 -0.790000 4.000000
10320.000000 268.000000 0.370000 4.030000
10330.000000 268.000000 1.070000 4.020000
10340.000000 268.000000 1.940000 3.850000
10350.000000 268.000000 2.710000 4.040000
10360.000000 268.000000 3.560000 4.440000
10370.000000 268.000000 4.550000 4.630000
10380.000000 268.000000 5.370000 4.648000
10390.000000 268.000000 6.190000 4.666000
10400.000000 268.000000 7.010000 4.684000
10410.000000 268.000000 7.830000 4.702000
10420.000000 268.000000 8.650000 4.720000
10430.000000 268.000000 9.470000 4.738000
10440.000000 268.000000 10.290000 4.756000
10450.000000 268.000000 11.110000 4.774000
10460.000000 268.000000 11.930000 4.792000
10470.000000 268.000000 12.750000 4.810000
10480.000000 268.000000 13.570000 4.828000
10490.000000 268.000000 14.390000 4.846000
10690.000000 303.000000 12.900000 6.160000
10700.000000 303.000000 12.310000 6.320000
10710.000000 303.000000 11.610000 6.670000
10720.000000 303.000000 10.950000 7.100000
10730.000000 303.000000 10.280000 7.370000
10740.000000 303.000000 9.630000 7.550000
10750.000000 303.000000 8.910000 7.660000
10760.000000 303.000000 8.160000 7.780000
10770.000000 303.000000 7.500000 8.185000
10780.000000 303.000000 6.840000 8.590000
10790.000000 303.000000 6.180000 8.995000
10800.000000 303.000000 5.520000 9.400000
10810.000000 303.000000 4.860000 9.805000
10820.000000 303.000000 4.200000 10.210000
10830.000000 303.000000 3.540000 10.615000
10840.000000 303.000000 2.880000 11.020000
10850.000000 303.000000 2.220000 11.425000
10860.000000 303.000000 1.560000 11.830000
10870.000000 303.000000 0.900000 12.235000
10880.000000 303.000000 0.240000 12.640000
10850.000000 316.000000 -1.870000 6.400000
10860.000000 316.000000 -1.330000 6.370000
10870.000000 316.000000 -0.740000 6.320000
10880.000000 316.000000 -0.140000 6.180000
10890.000000 316.000000 0.480000 6.050000
10900.000000 316.000000 1.150000 5.980000
10910.000000 316.000000 1.810000 5.910000
10920.000000 316.000000 2.480000 5.940000
10930.000000 316.000000 3.125000 5.760000
10940.000000 316.000000 3.770000 5.580000
10950.000000 316.000000 4.415000 5.400000
10960.000000 316.000000 5.060000 5.220000
10970.000000 316.000000 5.705000 5.040000
10980.000000 316.000000 6.350000 4.860000
10990.000000 316.000000 6.995000 4.680000
11000.000000 316.000000 7.640000 4.500000
11010.000000 316.000000 8.285000 4.320000
11020.000000 316.000000 8.930000 4.140000
11030.000000 316.000000 9.575000 3.960000
11040.000000 316.000000 10.220000 3.780000
11210.000000 320.000000 12.000000 4.350000
11220.000000 320.000000 11.300000 4.090000
11230.000000 320.000000 10.610000 3.980000
11240.000000 320.000000 10.000000 3.720000
11250.000000 320.000000 9.230000 3.660000
11260.000000 320.000000 8.560000 3.470000
11270.000000 320.000000 7.980000 3.270000
11280.000000 320.000000 7.520000 3.120000
11290.000000 320.000000 6.800000 2.895000
11300.000000 320.000000 6.080000 2.670000
11310.000000 320.000000 5.360000 2.445000
11320.000000 320.000000 4.640000 2.220000
11330.000000 320.000000 3.920000 1.995000
11340.000000 320.000000 3.200000 1.770000
11350.000000 320.000000 2.480000 1.545000
11360.000000 320.000000 1.760000 1.320000
11370.000000 320.000000 1.040000 1.095000
11380.000000 320.000000 0.320000 0.870000
11390.000000 320.000000 -0.400000 0.645000
11400.000000 320.000000 -1.120000 0.420000
11280.000000 329.000000 -2.760000 -0.130000
11290.000000 329.000000 -2.040000 0.530000
11300.000000 329.000000 -1.180000 1.020000
11310.000000 329.000000 -0.360000 1.480000
11320.000000 329.000000 0.340000 1.920000
11330.000000 329.000000 0.840000 2.350000
11340.000000 329.000000 1.590000 2.640000
11350.000000 329.000000 2.390000 2.910000
11360.000000 329.000000 2.990000 3.693000
11370.000000 329.000000 3.590000 4.476000
11380.000000 329.000000 4.190000 5.259000
11390.000000 329.000000 4.790000 6.042000
11400.000000 329.000000 5.390000 6.825000
11410.000000 329.000000 5.990000 7.608000
11420.000000 329.000000 6.590000 8.391000
11430.000000 329.000000 7.190000 9.174000
11440.000000 329.000000 7.790000 9.957000
11450.000000 329.000000 8.390000 10.740000
11460.000000 329.000000 8.990000 11.523000
11470.000000 329.000000 9.590000 12.306000
11280.000000 327.000000 -2.800000 1.840000
11290.000000 327.000000 -1.780000 2.390000
11300.000000 327.000000 -1.070000 2.780000
11310.000000 327.000000 -0.260000 2.950000
11320.000000 327.000000 0.540000 3.130000
11330.000000 327.000000 1.320000 3.320000
11340.000000 327.000000 2.040000 3.540000
11350.000000 327.000000 2.790000 3.760000
11360.000000 327.000000 3.580000 4.093000
11370.000000 327.000000 4.370000 4.426000
11380.000000 327.000000 5.160000 4.759000
11390.000000 327.000000 5.950000 5.092000
11400.000000 327.000000 6.740000 5.425000
11410.000000 327.000000 7.530000 5.758000
11420.000000 327.000000 8.320000 6.091000
11430.000000 327.000000 9.110000 6.424000
11440.000000 327.000000 9.900000 6.757000
11450.000000 327.000000 10.690000 7.090000
11460.000000 327.000000 11.480000 7.423000
11470.000000 327.000000 12.270000 7.756000
11280.000000 328.000000 -3.580000 0.190000
11290.000000 328.000000 -2.850000 0.850000
11300.000000 328.000000 -1.780000 1.470000
11310.000000 328.000000 -0.960000 1.920000
11320.000000 328.000000 -0.300000 2.330000
11330.000000 328.000000 0.250000 2.670000
11340.000000 328.000000 1.010000 3.010000
11350.000000 328.000000 1.810000 3.280000
11360.000000 328.000000 2.415000 3.955000
11370.000000 328.000000 3.020000 4.630000
11380.000000 328.000000 3.625000 5.305000
11390.000000 328.000000 4.230000 5.980000
11400.000000 328.000000 4.835000 6.655000
11410.000000 328.000000 5.440000 7.330000
11420.000000 328.000000 6.045000 8.005000
11430.000000 328.000000 6.650000 8.680000
11440.000000 328.000000 7.255000 9.355000
11450.000000 328.000000 7.860000 10.030000
11460.000000 328.000000 8.465000 10.705000
11470.000000 328.000000 9.070000 11.380000
11310.000000 331.000000 -4.430000 4.560000
11320.000000 331.000000 -3.490000 4.940000
11330.000000 331.000000 -2.700000 5.350000
11340.000000 331.000000 -1.670000 5.660000
11350.000000 331.000000 -0.580000 5.900000
11360.000000 331.000000 0.400000 6.200000
11370.000000 331.000000 1.430000 6.460000
11380.000000 331.000000 2.430000 6.600000
11390.000000 331.000000 3.465000 7.086000
11400.000000 331.000000 4.500000 7.572000
11410.000000 331.000000 5.535000 8.058000
11420.000000 331.000000 6.570000 8.544000
11430.000000 331.000000 7.605000 9.030000
11440.000000 331.000000 8.640000 9.516000
11450.000000 331.000000 9.675000 10.002000
11460.000000 331.000000 10.710000 10.488000
11470.000000 331.000000 11.745000 10.974000
11480.000000 331.000000 12.780000 11.460000
11490.000000 331.000000 13.815000 11.946000
11500.000000 331.000000 14.850000 12.432000
11840.000000 342.000000 10.640000 4.900000
11850.000000 342.000000 9.730000 4.760000
11860.000000 342.000000 8.750000 4.600000
11870.000000 342.000000 7.840000 4.560000
11880.000000 342.000000 6.880000 4.500000
11890.000000 342.000000 5.990000 4.480000
11900.000000 342.000000 5.080000 4.470000
11910.000000 342.000000 4.170000 4.430000
11920.000000 342.000000 3.245000 4.358000
11930.000000 342.000000 2.320000 4.286000
11940.000000 342.000000 1.395000 4.214000
11950.000000 342.000000 0.470000 4.142000
11960.000000 342.000000 -0.455000 4.070000
11970.000000 342.000000 -1.380000 3.998000
11980.000000 342.000000 -2.305000 3.926000
11990.000000 342.000000 -3.230000 3.854000
12000.000000 342.000000 -4.155000 3.782000
12010.000000 342.000000 -5.080000 3.710000
12020.000000 342.000000 -6.005000 3.638000
12030.000000 342.000000 -6.930000 3.566000
11880.000000 348.000000 13.410000 5.460000
11890.000000 348.000000 12.400000 5.010000
11900.000000 348.000000 11.320000 4.730000
11910.000000 348.000000 10.240000 4.560000
11920.000000 348.000000 9.140000 4.440000
11930.000000 348.000000 8.100000 4.530000
11940.000000 348.000000 6.970000 4.600000
11950.000000 348.000000 5.710000 4.730000
11960.000000 348.000000 4.640000 4.703000
11970.000000 348.000000 3.570000 4.676000
11980.000000 348.000000 2.500000 4.649000
11990.000000 348.000000 1.430000 4.622000
12000.000000 348.000000 0.360000 4.595000
12010.000000 348.000000 -0.710000 4.568000
12020.000000 348.000000 -1.780000 4.541000
12030.000000 348.000000 -2.850000 4.514000
12040.000000 348.000000 -3.920000 4.487000
12050.000000 348.000000 -4.990000 4.460000
12060.000000 348.000000 -6.060000 4.433000
12070.000000 348.000000 -7.130000 4.406000
11930.000000 350.000000 -4.990000 5.190000
11940.000000 350.000000 -3.910000 5.180000
11950.000000 350.000000 -3.050000 5.230000
11960.000000 350.000000 -2.120000 5.270000
11970.000000 350.000000 -0.940000 5.310000
11980.000000 350.000000 -0.260000 5.570000
11990.000000 350.000000 0.830000 5.710000
12000.000000 350.000000 1.830000 5.830000
12010.000000 350.000000 2.760000 6.100000
12020.000000 350.000000 3.690000 6.370000
12030.000000 350.000000 4.620000 6.640000
12040.000000 350.000000 5.550000 6.910000
12050.000000 350.000000 6.480000 7.180000
12060.000000 350.000000 7.410000 7.450000
12070.000000 350.000000 8.340000 7.720000
12080.000000 350.000000 9.270000 7.990000
12090.000000 350.000000 10.200000 8.260000
12100.000000 350.000000 11.130000 8.530000
12110.000000 350.000000 12.060000 8.800000
12120.000000 350.000000 12.990000 9.070000
11940.000000 353.000000 -4.790000 -0.260000
11950.000000 353.000000 -4.040000 0.440000
11960.000000 353.000000 -3.120000 1.030000
11970.000000 353.000000 -2.130000 1.650000
11980.000000 353.000000 -1.070000 2.050000
11990.000000 353.000000 -0.100000 2.480000
12000.000000 353.000000 0.910000 2.960000
12010.000000 353.000000 1.950000 3.380000
12020.000000 353.000000 2.965000 4.127000
12030.000000 353.000000 3.980000 4.874000
12040.000000 353.000000 4.995000 5.621000
12050.000000 353.000000 6.010000 6.368000
12060.000000 353.000000 7.025000 7.115000
12070.000000 353.000000 8.040000 7.862000
12080.000000 353.000000 9.055000 8.609000
12090.000000 353.000000 10.070000 9.356000
12100.000000 353.000000 11.085000 10.103000
12110.000000 353.000000 12.100000 10.850000
12120.000000 353.000000 13.115000 11.597000
12130.000000 353.000000 14.130000 12.344000
11970.000000 355.000000 -2.400000 10.550000
11980.000000 355.000000 -1.660000 9.900000
11990.000000 355.000000 -0.840000 9.560000
12000.000000 355.000000 -0.190000 8.920000
12010.000000 355.000000 0.510000 8.540000
12020.000000 355.000000 1.380000 8.290000
12030.000000 355.000000 2.200000 8.090000
12040.000000 355.000000 3.050000 7.920000
12050.000000 355.000000 3.835000 7.353000
12060.000000 355.000000 4.620000 6.786000
12070.000000 355.000000 5.405000 6.219000
12080.000000 355.000000 6.190000 5.652000
12090.000000 355.000000 6.975000 5.085000
12100.000000 355.000000 7.760000 4.518000
12110.000000 355.000000 8.545000 3.951000
12120.000000 355.000000 9.330000 3.384000
12130.000000 355.000000 10.115000 2.817000
12140.000000 355.000000 10.900000 2.250000
12150.000000 355.000000 11.685000 1.683000
12160.000000 355.000000 12.470000 1.116000
12020.000000 358.000000 -6.550000 7.200000
12030.000000 358.000000 -6.050000 7.260000
12040.000000 358.000000 -5.490000 7.270000
12050.000000 358.000000 -4.990000 7.410000
12060.000000 358.000000 -4.500000 7.460000
12070.000000 358.000000 -4.070000 7.510000
12080.000000 358.000000 -3.780000 7.530000
12090.000000 358.000000 -3.230000 7.550000
12100.000000 358.000000 -2.770000 7.640000
12110.000000 358.000000 -2.310000 7.730000
12120.000000 358.000000 -1.850000 7.820000
12130.000000 358.000000 -1.390000 7.910000
12140.000000 358.000000 -0.930000 8.000000
12150.000000 358.000000 -0.470000 8.090000
12160.000000 358.000000 -0.010000 8.180000
12170.000000 358.000000 0.450000 8.270000
12180.000000 358.000000 0.910000 8.360000
12190.000000 358.000000 1.370000 8.450000
12200.000000 358.000000 1.830000 8.540000
12210.000000 358.000000 2.290000 8.630000
12020.000000 357.000000 -6.400000 6.260000
12030.000000 357.000000 -5.940000 6.350000
12040.000000 357.000000 -5.340000 6.430000
12050.000000 357.000000 -4.840000 6.530000
12060.000000 357.000000 -4.350000 6.610000
12070.000000 357.000000 -3.810000 6.690000
12080.000000 357.000000 -3.370000 6.740000
12090.000000 357.000000 -3.060000 6.740000
12100.000000 357.000000 -2.545000 6.884000
12110.000000 357.000000 -2.030000 7.028000
12120.000000 357.000000 -1.515000 7.172000
12130.000000 357.000000 -1.000000 7.316000
12140.000000 357.000000 -0.485000 7.460000
12150.000000 357.000000 0.030000 7.604000
12160.000000 357.000000 0.545000 7.748000
12170.000000 357.000000 1.060000 7.892000
12180.000000 357.000000 1.575000 8.036000
12190.000000 357.000000 2.090000 8.180000
12200.000000 357.000000 2.605000 8.324000
12210.000000 357.000000 3.120000 8.468000
12020.000000 359.000000 -4.900000 12.670000
12030.000000 359.000000 -4.120000 12.140000
12040.000000 359.000000 -3.370000 11.660000
12050.000000 359.000000 -2.770000 11.060000
12060.000000 359.000000 -1.920000 10.430000
12070.000000 359.000000 -0.950000 9.910000
12080.000000 359.000000 -0.160000 9.390000
12090.000000 359.000000 0.740000 8.910000
12100.000000 359.000000 1.650000 7.875000
12110.000000 359.000000 2.560000 6.840000
12120.000000 359.000000 3.470000 5.805000
12130.000000 359.000000 4.380000 4.770000
12140.000000 359.000000 5.290000 3.735000
12150.000000 359.000000 6.200000 2.700000
12160.000000 359.000000 7.110000 1.665000
12170.000000 359.000000 8.020000 0.630000
12180.000000 359.000000 8.930000 -0.405000
12190.000000 359.000000 9.840000 -1.440000
12200.000000 359.000000 10.750000 -2.475000
12210.000000 359.000000 11.660000 -3.510000