0 1.0 13.449 3.938
10 1.0 12.935 3.938
20 1.0 12.422 3.938
30 1.0 11.919 3.958
40 1.0 11.428 3.998
50 1.0 10.937 4.037
60 1.0 10.467 3.992
70 1.0 10.019 3.861
80 1.0 9.571 3.73
90 1.0 9.094 3.595
100 1.0 8.571 3.453
110 1.0 8.049 3.312
120 1.0 7.519 3.236
130 1.0 6.986 3.188
140 1.0 6.453 3.141
150 1.0 5.91 3.11
160 1.0 5.363 3.086
170 1.0 4.815 3.062
180 1.0 4.303 2.985
190 1.0 3.806 2.886
0 2.0 13.343 4.439
10 2.0 12.825 4.43
20 2.0 12.307 4.421
30 2.0 11.814 4.434
40 2.0 11.36 4.48
50 2.0 10.905 4.526
60 2.0 10.438 4.526
70 2.0 9.945 4.419
80 2.0 9.451 4.312
90 2.0 8.946 4.188
100 2.0 8.424 4.038
110 2.0 7.902 3.888
120 2.0 7.384 3.807
130 2.0 6.867 3.756
140 2.0 6.35 3.706
150 2.0 5.842 3.675
160 2.0 5.346 3.675
170 2.0 4.851 3.675
180 2.0 4.346 3.655
190 2.0 3.82 3.587
0 3.0 11.912 4.439
10 3.0 11.505 4.514
20 3.0 11.097 4.588
30 3.0 10.689 4.663
40 3.0 10.28 4.709
50 3.0 9.871 4.749
60 3.0 9.462 4.789
70 3.0 9.051 4.83
80 3.0 8.634 4.875
90 3.0 8.218 4.919
100 3.0 7.801 4.964
110 3.0 7.385 5.009
120 3.0 6.972 5.038
130 3.0 6.565 5.043
140 3.0 6.158 5.048
150 3.0 5.751 5.054
160 3.0 5.344 5.059
170 3.0 4.963 5.074
180 3.0 4.584 5.09
190 3.0 4.205 5.106
0 4.0 11.828 5.155
10 4.0 11.382 5.211
20 4.0 10.937 5.267
30 4.0 10.491 5.324
40 4.0 10.071 5.346
50 4.0 9.668 5.346
60 4.0 9.265 5.346
70 4.0 8.862 5.346
80 4.0 8.459 5.346
90 4.0 8.032 5.396
100 4.0 7.602 5.452
110 4.0 7.172 5.508
120 4.0 6.742 5.564
130 4.0 6.321 5.616
140 4.0 5.935 5.656
150 4.0 5.549 5.696
160 4.0 5.163 5.736
170 4.0 4.778 5.776
180 4.0 4.403 5.821
190 4.0 4.045 5.875
0 5.0 8.713 4.415
10 5.0 8.361 4.364
20 5.0 8.008 4.312
30 5.0 7.655 4.26
40 5.0 7.301 4.186
50 5.0 6.942 4.06
60 5.0 6.583 3.934
70 5.0 6.224 3.807
80 5.0 5.839 3.73
90 5.0 5.452 3.659
100 5.0 5.065 3.587
110 5.0 4.677 3.515
120 5.0 4.29 3.444
130 5.0 3.919 3.388
140 5.0 3.549 3.335
150 5.0 3.18 3.281
160 5.0 2.811 3.228
170 5.0 2.441 3.174
180 5.0 2.101 3.174
190 5.0 1.761 3.174
0 6.0 8.124 3.461
10 6.0 8.611 3.416
20 6.0 9.097 3.371
30 6.0 9.584 3.326
40 6.0 9.99 3.325
50 6.0 10.376 3.335
60 6.0 10.729 3.399
70 6.0 11.033 3.546
80 6.0 11.379 3.795
90 6.0 11.753 4.113
100 6.0 12.127 4.431
110 6.0 12.449 4.779
120 6.0 12.765 5.13
130 6.0 13.08 5.482
140 6.0 13.333 5.875
150 6.0 13.438 6.366
160 6.0 13.542 6.832
170 6.0 13.643 7.274
180 6.0 13.744 7.716
190 6.0 13.755 8.139
0 8.0 4.336 7.351
10 8.0 4.554 7.274
20 8.0 4.773 7.198
30 8.0 4.955 7.171
40 8.0 5.101 7.194
50 8.0 5.246 7.217
60 8.0 5.391 7.239
70 8.0 5.542 7.259
80 8.0 5.706 7.272
90 8.0 5.87 7.286
100 8.0 6.033 7.299
110 8.0 6.135 7.333
120 8.0 6.21 7.376
130 8.0 6.285 7.418
140 8.0 6.279 7.468
150 8.0 6.264 7.519
160 8.0 6.227 7.564
170 8.0 5.99 7.545
180 8.0 5.752 7.527
190 8.0 5.515 7.509
20 17.0 15.242 3.668
30 17.0 14.666 3.533
40 17.0 14.089 3.398
50 17.0 13.545 3.31
60 17.0 13.048 3.291
70 17.0 12.551 3.272
80 17.0 12.099 3.314
90 17.0 11.652 3.364
100 17.0 11.222 3.331
110 17.0 10.809 3.217
120 17.0 10.396 3.102
130 17.0 9.875 3.018
140 17.0 9.328 2.941
150 17.0 8.811 2.901
160 17.0 8.363 2.946
170 17.0 7.916 2.991
180 17.0 7.466 3.028
190 17.0 6.991 3.001
200 17.0 6.516 2.974
210 17.0 6.041 2.946
120 20.0 0.345 6.983
130 20.0 0.635 6.884
140 20.0 0.925 6.785
150 20.0 1.255 6.689
160 20.0 1.744 6.605
170 20.0 2.233 6.521
180 20.0 2.722 6.437
190 20.0 3.207 6.373
200 20.0 3.691 6.315
210 20.0 4.174 6.257
220 20.0 4.657 6.197
230 20.0 5.13 6.118
240 20.0 5.604 6.038
250 20.0 6.077 5.959
260 20.0 6.542 5.912
270 20.0 6.998 5.899
280 20.0 7.454 5.886
290 20.0 7.91 5.872
300 20.0 8.403 5.837
310 20.0 8.901 5.799
200 9.0 5.286 7.501
210 9.0 5.093 7.534
220 9.0 4.9 7.567
230 9.0 4.707 7.6
240 9.0 4.509 7.598
250 9.0 4.308 7.572
260 9.0 4.107 7.546
270 9.0 3.906 7.52
280 9.0 3.704 7.494
290 9.0 3.525 7.488
300 9.0 3.346 7.482
310 9.0 3.167 7.476
320 9.0 2.989 7.47
330 9.0 2.953 7.419
340 9.0 2.917 7.368
350 9.0 2.881 7.318
360 9.0 2.845 7.267
370 9.0 2.793 7.227
380 9.0 2.703 7.214
390 9.0 2.613 7.2
200 21.0 0.474 7.303
210 21.0 1.0 7.064
220 21.0 1.562 6.883
230 21.0 2.211 6.835
240 21.0 2.859 6.787
250 21.0 3.539 6.631
260 21.0 4.227 6.447
270 21.0 4.915 6.255
280 21.0 5.603 6.025
290 21.0 6.291 5.796
300 21.0 6.979 5.556
310 21.0 7.667 5.309
320 21.0 8.354 5.063
330 21.0 9.069 4.93
340 21.0 9.803 4.872
350 21.0 10.536 4.814
360 21.0 11.263 4.746
370 21.0 11.973 4.657
380 21.0 12.683 4.567
390 21.0 13.392 4.48
220 18.0 5.571 2.959
230 18.0 5.105 2.997
240 18.0 4.638 3.036
250 18.0 4.172 3.075
260 18.0 3.72 3.099
270 18.0 3.27 3.121
280 18.0 2.819 3.143
290 18.0 2.369 3.165
300 18.0 2.031 3.188
310 18.0 1.768 3.21
320 18.0 1.505 3.232
330 18.0 1.341 3.248
340 18.0 1.326 3.255
350 18.0 1.311 3.261
360 18.0 1.295 3.268
370 18.0 1.28 3.274
380 18.0 1.265 3.281
390 18.0 1.25 3.287
400 18.0 1.235 3.294
410 18.0 1.22 3.3
330 22.0 15.037 3.799
340 22.0 14.501 3.842
350 22.0 13.965 3.886
360 22.0 13.43 3.929
370 22.0 12.87 3.971
380 22.0 12.304 4.012
390 22.0 11.737 4.053
400 22.0 11.207 4.157
410 22.0 10.681 4.269
420 22.0 10.155 4.38
430 22.0 9.66 4.469
440 22.0 9.169 4.555
450 22.0 8.678 4.641
460 22.0 8.186 4.728
470 22.0 7.691 4.818
480 22.0 7.197 4.907
490 22.0 6.702 4.997
500 22.0 6.23 5.095
510 22.0 5.809 5.215
520 22.0 5.388 5.334
330 23.0 14.895 3.245
340 23.0 14.324 3.253
350 23.0 13.752 3.262
360 23.0 13.183 3.271
370 23.0 12.635 3.288
380 23.0 12.086 3.305
390 23.0 11.54 3.36
400 23.0 11.0 3.504
410 23.0 10.459 3.647
420 23.0 9.921 3.778
430 23.0 9.386 3.881
440 23.0 8.852 3.984
450 23.0 8.317 4.088
460 23.0 7.828 4.184
470 23.0 7.369 4.276
480 23.0 6.91 4.367
490 23.0 6.452 4.459
500 23.0 5.997 4.549
510 23.0 5.544 4.637
520 23.0 5.091 4.725
400 10.0 2.523 7.186
410 10.0 2.406 7.138
420 10.0 2.282 7.08
430 10.0 2.159 7.022
440 10.0 2.084 7.023
450 10.0 2.014 7.03
460 10.0 1.943 7.038
470 10.0 1.85 7.026
480 10.0 1.742 7.001
490 10.0 1.635 6.977
500 10.0 1.527 6.952
510 10.0 1.484 7.037
520 10.0 1.47 7.169
530 10.0 1.455 7.301
540 10.0 1.453 7.334
550 10.0 1.453 7.342
560 10.0 1.454 7.35
570 10.0 1.454 7.358
580 10.0 1.455 7.367
590 10.0 1.455 7.375
420 19.0 1.204 3.306
430 19.0 1.189 3.313
440 19.0 1.174 3.319
450 19.0 1.159 3.326
460 19.0 1.144 3.332
470 19.0 1.129 3.339
480 19.0 1.113 3.345
490 19.0 1.098 3.351
500 19.0 1.083 3.358
510 19.0 1.068 3.364
520 19.0 1.053 3.371
530 19.0 1.038 3.377
540 19.0 1.022 3.384
550 19.0 0.996 3.394
560 19.0 0.926 3.421
570 19.0 0.856 3.447
580 19.0 0.786 3.474
590 19.0 0.695 3.487
600 19.0 0.589 3.492
610 19.0 0.484 3.497
460 24.0 14.69 3.248
470 24.0 14.059 3.313
480 24.0 13.428 3.378
490 24.0 12.799 3.445
500 24.0 12.192 3.529
510 24.0 11.585 3.614
520 24.0 10.979 3.698
530 24.0 10.388 3.844
540 24.0 9.803 4.016
550 24.0 9.218 4.188
560 24.0 8.637 4.35
570 24.0 8.081 4.411
580 24.0 7.525 4.472
590 24.0 6.969 4.533
600 24.0 6.412 4.602
610 24.0 5.853 4.703
620 24.0 5.294 4.803
630 24.0 4.734 4.904
640 24.0 4.205 4.98
650 24.0 3.722 5.018
460 25.0 15.069 4.009
470 25.0 14.455 4.048
480 25.0 13.84 4.086
490 25.0 13.217 4.163
500 25.0 12.586 4.278
510 25.0 11.954 4.394
520 25.0 11.356 4.501
530 25.0 10.808 4.595
540 25.0 10.259 4.688
550 25.0 9.709 4.78
560 25.0 9.143 4.847
570 25.0 8.578 4.914
580 25.0 8.012 4.981
590 25.0 7.485 5.086
600 25.0 6.962 5.194
610 25.0 6.439 5.303
620 25.0 5.914 5.362
630 25.0 5.388 5.39
640 25.0 4.862 5.418
650 25.0 4.453 5.432
490 26.0 0.261 7.244
500 26.0 0.35 7.131
510 26.0 0.439 7.018
520 26.0 0.527 6.905
530 26.0 0.612 6.826
540 26.0 0.687 6.826
550 26.0 0.762 6.826
560 26.0 0.849 6.814
570 26.0 0.947 6.792
580 26.0 1.045 6.77
590 26.0 1.142 6.748
600 26.0 1.252 6.735
610 26.0 1.407 6.757
620 26.0 1.562 6.78
630 26.0 1.718 6.803
640 26.0 1.873 6.826
650 26.0 2.132 6.921
660 26.0 2.39 7.017
670 26.0 2.649 7.112
680 26.0 2.925 7.182
520 28.0 0.218 6.456
530 28.0 0.504 6.342
540 28.0 0.791 6.227
550 28.0 1.022 6.224
560 28.0 1.217 6.294
570 28.0 1.412 6.365
580 28.0 1.56 6.448
590 28.0 1.702 6.533
600 28.0 1.845 6.618
610 28.0 1.964 6.64
620 28.0 2.077 6.646
630 28.0 2.191 6.652
640 28.0 2.304 6.658
650 28.0 2.505 6.685
660 28.0 2.715 6.714
670 28.0 2.925 6.743
680 28.0 3.126 6.773
690 28.0 3.32 6.804
700 28.0 3.514 6.836
710 28.0 3.708 6.867
580 30.0 0.352 6.937
590 30.0 0.409 6.775
600 30.0 0.467 6.612
610 30.0 0.661 6.418
620 30.0 0.942 6.229
630 30.0 1.336 6.11
640 30.0 1.659 6.037
650 30.0 1.934 5.996
660 30.0 2.217 5.966
670 30.0 2.521 5.966
680 30.0 2.789 5.919
690 30.0 3.02 5.823
700 30.0 3.127 5.765
710 30.0 3.109 5.745
720 30.0 3.09 5.724
730 30.0 3.072 5.703
740 30.0 3.054 5.682
750 30.0 2.846 5.288
760 30.0 2.617 4.852
770 30.0 2.386 4.427
600 11.0 1.456 7.383
610 11.0 1.456 7.392
620 11.0 1.457 7.4
630 11.0 1.457 7.408
640 11.0 1.458 7.416
650 11.0 1.458 7.425
660 11.0 1.459 7.433
670 11.0 1.459 7.441
680 11.0 1.46 7.45
690 11.0 1.46 7.458
700 11.0 1.461 7.466
710 11.0 1.461 7.474
720 11.0 1.462 7.483
730 11.0 1.463 7.491
740 11.0 1.463 7.499
750 11.0 1.464 7.508
760 11.0 1.464 7.516
770 11.0 1.465 7.524
780 11.0 1.465 7.533
790 11.0 1.466 7.541
610 31.0 0.271 8.299
620 31.0 0.35 8.097
630 31.0 0.429 7.894
640 31.0 0.508 7.691
650 31.0 0.681 7.488
660 31.0 0.949 7.286
670 31.0 1.217 7.083
680 31.0 1.513 6.909
690 31.0 1.925 6.846
700 31.0 2.337 6.784
710 31.0 2.67 6.794
720 31.0 2.993 6.813
730 31.0 3.304 6.812
740 31.0 3.585 6.765
750 31.0 3.866 6.719
760 31.0 4.146 6.672
770 31.0 4.466 6.663
780 31.0 4.803 6.67
790 31.0 5.14 6.677
800 31.0 5.463 6.689
630 33.0 0.164 6.414
640 33.0 0.439 6.249
650 33.0 0.714 6.084
660 33.0 0.989 5.919
670 33.0 1.115 5.644
680 33.0 1.242 5.37
690 33.0 1.283 5.389
700 33.0 1.324 5.409
710 33.0 1.366 5.429
720 33.0 1.407 5.448
730 33.0 1.449 5.468
740 33.0 1.49 5.487
750 33.0 1.494 5.274
760 33.0 1.46 4.945
770 33.0 1.403 4.554
780 33.0 1.287 4.171
790 33.0 1.085 3.799
800 33.0 0.883 3.426
810 33.0 0.641 3.063
820 33.0 0.394 2.701
690 27.0 3.218 7.225
700 27.0 3.512 7.268
710 27.0 3.805 7.302
720 27.0 4.097 7.294
730 27.0 4.389 7.286
740 27.0 4.683 7.276
750 27.0 5.005 7.243
760 27.0 5.326 7.209
770 27.0 5.648 7.176
780 27.0 5.949 7.143
790 27.0 6.23 7.11
800 27.0 6.51 7.077
810 27.0 6.791 7.044
820 27.0 7.131 6.895
830 27.0 7.478 6.734
840 27.0 7.824 6.572
850 27.0 8.181 6.399
860 27.0 8.548 6.215
870 27.0 8.915 6.031
880 27.0 9.282 5.847
720 29.0 3.996 6.806
730 29.0 4.308 6.721
740 29.0 4.621 6.636
750 29.0 4.927 6.616
760 29.0 5.23 6.623
770 29.0 5.533 6.63
780 29.0 5.839 6.626
790 29.0 6.147 6.596
800 29.0 6.457 6.566
810 29.0 6.764 6.528
820 29.0 7.05 6.415
830 29.0 7.336 6.303
840 29.0 7.623 6.19
850 29.0 7.932 6.065
860 29.0 8.265 5.926
870 29.0 8.597 5.788
880 29.0 8.929 5.65
890 29.0 9.26 5.5
900 29.0 9.59 5.345
910 29.0 9.92 5.191
800 12.0 1.466 7.549
810 12.0 1.467 7.557
820 12.0 1.467 7.566
830 12.0 1.468 7.574
840 12.0 1.468 7.582
850 12.0 1.469 7.591
860 12.0 1.469 7.599
870 12.0 1.47 7.607
880 12.0 1.47 7.615
890 12.0 1.471 7.624
900 12.0 1.471 7.632
910 12.0 1.472 7.64
920 12.0 1.472 7.649
930 12.0 1.473 7.657
940 12.0 1.46 7.631
950 12.0 1.434 7.571
960 12.0 1.407 7.512
970 12.0 1.376 7.456
980 12.0 1.334 7.408
990 12.0 1.292 7.36
810 32.0 5.731 6.722
820 32.0 6.0 6.755
830 32.0 6.26 6.765
840 32.0 6.502 6.72
850 32.0 6.744 6.676
860 32.0 7.012 6.619
870 32.0 7.299 6.553
880 32.0 7.585 6.486
890 32.0 7.871 6.42
900 32.0 8.23 6.402
910 32.0 8.588 6.385
920 32.0 8.927 6.349
930 32.0 9.219 6.272
940 32.0 9.511 6.195
950 32.0 9.817 6.107
960 32.0 10.176 5.977
970 32.0 10.536 5.846
980 32.0 10.899 5.706
990 32.0 11.291 5.493
1000 32.0 11.683 5.278
850 35.0 0.359 8.737
860 35.0 0.468 8.509
870 35.0 0.578 8.281
880 35.0 0.688 8.052
890 35.0 0.798 7.824
900 35.0 1.001 7.531
910 35.0 1.266 7.195
920 35.0 1.531 6.859
930 35.0 1.896 6.757
940 35.0 2.272 6.68
950 35.0 2.647 6.612
960 35.0 3.025 6.619
970 35.0 3.403 6.626
980 35.0 3.78 6.633
990 35.0 4.236 6.624
1000 35.0 4.725 6.608
1010 35.0 5.213 6.593
1020 35.0 5.68 6.545
1030 35.0 6.132 6.475
1040 35.0 6.584 6.404
860 34.0 13.997 10.937
870 34.0 13.946 10.476
880 34.0 13.895 10.016
890 34.0 13.795 9.6
900 34.0 13.646 9.231
910 34.0 13.496 8.861
920 34.0 13.322 8.507
930 34.0 13.112 8.174
940 34.0 12.902 7.842
950 34.0 12.683 7.487
960 34.0 12.46 7.119
970 34.0 12.237 6.75
980 34.0 11.951 6.417
990 34.0 11.52 6.166
1000 34.0 11.057 5.94
1010 34.0 10.462 5.805
1020 34.0 9.867 5.67
1030 34.0 9.277 5.585
1040 34.0 8.688 5.505
1050 34.0 8.099 5.425
1000 13.0 1.251 7.308
1010 13.0 1.212 7.245
1020 13.0 1.174 7.182
1030 13.0 1.135 7.12
1040 13.0 1.126 7.08
1050 13.0 1.147 7.063
1060 13.0 1.168 7.046
1070 13.0 1.19 7.029
1080 13.0 1.211 7.012
1090 13.0 1.232 6.995
1100 13.0 1.253 6.978
1110 13.0 1.274 6.961
1120 13.0 1.295 6.944
1130 13.0 1.317 6.927
1140 13.0 1.338 6.91
1150 13.0 1.359 6.893
1160 13.0 1.38 6.876
1170 13.0 1.401 6.859
1180 13.0 1.423 6.842
1190 13.0 1.444 6.825
1080 36.0 14.863 6.605
1090 36.0 14.4 6.471
1100 36.0 13.937 6.338
1110 36.0 13.41 6.309
1120 36.0 12.877 6.292
1130 36.0 12.352 6.263
1140 36.0 11.905 6.129
1150 36.0 11.457 5.995
1160 36.0 11.01 5.861
1170 36.0 10.55 5.782
1180 36.0 10.088 5.709
1190 36.0 9.626 5.636
1200 36.0 9.155 5.541
1210 36.0 8.664 5.397
1220 36.0 8.173 5.252
1230 36.0 7.682 5.107
1240 36.0 7.23 4.922
1250 36.0 6.778 4.736
1260 36.0 6.328 4.596
1270 36.0 5.884 4.563
1090 37.0 15.313 2.909
1100 37.0 14.756 2.916
1110 37.0 14.2 2.924
1120 37.0 13.643 2.932
1130 37.0 13.099 2.898
1140 37.0 12.567 2.822
1150 37.0 12.035 2.747
1160 37.0 11.504 2.672
1170 37.0 10.98 2.683
1180 37.0 10.46 2.733
1190 37.0 9.94 2.782
1200 37.0 9.423 2.827
1210 37.0 8.913 2.862
1220 37.0 8.402 2.898
1230 37.0 7.892 2.933
1240 37.0 7.381 2.969
1250 37.0 6.89 2.99
1260 37.0 6.413 3.002
1270 37.0 5.936 3.014
1280 37.0 5.458 3.025
1100 38.0 15.048 3.437
1110 38.0 14.438 3.461
1120 38.0 13.828 3.484
1130 38.0 13.217 3.508
1140 38.0 12.654 3.56
1150 38.0 12.091 3.611
1160 38.0 11.528 3.663
1170 38.0 10.98 3.709
1180 38.0 10.468 3.741
1190 38.0 9.956 3.774
1200 38.0 9.445 3.807
1210 38.0 8.933 3.839
1220 38.0 8.437 3.862
1230 38.0 7.942 3.885
1240 38.0 7.448 3.907
1250 38.0 6.954 3.929
1260 38.0 6.472 3.922
1270 38.0 6.0 3.895
1280 38.0 5.528 3.869
1290 38.0 5.055 3.842
1160 39.0 0.411 3.29
1170 39.0 1.01 3.437
1180 39.0 1.609 3.583
1190 39.0 2.171 3.787
1200 39.0 2.716 4.015
1210 39.0 3.294 4.206
1220 39.0 3.904 4.362
1230 39.0 4.48 4.54
1240 39.0 5.023 4.742
1250 39.0 5.565 4.944
1260 39.0 6.106 5.025
1270 39.0 6.648 5.094
1280 39.0 7.18 5.107
1290 39.0 7.71 5.107
1300 39.0 8.238 5.094
1310 39.0 8.751 4.959
1320 39.0 9.263 4.823
1330 39.0 9.778 4.679
1340 39.0 10.318 4.456
1350 39.0 10.858 4.234
1200 14.0 1.465 6.808
1210 14.0 1.6 6.839
1220 14.0 1.81 6.901
1230 14.0 2.02 6.963
1240 14.0 2.269 6.981
1250 14.0 2.521 6.995
1260 14.0 2.774 7.008
1270 14.0 3.019 7.028
1280 14.0 3.254 7.055
1290 14.0 3.488 7.082
1300 14.0 3.723 7.109
1310 14.0 3.88 7.121
1320 14.0 4.03 7.131
1330 14.0 4.179 7.141
1340 14.0 4.328 7.151
1350 14.0 4.471 7.164
1360 14.0 4.56 7.204
1370 14.0 4.65 7.245
1380 14.0 4.739 7.286
1390 14.0 4.829 7.326
1300 40.0 15.227 6.947
1310 40.0 14.676 6.822
1320 40.0 14.124 6.697
1330 40.0 13.56 6.562
1340 40.0 12.984 6.417
1350 40.0 12.392 6.273
1360 40.0 11.738 6.135
1370 40.0 11.092 6.022
1380 40.0 10.46 5.968
1390 40.0 9.832 5.924
1400 40.0 9.235 5.978
1410 40.0 8.637 6.032
1420 40.0 8.04 6.086
1430 40.0 7.376 6.123
1440 40.0 6.711 6.16
1450 40.0 6.047 6.198
1460 40.0 5.43 6.253
1470 40.0 4.825 6.313
1480 40.0 4.22 6.372
1490 40.0 3.631 6.481
1400 15.0 4.86 7.342
1410 15.0 4.805 7.321
1420 15.0 4.749 7.3
1430 15.0 4.693 7.279
1440 15.0 4.536 7.247
1450 15.0 4.378 7.214
1460 15.0 4.22 7.182
1470 15.0 4.062 7.149
1480 15.0 3.905 7.121
1490 15.0 3.748 7.097
1500 15.0 3.592 7.072
1510 15.0 3.435 7.048
1520 15.0 3.276 7.048
1530 15.0 3.116 7.058
1540 15.0 2.956 7.068
1550 15.0 2.796 7.079
1560 15.0 2.642 7.089
1570 15.0 2.541 7.1
1580 15.0 2.441 7.11
1590 15.0 2.346 7.112
1550 41.0 0.117 4.893
1560 41.0 0.631 4.884
1570 41.0 1.144 4.874
1580 41.0 1.65 4.856
1590 41.0 2.146 4.825
1600 41.0 2.642 4.795
1610 41.0 3.145 4.777
1620 41.0 3.665 4.79
1630 41.0 4.185 4.804
1640 41.0 4.706 4.817
1650 41.0 5.222 4.809
1660 41.0 5.738 4.793
1670 41.0 6.253 4.777
1680 41.0 6.749 4.786
1690 41.0 7.24 4.802
1700 41.0 7.731 4.818
1710 41.0 8.248 4.801
1720 41.0 8.772 4.777
1730 41.0 9.295 4.752
1740 41.0 9.818 4.728
1550 42.0 0.119 5.756
1560 42.0 0.612 5.715
1570 42.0 1.105 5.674
1580 42.0 1.598 5.633
1590 42.0 2.097 5.606
1600 42.0 2.606 5.6
1610 42.0 3.114 5.594
1620 42.0 3.622 5.589
1630 42.0 4.134 5.579
1640 42.0 4.655 5.56
1650 42.0 5.175 5.541
1660 42.0 5.696 5.522
1670 42.0 6.216 5.52
1680 42.0 6.737 5.533
1690 42.0 7.257 5.546
1700 42.0 7.777 5.559
1710 42.0 8.285 5.526
1720 42.0 8.791 5.487
1730 42.0 9.298 5.449
1740 42.0 9.817 5.4
1560 43.0 15.01 4.559
1570 43.0 14.343 4.549
1580 43.0 13.677 4.54
1590 43.0 13.036 4.568
1600 43.0 12.422 4.635
1610 43.0 11.807 4.702
1620 43.0 11.193 4.712
1630 43.0 10.579 4.721
1640 43.0 9.965 4.68
1650 43.0 9.351 4.603
1660 43.0 8.738 4.527
1670 43.0 8.14 4.452
1680 43.0 7.553 4.391
1690 43.0 7.014 4.391
1700 43.0 6.442 4.404
1710 43.0 5.849 4.426
1720 43.0 5.291 4.389
1730 43.0 4.786 4.265
1740 43.0 4.281 4.141
1750 43.0 3.747 4.092
1570 44.0 14.612 3.778
1580 44.0 13.943 3.854
1590 44.0 13.274 3.931
1600 44.0 12.623 3.962
1610 44.0 11.984 3.962
1620 44.0 11.345 3.962
1630 44.0 10.72 3.938
1640 44.0 10.096 3.911
1650 44.0 9.482 3.888
1660 44.0 8.905 3.878
1670 44.0 8.329 3.867
1680 44.0 7.763 3.788
1690 44.0 7.199 3.701
1700 44.0 6.651 3.58
1710 44.0 6.11 3.444
1720 44.0 5.568 3.307
1730 44.0 4.999 3.251
1740 44.0 4.427 3.203
1750 44.0 3.837 3.188
1760 44.0 3.221 3.224
1600 16.0 2.254 7.112
1610 16.0 2.162 7.112
1620 16.0 2.069 7.112
1630 16.0 1.976 7.082
1640 16.0 1.882 7.04
1650 16.0 1.789 6.998
1660 16.0 1.696 6.955
1670 16.0 1.625 6.92
1680 16.0 1.647 6.913
1690 16.0 1.669 6.907
1700 16.0 1.692 6.901
1710 16.0 1.714 6.895
1720 16.0 1.736 6.888
1730 16.0 1.758 6.882
1740 16.0 1.78 6.876
1750 16.0 1.848 6.871
1760 16.0 1.947 6.866
1770 16.0 2.047 6.861
1780 16.0 2.145 6.856
1790 16.0 2.245 6.852
1660 45.0 0.039 4.026
1670 45.0 0.54 4.051
1680 45.0 1.041 4.075
1690 45.0 1.541 4.1
1700 45.0 2.029 4.13
1710 45.0 2.513 4.162
1720 45.0 2.997 4.194
1730 45.0 3.374 4.373
1740 45.0 3.725 4.589
1750 45.0 4.092 4.747
1760 45.0 4.466 4.879
1770 45.0 4.792 4.893
1780 45.0 5.111 4.893
1790 45.0 5.374 4.895
1800 45.0 5.407 4.91
1810 45.0 5.441 4.924
1820 45.0 5.475 4.938
1830 45.0 5.508 4.953
1840 45.0 5.542 4.967
1850 45.0 5.576 4.981
1660 47.0 -0.016 4.842
1670 47.0 0.459 4.851
1680 47.0 0.935 4.86
1690 47.0 1.41 4.869
1700 47.0 1.899 4.903
1710 47.0 2.387 4.937
1720 47.0 2.866 4.997
1730 47.0 3.305 5.163
1740 47.0 3.744 5.329
1750 47.0 4.199 5.418
1760 47.0 4.655 5.497
1770 47.0 4.971 5.572
1780 47.0 5.146 5.641
1790 47.0 5.305 5.704
1800 47.0 5.316 5.71
1810 47.0 5.327 5.716
1820 47.0 5.338 5.721
1830 47.0 5.349 5.727
1840 47.0 5.36 5.732
1850 47.0 5.371 5.738
1820 49.0 0.208 7.031
1830 49.0 0.395 6.934
1840 49.0 0.582 6.836
1850 49.0 0.774 6.714
1860 49.0 0.973 6.555
1870 49.0 1.172 6.396
1880 49.0 1.37 6.237
1890 49.0 1.535 6.166
1900 49.0 1.692 6.117
1910 49.0 1.848 6.068
1920 49.0 2.005 6.019
1930 49.0 2.215 5.998
1940 49.0 2.43 5.98
1950 49.0 2.646 5.962
1960 49.0 2.862 5.945
1970 49.0 3.04 6.005
1980 49.0 3.215 6.075
1990 49.0 3.39 6.145
2000 49.0 3.564 6.215
2010 49.0 3.631 6.262
1850 52.0 0.168 5.767
1860 52.0 0.379 5.668
1870 52.0 0.589 5.57
1880 52.0 0.8 5.471
1890 52.0 1.01 5.372
1900 52.0 1.231 5.326
1910 52.0 1.463 5.334
1920 52.0 1.694 5.342
1930 52.0 1.886 5.35
1940 52.0 2.037 5.357
1950 52.0 2.188 5.365
1960 52.0 2.357 5.383
1970 52.0 2.568 5.426
1980 52.0 2.778 5.47
1990 52.0 2.989 5.513
2000 52.0 3.157 5.567
2010 52.0 3.325 5.62
2020 52.0 3.494 5.674
2030 52.0 3.662 5.728
2040 52.0 3.773 5.741
1860 46.0 5.609 4.996
1870 46.0 5.643 5.01
1880 46.0 5.677 5.024
1890 46.0 5.732 5.044
1900 46.0 5.872 5.083
1910 46.0 6.012 5.123
1920 46.0 6.079 5.144
1930 46.0 6.127 5.159
1940 46.0 6.176 5.175
1950 46.0 6.224 5.191
1960 46.0 6.272 5.206
1970 46.0 6.32 5.222
1980 46.0 6.488 5.149
1990 46.0 6.706 5.038
2000 46.0 6.923 4.927
2010 46.0 7.292 4.842
2020 46.0 7.676 4.76
2030 46.0 8.061 4.678
2040 46.0 8.513 4.589
2050 46.0 8.965 4.501
1860 48.0 5.382 5.743
1870 48.0 5.393 5.749
1880 48.0 5.404 5.755
1890 48.0 5.415 5.76
1900 48.0 5.426 5.766
1910 48.0 5.437 5.771
1920 48.0 5.448 5.777
1930 48.0 5.459 5.782
1940 48.0 5.47 5.788
1950 48.0 5.481 5.793
1960 48.0 5.492 5.799
1970 48.0 5.722 5.79
1980 48.0 5.976 5.781
1990 48.0 6.31 5.718
2000 48.0 6.722 5.604
2010 48.0 7.135 5.489
2020 48.0 7.581 5.454
2030 48.0 8.026 5.419
2040 48.0 8.472 5.384
2050 48.0 8.915 5.343
2020 50.0 3.67 6.303
2030 50.0 3.709 6.344
2040 50.0 3.749 6.385
2050 50.0 3.788 6.426
2060 50.0 3.828 6.467
2070 50.0 3.977 6.494
2080 50.0 4.289 6.501
2090 50.0 4.602 6.508
2100 50.0 4.915 6.515
2110 50.0 5.287 6.467
2120 50.0 5.666 6.414
2130 50.0 6.045 6.36
2140 50.0 6.423 6.306
2150 50.0 6.762 6.212
2160 50.0 7.095 6.113
2170 50.0 7.429 6.014
2180 50.0 7.763 5.915
2190 50.0 8.097 5.824
2200 50.0 8.431 5.736
2210 50.0 8.764 5.648
2030 54.0 0.41 5.267
2040 54.0 1.147 5.061
2050 54.0 1.865 4.881
2060 54.0 2.538 4.761
2070 54.0 3.213 4.651
2080 54.0 3.891 4.563
2090 54.0 4.569 4.474
2100 54.0 5.275 4.393
2110 54.0 5.999 4.317
2120 54.0 6.725 4.24
2130 54.0 7.465 4.155
2140 54.0 8.205 4.07
2150 54.0 8.945 3.986
2160 54.0 9.726 3.9
2170 54.0 10.508 3.815
2180 54.0 11.294 3.719
2190 54.0 12.094 3.579
2200 54.0 12.895 3.439
2210 54.0 13.696 3.299
2220 54.0 14.496 3.159
2050 53.0 3.884 5.754
2060 53.0 3.995 5.768
2070 53.0 4.185 5.76
2080 53.0 4.494 5.721
2090 53.0 4.802 5.682
2100 53.0 5.11 5.644
2110 53.0 5.42 5.6
2120 53.0 5.741 5.519
2130 53.0 6.062 5.437
2140 53.0 6.384 5.355
2150 53.0 6.698 5.267
2160 53.0 6.995 5.163
2170 53.0 7.293 5.06
2180 53.0 7.59 4.956
2190 53.0 7.887 4.852
2200 53.0 8.19 4.75
2210 53.0 8.495 4.649
2220 53.0 8.801 4.547
2230 53.0 9.106 4.446
2240 53.0 9.447 4.35
2080 55.0 14.714 4.725
2090 55.0 14.045 4.964
2100 55.0 13.445 5.151
2110 55.0 12.861 5.324
2120 55.0 12.272 5.498
2130 55.0 11.679 5.672
2140 55.0 11.086 5.812
2150 55.0 10.495 5.903
2160 55.0 9.91 6.018
2170 55.0 9.337 6.19
2180 55.0 8.765 6.362
2190 55.0 8.179 6.466
2200 55.0 7.589 6.554
2210 55.0 7.0 6.641
2220 55.0 6.429 6.698
2230 55.0 5.863 6.747
2240 55.0 5.297 6.797
2250 55.0 4.695 6.867
2260 55.0 4.089 6.939
2270 55.0 3.484 7.012
2220 51.0 9.098 5.56
2230 51.0 9.421 5.482
2240 51.0 9.698 5.448
2250 51.0 9.976 5.414
2260 51.0 10.253 5.38
2270 51.0 10.53 5.346
2280 51.0 10.808 5.312
2290 51.0 11.085 5.278
2300 51.0 11.339 5.215
2310 51.0 11.591 5.15
2320 51.0 11.843 5.084
2330 51.0 12.094 5.019
2340 51.0 12.346 4.953
2350 51.0 12.66 4.886
2360 51.0 12.99 4.818
2370 51.0 13.32 4.751
2380 51.0 13.65 4.683
2390 51.0 13.98 4.615
2400 51.0 14.31 4.547
2410 51.0 14.64 4.48
2520 56.0 14.971 4.481
2530 56.0 14.478 4.539
2540 56.0 13.984 4.596
2550 56.0 13.491 4.654
2560 56.0 12.928 4.678
2570 56.0 12.365 4.702
2580 56.0 11.802 4.725
2590 56.0 11.239 4.749
2600 56.0 10.723 4.766
2610 56.0 10.207 4.783
2620 56.0 9.69 4.8
2630 56.0 9.174 4.818
2640 56.0 8.644 4.83
2650 56.0 8.111 4.841
2660 56.0 7.577 4.852
2670 56.0 7.044 4.863
2680 56.0 6.514 4.815
2690 56.0 5.988 4.709
2700 56.0 5.462 4.602
2710 56.0 4.935 4.495
2530 57.0 14.721 5.039
2540 57.0 14.217 5.107
2550 57.0 13.713 5.176
2560 57.0 13.14 5.253
2570 57.0 12.521 5.338
2580 57.0 11.902 5.422
2590 57.0 11.303 5.497
2600 57.0 10.782 5.537
2610 57.0 10.261 5.577
2620 57.0 9.739 5.616
2630 57.0 9.218 5.656
2640 57.0 8.719 5.651
2650 57.0 8.22 5.645
2660 57.0 7.721 5.64
2670 57.0 7.221 5.634
2680 57.0 6.734 5.652
2690 57.0 6.251 5.68
2700 57.0 5.768 5.708
2710 57.0 5.267 5.679
2720 57.0 4.724 5.516
2870 58.0 15.036 3.836
2880 58.0 14.528 3.902
2890 58.0 14.02 3.967
2900 58.0 13.512 4.033
2910 58.0 13.053 4.099
2920 58.0 12.593 4.163
2930 58.0 12.134 4.229
2940 58.0 11.634 4.28
2950 58.0 11.117 4.325
2960 58.0 10.599 4.37
2970 58.0 10.081 4.415
2980 58.0 9.629 4.499
2990 58.0 9.178 4.584
3000 58.0 8.726 4.668
3010 58.0 8.267 4.748
3020 58.0 7.804 4.826
3030 58.0 7.341 4.903
3040 58.0 6.878 4.981
3050 58.0 6.44 5.027
3060 58.0 6.019 5.053
2880 59.0 15.024 4.255
2890 59.0 14.568 4.327
2900 59.0 14.112 4.399
2910 59.0 13.653 4.473
2920 59.0 13.173 4.57
2930 59.0 12.693 4.667
2940 59.0 12.213 4.763
2950 59.0 11.777 4.832
2960 59.0 11.345 4.898
2970 59.0 10.914 4.963
2980 59.0 10.482 5.029
2990 59.0 10.045 5.007
3000 59.0 9.607 4.974
3010 59.0 9.169 4.942
3020 59.0 8.738 4.93
3030 59.0 8.335 4.998
3040 59.0 7.932 5.067
3050 59.0 7.529 5.135
3060 59.0 7.11 5.184
3070 59.0 6.682 5.225
2930 60.0 -0.093 5.761
2940 60.0 0.455 5.737
2950 60.0 1.002 5.714
2960 60.0 1.549 5.69
2970 60.0 2.069 5.697
2980 60.0 2.57 5.725
2990 60.0 3.072 5.753
3000 60.0 3.568 5.777
3010 60.0 4.046 5.783
3020 60.0 4.524 5.79
3030 60.0 5.002 5.796
3040 60.0 5.493 5.802
3050 60.0 5.998 5.808
3060 60.0 6.503 5.814
3070 60.0 7.008 5.82
3080 60.0 7.51 5.82
3090 60.0 8.007 5.813
3100 60.0 8.503 5.807
3110 60.0 9.0 5.8
3120 60.0 9.481 5.746
3030 61.0 14.736 4.602
3040 61.0 14.061 4.651
3050 61.0 13.386 4.701
3060 61.0 12.733 4.686
3070 61.0 12.102 4.606
3080 61.0 11.47 4.527
3090 61.0 10.813 4.504
3100 61.0 10.129 4.538
3110 61.0 9.445 4.572
3120 61.0 8.784 4.676
3130 61.0 8.133 4.81
3140 61.0 7.481 4.945
3150 61.0 6.823 5.043
3160 61.0 6.158 5.104
3170 61.0 5.493 5.166
3180 61.0 4.827 5.218
3190 61.0 4.162 5.257
3200 61.0 3.496 5.295
3210 61.0 2.828 5.32
3220 61.0 2.154 5.315
3040 62.0 0.301 4.866
3050 62.0 0.782 4.84
3060 62.0 1.263 4.815
3070 62.0 1.756 4.782
3080 62.0 2.279 4.731
3090 62.0 2.802 4.681
3100 62.0 3.325 4.63
3110 62.0 3.864 4.574
3120 62.0 4.403 4.518
3130 62.0 4.941 4.462
3140 62.0 5.457 4.424
3150 62.0 5.957 4.398
3160 62.0 6.458 4.372
3170 62.0 6.958 4.346
3180 62.0 7.495 4.314
3190 62.0 8.035 4.282
3200 62.0 8.576 4.25
3210 62.0 9.108 4.204
3220 62.0 9.611 4.104
3230 62.0 10.113 4.004
3040 63.0 0.113 4.163
3050 63.0 0.669 4.061
3060 63.0 1.225 3.958
3070 63.0 1.774 3.864
3080 63.0 2.262 3.844
3090 63.0 2.749 3.823
3100 63.0 3.236 3.803
3110 63.0 3.751 3.762
3120 63.0 4.285 3.707
3130 63.0 4.82 3.651
3140 63.0 5.354 3.596
3150 63.0 5.882 3.576
3160 63.0 6.409 3.57
3170 63.0 6.935 3.565
3180 63.0 7.461 3.559
3190 63.0 7.966 3.494
3200 63.0 8.449 3.369
3210 63.0 8.932 3.244
3220 63.0 9.415 3.119
3230 63.0 9.904 3.001
3130 64.0 0.535 4.003
3140 64.0 1.084 4.045
3150 64.0 1.633 4.088
3160 64.0 2.158 4.146
3170 64.0 2.667 4.216
3180 64.0 3.176 4.285
3190 64.0 3.671 4.317
3200 64.0 4.151 4.311
3210 64.0 4.631 4.304
3220 64.0 5.112 4.298
3230 64.0 5.632 4.255
3240 64.0 6.179 4.187
3250 64.0 6.726 4.119
3260 64.0 7.268 4.055
3270 64.0 7.759 4.037
3280 64.0 8.25 4.019
3290 64.0 8.741 4.0
3300 64.0 9.241 3.984
3310 64.0 9.776 3.978
3320 64.0 10.31 3.972
3130 65.0 0.447 3.272
3140 65.0 0.881 3.337
3150 65.0 1.314 3.402
3160 65.0 1.754 3.461
3170 65.0 2.241 3.461
3180 65.0 2.729 3.461
3190 65.0 3.217 3.461
3200 65.0 3.704 3.461
3210 65.0 4.219 3.442
3220 65.0 4.734 3.423
3230 65.0 5.249 3.404
3240 65.0 5.769 3.383
3250 65.0 6.309 3.352
3260 65.0 6.849 3.322
3270 65.0 7.388 3.291
3280 65.0 7.921 3.271
3290 65.0 8.437 3.277
3300 65.0 8.953 3.283
3310 65.0 9.469 3.288
3320 65.0 9.984 3.295
3190 66.0 0.295 3.437
3200 66.0 0.798 3.394
3210 66.0 1.302 3.351
3220 66.0 1.797 3.316
3230 66.0 2.259 3.309
3240 66.0 2.721 3.303
3250 66.0 3.183 3.296
3260 66.0 3.661 3.286
3270 66.0 4.15 3.274
3280 66.0 4.64 3.262
3290 66.0 5.129 3.251
3300 66.0 5.611 3.246
3310 66.0 6.087 3.246
3320 66.0 6.564 3.246
3330 66.0 7.05 3.248
3340 66.0 7.574 3.26
3350 66.0 8.097 3.271
3360 66.0 8.621 3.283
3370 66.0 9.146 3.294
3380 66.0 9.686 3.294
3210 67.0 14.773 3.586
3220 67.0 14.206 3.687
3230 67.0 13.64 3.788
3240 67.0 13.067 3.912
3250 67.0 12.491 4.045
3260 67.0 11.915 4.179
3270 67.0 11.363 4.312
3280 67.0 10.867 4.447
3290 67.0 10.37 4.582
3300 67.0 9.874 4.716
3310 67.0 9.382 4.777
3320 67.0 8.896 4.729
3330 67.0 8.411 4.68
3340 67.0 7.925 4.631
3350 67.0 7.423 4.644
3360 67.0 6.906 4.719
3370 67.0 6.389 4.794
3380 67.0 5.872 4.869
3390 67.0 5.412 4.983
3400 67.0 4.952 5.098
3210 68.0 14.913 4.469
3220 68.0 14.338 4.621
3230 68.0 13.764 4.773
3240 68.0 13.242 4.844
3250 68.0 12.72 4.915
3260 68.0 12.206 4.999
3270 68.0 11.711 5.115
3280 68.0 11.216 5.231
3290 68.0 10.721 5.347
3300 68.0 10.206 5.425
3310 68.0 9.678 5.479
3320 68.0 9.149 5.532
3330 68.0 8.621 5.585
3340 68.0 8.097 5.636
3350 68.0 7.613 5.678
3360 68.0 7.128 5.72
3370 68.0 6.644 5.762
3380 68.0 6.159 5.807
3390 68.0 5.662 5.879
3400 68.0 5.164 5.951
3340 69.0 0.43 3.242
3350 69.0 1.03 3.233
3360 69.0 1.63 3.225
3370 69.0 2.174 3.196
3380 69.0 2.693 3.158
3390 69.0 3.213 3.121
3400 69.0 3.749 3.077
3410 69.0 4.3 3.025
3420 69.0 4.852 2.973
3430 69.0 5.404 2.922
3440 69.0 5.992 2.893
3450 69.0 6.59 2.87
3460 69.0 7.187 2.847
3470 69.0 7.782 2.831
3480 69.0 8.375 2.819
3490 69.0 8.969 2.807
3500 69.0 9.563 2.795
3510 69.0 10.183 2.772
3520 69.0 10.809 2.747
3530 69.0 11.436 2.722
3370 70.0 0.008 4.074
3380 70.0 0.566 4.032
3390 70.0 1.125 3.991
3400 70.0 1.682 3.946
3410 70.0 2.237 3.896
3420 70.0 2.792 3.845
3430 70.0 3.346 3.795
3440 70.0 3.941 3.759
3450 70.0 4.536 3.723
3460 70.0 5.13 3.687
3470 70.0 5.725 3.651
3480 70.0 6.344 3.665
3490 70.0 6.964 3.678
3500 70.0 7.584 3.691
3510 70.0 8.222 3.683
3520 70.0 8.889 3.644
3530 70.0 9.555 3.604
3540 70.0 10.222 3.564
3550 70.0 10.845 3.517
3560 70.0 11.458 3.467
3370 71.0 0.273 6.794
3380 71.0 0.761 6.689
3390 71.0 1.249 6.584
3400 71.0 1.794 6.556
3410 71.0 2.352 6.547
3420 71.0 2.902 6.533
3430 71.0 3.418 6.502
3440 71.0 3.934 6.471
3450 71.0 4.454 6.423
3460 71.0 5.008 6.21
3470 71.0 5.561 5.998
3480 71.0 6.126 5.801
3490 71.0 6.708 5.625
3500 71.0 7.289 5.45
3510 71.0 7.871 5.274
3520 71.0 8.45 5.192
3530 71.0 9.029 5.11
3540 71.0 9.608 5.028
3550 71.0 10.183 4.862
3560 71.0 10.757 4.673
3570 72.0 15.102 3.915
3580 72.0 14.833 4.03
3590 72.0 14.563 4.144
3600 72.0 14.356 4.256
3610 72.0 14.295 4.364
3620 72.0 14.234 4.472
3630 72.0 14.115 4.564
3640 72.0 13.764 4.594
3650 72.0 13.414 4.624
3660 72.0 12.958 4.614
3670 72.0 12.475 4.594
3680 72.0 11.965 4.589
3690 72.0 11.414 4.605
3700 72.0 10.862 4.622
3710 72.0 10.357 4.617
3720 72.0 9.897 4.592
3730 72.0 9.437 4.567
3740 72.0 8.977 4.542
3750 72.0 8.523 4.559
3760 72.0 8.071 4.594
3580 73.0 15.043 4.673
3590 73.0 14.95 4.505
3600 73.0 14.858 4.337
3610 73.0 14.765 4.168
3620 73.0 14.61 4.003
3630 73.0 14.208 3.851
3640 73.0 13.807 3.699
3650 73.0 13.268 3.737
3660 73.0 12.729 3.776
3670 73.0 12.215 3.806
3680 73.0 11.726 3.829
3690 73.0 11.238 3.852
3700 73.0 10.744 3.866
3710 73.0 10.242 3.866
3720 73.0 9.741 3.866
3730 73.0 9.239 3.866
3740 73.0 8.776 3.906
3750 73.0 8.313 3.946
3760 73.0 7.85 3.986
3770 73.0 7.406 3.999
3580 74.0 0.153 8.464
3590 74.0 0.296 8.127
3600 74.0 0.438 7.79
3610 74.0 0.581 7.453
3620 74.0 0.78 7.14
3630 74.0 1.209 6.919
3640 74.0 1.638 6.698
3650 74.0 2.086 6.538
3660 74.0 2.554 6.441
3670 74.0 3.021 6.344
3680 74.0 3.467 6.295
3690 74.0 3.908 6.257
3700 74.0 4.349 6.22
3710 74.0 4.827 6.166
3720 74.0 5.331 6.101
3730 74.0 5.835 6.036
3740 74.0 6.32 5.939
3750 74.0 6.761 5.767
3760 74.0 7.201 5.596
3770 74.0 7.65 5.436
3630 76.0 14.857 4.746
3640 76.0 14.474 4.93
3650 76.0 14.042 5.111
3660 76.0 13.495 5.283
3670 76.0 12.948 5.455
3680 76.0 12.441 5.551
3690 76.0 11.945 5.627
3700 76.0 11.449 5.704
3710 76.0 11.043 5.786
3720 76.0 10.636 5.869
3730 76.0 10.235 5.956
3740 76.0 9.879 6.087
3750 76.0 9.524 6.219
3760 76.0 9.152 6.352
3770 76.0 8.718 6.491
3780 76.0 8.283 6.629
3790 76.0 7.84 6.756
3800 76.0 7.321 6.771
3810 76.0 6.802 6.787
3820 76.0 6.283 6.801
3650 77.0 14.998 4.387
3660 77.0 14.49 4.584
3670 77.0 13.982 4.78
3680 77.0 13.475 4.977
3690 77.0 12.954 5.074
3700 77.0 12.428 5.128
3710 77.0 11.921 5.174
3720 77.0 11.432 5.212
3730 77.0 10.944 5.251
3740 77.0 10.506 5.34
3750 77.0 10.067 5.43
3760 77.0 9.63 5.614
3770 77.0 9.193 5.861
3780 77.0 8.757 6.109
3790 77.0 8.273 6.134
3800 77.0 7.784 6.134
3810 77.0 7.295 6.134
3820 77.0 6.817 6.13
3830 77.0 6.351 6.124
3840 77.0 5.884 6.117
3660 75.0 0.211 6.311
3670 75.0 0.639 5.941
3680 75.0 1.067 5.571
3690 75.0 1.519 5.237
3700 75.0 2.063 5.048
3710 75.0 2.606 4.859
3720 75.0 3.11 4.579
3730 75.0 3.604 4.276
3740 75.0 4.097 3.99
3750 75.0 4.588 3.776
3760 75.0 5.079 3.561
3770 75.0 5.593 3.37
3780 75.0 6.199 3.274
3790 75.0 6.806 3.179
3800 75.0 7.38 3.251
3810 75.0 7.941 3.394
3820 75.0 8.503 3.537
3830 75.0 9.071 3.669
3840 75.0 9.642 3.797
3850 75.0 10.214 3.925
3760 78.0 0.385 4.076
3770 78.0 0.837 4.049
3780 78.0 1.289 4.023
3790 78.0 1.735 4.009
3800 78.0 2.175 4.009
3810 78.0 2.615 4.009
3820 78.0 3.057 4.006
3830 78.0 3.505 3.991
3840 78.0 3.953 3.976
3850 78.0 4.403 3.966
3860 78.0 4.868 4.007
3870 78.0 5.332 4.048
3880 78.0 5.794 4.092
3890 78.0 6.248 4.144
3900 78.0 6.702 4.196
3910 78.0 7.156 4.248
3920 78.0 7.639 4.306
3930 78.0 8.123 4.364
3940 78.0 8.606 4.422
3950 78.0 9.101 4.467
3760 79.0 0.153 3.566
3770 79.0 0.625 3.533
3780 79.0 1.097 3.5
3790 79.0 1.568 3.467
3800 79.0 2.008 3.436
3810 79.0 2.44 3.404
3820 79.0 2.872 3.373
3830 79.0 3.304 3.341
3840 79.0 3.762 3.335
3850 79.0 4.22 3.329
3860 79.0 4.678 3.323
3870 79.0 5.135 3.317
3880 79.0 5.585 3.383
3890 79.0 6.035 3.448
3900 79.0 6.485 3.514
3910 79.0 6.935 3.579
3920 79.0 7.384 3.645
3930 79.0 7.885 3.669
3940 79.0 8.393 3.688
3950 79.0 8.899 3.708
3760 80.0 0.225 2.904
3770 80.0 0.668 2.93
3780 80.0 1.112 2.955
3790 80.0 1.555 2.981
3800 80.0 2.018 2.909
3810 80.0 2.482 2.827
3820 80.0 2.947 2.745
3830 80.0 3.405 2.745
3840 80.0 3.864 2.745
3850 80.0 4.333 2.758
3860 80.0 4.848 2.827
3870 80.0 5.363 2.897
3880 80.0 5.879 2.966
3890 80.0 6.361 3.034
3900 80.0 6.793 3.1
3910 80.0 7.226 3.166
3920 80.0 7.659 3.232
3930 80.0 8.143 3.246
3940 80.0 8.64 3.246
3950 80.0 9.137 3.246
4010 81.0 12.623 12.343
4020 81.0 12.71 12.011
4030 81.0 12.797 11.679
4040 81.0 12.885 11.347
4050 81.0 12.972 11.016
4060 81.0 13.004 10.734
4070 81.0 13.0 10.486
4080 81.0 12.996 10.237
4090 81.0 12.991 9.989
4100 81.0 12.987 9.74
4110 81.0 12.988 9.486
4120 81.0 12.991 9.23
4130 81.0 12.994 8.974
4140 81.0 12.997 8.718
4150 81.0 13.0 8.461
4160 81.0 13.003 8.205
4170 81.0 13.007 7.949
4180 81.0 12.949 7.663
4190 81.0 12.886 7.374
4200 81.0 12.822 7.085
4010 83.0 13.381 12.284
4020 83.0 13.396 12.068
4030 83.0 13.411 11.851
4040 83.0 13.425 11.635
4050 83.0 13.44 11.418
4060 83.0 13.471 11.166
4070 83.0 13.526 10.86
4080 83.0 13.58 10.554
4090 83.0 13.635 10.248
4100 83.0 13.69 9.942
4110 83.0 13.709 9.663
4120 83.0 13.719 9.391
4130 83.0 13.729 9.119
4140 83.0 13.739 8.847
4150 83.0 13.741 8.568
4160 83.0 13.737 8.281
4170 83.0 13.733 7.995
4180 83.0 13.729 7.709
4190 83.0 13.724 7.422
4200 83.0 13.658 7.126
4210 82.0 12.697 6.826
4220 82.0 12.533 6.587
4230 82.0 12.33 6.38
4240 82.0 12.039 6.247
4250 82.0 11.748 6.113
4260 82.0 11.457 5.98
4270 82.0 11.096 5.978
4280 82.0 10.726 5.991
4290 82.0 10.356 6.004
4300 82.0 9.988 6.03
4310 82.0 9.63 6.107
4320 82.0 9.272 6.185
4330 82.0 8.913 6.262
4340 82.0 8.547 6.344
4350 82.0 8.172 6.429
4360 82.0 7.798 6.515
4370 82.0 7.423 6.601
4380 82.0 7.048 6.687
4390 82.0 6.665 6.755
4400 82.0 6.271 6.806
4210 84.0 13.531 6.819
4220 84.0 13.403 6.512
4230 84.0 13.144 6.227
4240 84.0 12.828 5.952
4250 84.0 12.501 5.694
4260 84.0 12.073 5.594
4270 84.0 11.645 5.494
4280 84.0 11.218 5.394
4290 84.0 10.779 5.409
4300 84.0 10.339 5.425
4310 84.0 9.9 5.44
4320 84.0 9.461 5.456
4330 84.0 9.027 5.499
4340 84.0 8.601 5.582
4350 84.0 8.175 5.665
4360 84.0 7.75 5.748
4370 84.0 7.328 5.831
4380 84.0 6.943 5.907
4390 84.0 6.558 5.982
4400 84.0 6.173 6.058
4310 85.0 15.159 6.899
4320 85.0 14.719 6.813
4330 85.0 14.279 6.726
4340 85.0 13.839 6.639
4350 85.0 13.403 6.514
4360 85.0 12.974 6.333
4370 85.0 12.545 6.152
4380 85.0 12.07 6.05
4390 85.0 11.591 5.957
4400 85.0 11.111 5.864
4410 85.0 10.636 5.815
4420 85.0 10.169 5.867
4430 85.0 9.702 5.919
4440 85.0 9.234 5.979
4450 85.0 8.763 6.102
4460 85.0 8.291 6.226
4470 85.0 7.821 6.327
4480 85.0 7.359 6.341
4490 85.0 6.897 6.355
4500 85.0 6.435 6.369
4350 86.0 0.082 3.933
4360 86.0 0.522 3.985
4370 86.0 0.961 4.036
4380 86.0 1.403 4.047
4390 86.0 1.846 4.03
4400 86.0 2.29 4.013
4410 86.0 2.727 3.99
4420 86.0 3.162 3.965
4430 86.0 3.597 3.94
4440 86.0 4.02 3.92
4450 86.0 4.441 3.899
4460 86.0 4.862 3.878
4470 86.0 5.313 3.858
4480 86.0 5.811 3.836
4490 86.0 6.308 3.814
4500 86.0 6.796 3.8
4510 86.0 7.198 3.85
4520 86.0 7.6 3.901
4530 86.0 8.001 3.952
4540 86.0 8.399 3.945
4360 88.0 0.638 2.784
4370 88.0 1.41 2.816
4380 88.0 2.182 2.848
4390 88.0 2.924 2.887
4400 88.0 3.636 2.933
4410 88.0 4.349 2.979
4420 88.0 5.077 2.983
4430 88.0 5.807 2.983
4440 88.0 6.537 2.983
4450 88.0 7.311 3.0
4460 88.0 8.104 3.024
4470 88.0 8.896 3.048
4480 88.0 9.714 3.066
4490 88.0 10.542 3.082
4500 88.0 11.369 3.098
4510 88.0 12.186 3.119
4520 88.0 12.998 3.141
4530 88.0 13.809 3.164
4540 88.0 14.621 3.187
4550 88.0 15.433 3.209
4460 89.0 5.127 4.551
4470 89.0 5.572 4.537
4480 89.0 6.018 4.523
4490 89.0 6.46 4.511
4500 89.0 6.87 4.518
4510 89.0 7.279 4.524
4520 89.0 7.689 4.531
4530 89.0 8.085 4.546
4540 89.0 8.459 4.576
4550 89.0 8.834 4.606
4560 89.0 9.19 4.645
4570 89.0 9.471 4.718
4580 89.0 9.751 4.79
4590 89.0 10.032 4.863
4600 89.0 10.294 4.94
4610 89.0 10.543 5.02
4620 89.0 10.793 5.099
4630 89.0 11.047 5.187
4640 89.0 11.302 5.274
4650 89.0 11.575 5.423
4550 87.0 8.796 3.925
4560 87.0 9.193 3.904
4570 87.0 9.568 3.903
4580 87.0 9.889 3.945
4590 87.0 10.211 3.987
4600 87.0 10.533 4.029
4610 87.0 10.835 4.158
4620 87.0 11.134 4.296
4630 87.0 11.368 4.446
4640 87.0 11.603 4.596
4650 87.0 11.837 4.746
4660 87.0 12.089 4.903
4670 87.0 12.357 5.068
4680 87.0 12.626 5.232
4690 87.0 12.934 5.42
4700 87.0 13.268 5.624
4710 87.0 13.602 5.828
4720 87.0 13.936 6.016
4730 87.0 14.268 6.147
4740 87.0 14.599 6.277
4670 90.0 0.524 4.111
4680 90.0 1.109 4.171
4690 90.0 1.693 4.23
4700 90.0 2.278 4.29
4710 90.0 2.821 4.201
4720 90.0 3.359 4.096
4730 90.0 3.898 3.991
4740 90.0 4.438 3.955
4750 90.0 4.979 3.989
4760 90.0 5.52 4.023
4770 90.0 6.061 4.057
4780 90.0 6.606 4.091
4790 90.0 7.161 4.122
4800 90.0 7.715 4.154
4810 90.0 8.266 4.153
4820 90.0 8.811 4.076
4830 90.0 9.356 3.999
4840 90.0 9.9 3.922
4850 90.0 10.445 3.982
4860 90.0 10.989 4.058
4750 91.0 14.721 4.652
4760 91.0 14.107 4.6
4770 91.0 13.509 4.541
4780 91.0 12.969 4.453
4790 91.0 12.429 4.366
4800 91.0 11.882 4.321
4810 91.0 11.309 4.447
4820 91.0 10.736 4.573
4830 91.0 10.163 4.699
4840 91.0 9.599 4.71
4850 91.0 9.042 4.644
4860 91.0 8.484 4.579
4870 91.0 7.926 4.513
4880 91.0 7.387 4.411
4890 91.0 6.861 4.285
4900 91.0 6.335 4.159
4910 91.0 5.809 4.033
4920 91.0 5.255 3.983
4930 91.0 4.701 3.933
4940 91.0 4.147 3.883
4750 92.0 15.048 5.179
4760 92.0 14.502 5.209
4770 92.0 13.957 5.239
4780 92.0 13.411 5.268
4790 92.0 12.832 5.299
4800 92.0 12.245 5.331
4810 92.0 11.657 5.362
4820 92.0 11.07 5.394
4830 92.0 10.507 5.4
4840 92.0 9.944 5.406
4850 92.0 9.381 5.412
4860 92.0 8.818 5.418
4870 92.0 8.267 5.407
4880 92.0 7.715 5.396
4890 92.0 7.163 5.386
4900 92.0 6.611 5.375
4910 92.0 6.042 5.347
4920 92.0 5.455 5.302
4930 92.0 4.869 5.256
4940 92.0 4.283 5.211
4820 93.0 15.271 4.353
4830 93.0 14.556 4.449
4840 93.0 13.84 4.544
4850 93.0 13.13 4.644
4860 93.0 12.471 4.779
4870 93.0 11.811 4.914
4880 93.0 11.155 5.047
4890 93.0 10.53 5.159
4900 93.0 9.906 5.271
4910 93.0 9.281 5.382
4920 93.0 8.683 5.498
4930 93.0 8.087 5.614
4940 93.0 7.492 5.73
4950 93.0 6.895 5.837
4960 93.0 6.295 5.932
4970 93.0 5.696 6.027
4980 93.0 5.096 6.122
4990 93.0 4.496 6.217
5000 93.0 3.897 6.311
5010 93.0 3.297 6.406
5000 94.0 15.024 3.889
5010 94.0 14.634 3.896
5020 94.0 14.244 3.904
5030 94.0 13.854 3.91
5040 94.0 13.6 3.903
5050 94.0 13.482 3.88
5060 94.0 13.363 3.858
5070 94.0 13.236 3.842
5080 94.0 13.089 3.842
5090 94.0 12.941 3.842
5100 94.0 12.794 3.842
5110 94.0 12.629 3.844
5120 94.0 12.423 3.849
5130 94.0 12.217 3.854
5140 94.0 12.011 3.858
5150 94.0 11.805 3.863
5160 94.0 11.552 3.888
5170 94.0 11.231 3.941
5180 94.0 10.911 3.995
5190 94.0 10.59 4.049
5030 97.0 14.917 7.485
5040 97.0 14.587 7.163
5050 97.0 14.27 6.855
5060 97.0 14.059 6.665
5070 97.0 13.849 6.476
5080 97.0 13.645 6.292
5090 97.0 13.471 6.128
5100 97.0 13.297 5.964
5110 97.0 13.122 5.801
5120 97.0 12.903 5.734
5130 97.0 12.664 5.708
5140 97.0 12.425 5.682
5150 97.0 12.186 5.656
5160 97.0 11.902 5.63
5170 97.0 11.619 5.604
5180 97.0 11.335 5.578
5190 97.0 11.051 5.552
5200 97.0 10.783 5.558
5210 97.0 10.538 5.612
5220 97.0 10.293 5.666
5040 100.0 15.144 7.37
5050 100.0 14.905 7.023
5060 100.0 14.666 6.676
5070 100.0 14.432 6.345
5080 100.0 14.208 6.037
5090 100.0 13.984 5.729
5100 100.0 13.742 5.462
5110 100.0 13.456 5.291
5120 100.0 13.171 5.121
5130 100.0 12.873 5.022
5140 100.0 12.563 4.996
5150 100.0 12.253 4.969
5160 100.0 11.943 4.943
5170 100.0 11.607 4.946
5180 100.0 11.268 4.953
5190 100.0 10.929 4.96
5200 100.0 10.621 4.962
5210 100.0 10.384 4.954
5220 100.0 10.147 4.947
5230 100.0 9.91 4.945
5060 103.0 0.183 3.93
5070 103.0 0.671 4.007
5080 103.0 1.16 4.084
5090 103.0 1.643 4.15
5100 103.0 2.074 4.126
5110 103.0 2.506 4.103
5120 103.0 2.937 4.079
5130 103.0 3.372 4.05
5140 103.0 3.837 3.978
5150 103.0 4.302 3.906
5160 103.0 4.767 3.834
5170 103.0 5.232 3.761
5180 103.0 5.692 3.692
5190 103.0 6.152 3.623
5200 103.0 6.612 3.553
5210 103.0 7.072 3.484
5220 103.0 7.545 3.478
5230 103.0 8.019 3.473
5240 103.0 8.492 3.467
5250 103.0 8.966 3.461
5090 104.0 0.003 3.856
5100 104.0 0.522 3.941
5110 104.0 1.04 4.026
5120 104.0 1.559 4.112
5130 104.0 2.05 4.163
5140 104.0 2.535 4.207
5150 104.0 3.02 4.25
5160 104.0 3.5 4.278
5170 104.0 3.976 4.289
5180 104.0 4.452 4.3
5190 104.0 4.928 4.312
5200 104.0 5.397 4.268
5210 104.0 5.847 4.096
5220 104.0 6.297 3.923
5230 104.0 6.747 3.751
5240 104.0 7.081 3.614
5250 104.0 7.366 3.491
5260 104.0 7.65 3.368
5270 104.0 7.935 3.246
5280 104.0 8.247 3.168
5090 105.0 15.168 6.987
5100 105.0 14.839 6.927
5110 105.0 14.51 6.867
5120 105.0 14.181 6.808
5130 105.0 13.906 6.744
5140 105.0 13.683 6.676
5150 105.0 13.461 6.608
5160 105.0 13.238 6.539
5170 105.0 12.941 6.392
5180 105.0 12.644 6.245
5190 105.0 12.347 6.097
5200 105.0 12.049 5.987
5210 105.0 11.75 5.903
5220 105.0 11.451 5.818
5230 105.0 11.158 5.7
5240 105.0 10.871 5.549
5250 105.0 10.583 5.398
5260 105.0 10.301 5.217
5270 105.0 10.026 5.005
5280 105.0 9.751 4.794
5100 107.0 15.069 6.11
5110 107.0 14.817 6.126
5120 107.0 14.564 6.141
5130 107.0 14.312 6.157
5140 107.0 14.077 6.028
5150 107.0 13.843 5.898
5160 107.0 13.608 5.769
5170 107.0 13.289 5.63
5180 107.0 12.885 5.482
5190 107.0 12.481 5.333
5200 107.0 12.077 5.185
5210 107.0 11.77 4.994
5220 107.0 11.488 4.793
5230 107.0 11.206 4.592
5240 107.0 10.923 4.391
5250 107.0 10.66 4.289
5260 107.0 10.397 4.187
5270 107.0 10.123 4.091
5280 107.0 9.808 4.019
5290 107.0 9.492 3.947
5120 111.0 0.341 2.907
5130 111.0 0.687 2.899
5140 111.0 1.033 2.89
5150 111.0 1.164 2.893
5160 111.0 1.203 2.9
5170 111.0 1.241 2.908
5180 111.0 1.28 2.915
5190 111.0 1.319 2.922
5200 111.0 1.358 2.93
5210 111.0 1.399 2.939
5220 111.0 1.447 2.957
5230 111.0 1.496 2.976
5240 111.0 1.544 2.994
5250 111.0 1.593 3.013
5260 111.0 1.642 3.031
5270 111.0 1.69 3.049
5280 111.0 1.964 3.078
5290 111.0 2.333 3.11
5300 111.0 2.703 3.142
5310 111.0 3.073 3.174
5130 109.0 0.147 6.73
5140 109.0 0.491 6.452
5150 109.0 0.835 6.173
5160 109.0 1.179 5.895
5170 109.0 1.575 5.79
5180 109.0 1.971 5.684
5190 109.0 2.367 5.579
5200 109.0 2.806 5.443
5210 109.0 3.273 5.285
5220 109.0 3.74 5.128
5230 109.0 4.207 4.971
5240 109.0 4.643 4.809
5250 109.0 5.047 4.641
5260 109.0 5.45 4.473
5270 109.0 5.854 4.306
5280 109.0 6.277 4.13
5290 109.0 6.704 3.953
5300 109.0 7.131 3.776
5310 109.0 7.557 3.614
5320 109.0 7.984 3.488
5150 110.0 0.189 5.799
5160 110.0 0.649 5.587
5170 110.0 1.109 5.375
5180 110.0 1.557 5.212
5190 110.0 1.978 5.162
5200 110.0 2.399 5.113
5210 110.0 2.831 5.0
5220 110.0 3.279 4.793
5230 110.0 3.727 4.585
5240 110.0 4.169 4.384
5250 110.0 4.597 4.199
5260 110.0 5.025 4.014
5270 110.0 5.45 3.827
5280 110.0 5.864 3.634
5290 110.0 6.278 3.44
5300 110.0 6.693 3.246
5310 110.0 7.143 3.133
5320 110.0 7.593 3.02
5330 110.0 8.043 2.908
5340 110.0 8.538 2.808
5200 95.0 10.273 4.101
5210 95.0 9.964 4.152
5220 95.0 9.656 4.203
5230 95.0 9.347 4.254
5240 95.0 9.037 4.304
5250 95.0 8.777 4.378
5260 95.0 8.537 4.461
5270 95.0 8.297 4.545
5280 95.0 8.057 4.628
5290 95.0 7.835 4.698
5300 95.0 7.638 4.75
5310 95.0 7.441 4.802
5320 95.0 7.245 4.854
5330 95.0 7.048 4.906
5340 95.0 6.819 4.985
5350 95.0 6.581 5.072
5360 95.0 6.344 5.158
5370 95.0 6.107 5.244
5380 95.0 5.866 5.33
5390 95.0 5.595 5.411
5230 98.0 10.049 5.719
5240 98.0 9.804 5.773
5250 98.0 9.574 5.819
5260 98.0 9.359 5.857
5270 98.0 9.145 5.895
5280 98.0 8.93 5.933
5290 98.0 8.715 5.971
5300 98.0 8.503 6.072
5310 98.0 8.292 6.235
5320 98.0 8.082 6.397
5330 98.0 7.871 6.56
5340 98.0 7.661 6.713
5350 98.0 7.445 6.783
5360 98.0 7.229 6.853
5370 98.0 7.014 6.923
5380 98.0 6.798 6.993
5390 98.0 6.527 7.027
5400 98.0 6.257 7.061
5410 98.0 5.986 7.095
5420 98.0 5.756 7.129
5240 101.0 9.674 4.994
5250 101.0 9.438 5.043
5260 101.0 9.202 5.091
5270 101.0 8.965 5.14
5280 101.0 8.731 5.198
5290 101.0 8.504 5.295
5300 101.0 8.278 5.391
5310 101.0 8.051 5.487
5320 101.0 7.824 5.584
5330 101.0 7.598 5.68
5340 101.0 7.355 5.76
5350 101.0 7.113 5.839
5360 101.0 6.871 5.919
5370 101.0 6.636 6.005
5380 101.0 6.404 6.095
5390 101.0 6.173 6.184
5400 101.0 5.941 6.274
5410 101.0 5.734 6.348
5420 101.0 5.538 6.415
5430 101.0 5.341 6.483
5290 106.0 9.454 4.79
5300 106.0 9.155 4.809
5310 106.0 8.856 4.828
5320 106.0 8.555 4.837
5330 106.0 8.234 4.762
5340 106.0 7.912 4.687
5350 106.0 7.591 4.611
5360 106.0 7.263 4.565
5370 106.0 6.919 4.589
5380 106.0 6.575 4.612
5390 106.0 6.231 4.635
5400 106.0 5.885 4.662
5410 106.0 5.532 4.7
5420 106.0 5.178 4.738
5430 106.0 4.825 4.776
5440 106.0 4.471 4.814
5450 106.0 4.096 4.841
5460 106.0 3.633 4.823
5470 106.0 3.17 4.805
5480 106.0 2.707 4.788
5290 113.0 0.414 3.612
5300 113.0 0.948 3.629
5310 113.0 1.481 3.646
5320 113.0 1.957 3.616
5330 113.0 2.408 3.565
5340 113.0 2.859 3.513
5350 113.0 3.329 3.469
5360 113.0 3.801 3.426
5370 113.0 4.273 3.383
5380 113.0 4.692 3.304
5390 113.0 5.075 3.201
5400 113.0 5.459 3.099
5410 113.0 5.868 3.129
5420 113.0 6.283 3.192
5430 113.0 6.698 3.255
5440 113.0 7.114 3.317
5450 113.0 7.523 3.277
5460 113.0 7.932 3.236
5470 113.0 8.341 3.195
5480 113.0 8.784 3.161
5300 108.0 9.168 3.893
5310 108.0 8.812 3.906
5320 108.0 8.455 3.919
5330 108.0 8.098 3.933
5340 108.0 7.734 3.924
5350 108.0 7.364 3.901
5360 108.0 6.995 3.877
5370 108.0 6.625 3.854
5380 108.0 6.285 3.88
5390 108.0 5.975 3.956
5400 108.0 5.665 4.031
5410 108.0 5.355 4.106
5420 108.0 4.967 4.139
5430 108.0 4.546 4.154
5440 108.0 4.125 4.169
5450 108.0 3.696 4.138
5460 108.0 3.258 4.061
5470 108.0 2.82 3.983
5480 108.0 2.382 3.906
5490 108.0 1.964 3.83
5320 112.0 3.63 3.116
5330 112.0 4.188 3.058
5340 112.0 4.745 3.0
5350 112.0 5.285 2.973
5360 112.0 5.783 3.016
5370 112.0 6.282 3.061
5380 112.0 6.78 3.104
5390 112.0 7.29 3.123
5400 112.0 7.811 3.116
5410 112.0 8.332 3.109
5420 112.0 8.854 3.103
5430 112.0 9.375 3.096
5440 112.0 9.896 3.089
5450 112.0 10.417 3.082
5460 112.0 10.938 3.075
5470 112.0 11.459 3.068
5480 112.0 11.981 3.062
5490 112.0 12.502 3.055
5500 112.0 13.009 3.069
5510 112.0 13.517 3.083
5320 114.0 0.441 3.751
5330 114.0 0.943 3.758
5340 114.0 1.445 3.766
5350 114.0 1.944 3.762
5360 114.0 2.437 3.74
5370 114.0 2.931 3.717
5380 114.0 3.41 3.678
5390 114.0 3.83 3.574
5400 114.0 4.251 3.469
5410 114.0 4.672 3.365
5420 114.0 5.122 3.357
5430 114.0 5.572 3.349
5440 114.0 6.016 3.348
5450 114.0 6.399 3.419
5460 114.0 6.783 3.489
5470 114.0 7.167 3.559
5480 114.0 7.559 3.531
5490 114.0 7.954 3.461
5500 114.0 8.349 3.391
5510 114.0 8.745 3.321
5320 115.0 0.517 4.335
5330 115.0 1.087 4.366
5340 115.0 1.657 4.397
5350 115.0 2.184 4.399
5360 115.0 2.646 4.36
5370 115.0 3.108 4.32
5380 115.0 3.57 4.28
5390 115.0 3.986 4.147
5400 115.0 4.391 3.991
5410 115.0 4.799 3.872
5420 115.0 5.22 3.902
5430 115.0 5.651 3.95
5440 115.0 6.089 4.009
5450 115.0 6.516 4.062
5460 115.0 6.897 4.085
5470 115.0 7.277 4.108
5480 115.0 7.654 4.123
5490 115.0 8.001 4.06
5500 115.0 8.349 3.998
5510 115.0 8.773 3.925
5320 116.0 14.92 6.824
5330 116.0 14.385 6.694
5340 116.0 13.85 6.565
5350 116.0 13.277 6.4
5360 116.0 12.693 6.227
5370 116.0 12.116 6.093
5380 116.0 11.542 5.986
5390 116.0 10.969 5.879
5400 116.0 10.393 5.939
5410 116.0 9.816 6.07
5420 116.0 9.239 6.201
5430 116.0 8.68 6.329
5440 116.0 8.132 6.456
5450 116.0 7.585 6.584
5460 116.0 7.077 6.736
5470 116.0 6.595 6.905
5480 116.0 6.11 7.074
5490 116.0 5.619 7.243
5500 116.0 5.128 7.412
5510 116.0 4.7 7.461
5340 117.0 12.081 12.386
5350 117.0 12.07 12.148
5360 117.0 12.06 11.909
5370 117.0 12.05 11.67
5380 117.0 12.04 11.432
5390 117.0 12.036 11.288
5400 117.0 12.033 11.155
5410 117.0 12.031 11.022
5420 117.0 12.028 10.888
5430 117.0 12.025 10.755
5440 117.0 12.022 10.622
5450 117.0 12.02 10.488
5460 117.0 12.022 10.321
5470 117.0 12.041 10.015
5480 117.0 12.061 9.709
5490 117.0 12.081 9.403
5500 117.0 12.108 9.087
5510 117.0 12.136 8.77
5520 117.0 12.163 8.454
5530 117.0 12.191 8.137
5370 120.0 15.05 4.23
5380 120.0 14.624 4.291
5390 120.0 14.197 4.352
5400 120.0 13.771 4.413
5410 120.0 13.345 4.475
5420 120.0 12.865 4.562
5430 120.0 12.372 4.656
5440 120.0 11.879 4.751
5450 120.0 11.386 4.845
5460 120.0 10.97 4.9
5470 120.0 10.554 4.956
5480 120.0 10.138 5.011
5490 120.0 9.722 5.067
5500 120.0 9.331 5.101
5510 120.0 8.95 5.127
5520 120.0 8.57 5.152
5530 120.0 8.189 5.177
5540 120.0 7.808 5.203
5550 120.0 7.469 5.156
5560 120.0 7.13 5.11
5370 122.0 15.148 3.094
5380 122.0 14.676 3.202
5390 122.0 14.204 3.311
5400 122.0 13.732 3.419
5410 122.0 13.268 3.505
5420 122.0 12.817 3.556
5430 122.0 12.366 3.607
5440 122.0 11.915 3.658
5450 122.0 11.468 3.723
5460 122.0 11.037 3.842
5470 122.0 10.606 3.962
5480 122.0 10.176 4.081
5490 122.0 9.745 4.2
5500 122.0 9.396 4.242
5510 122.0 9.048 4.283
5520 122.0 8.7 4.324
5530 122.0 8.352 4.366
5540 122.0 8.004 4.407
5550 122.0 7.669 4.392
5560 122.0 7.338 4.363
5380 124.0 15.006 3.842
5390 124.0 14.564 3.834
5400 124.0 14.121 3.826
5410 124.0 13.68 3.831
5420 124.0 13.253 3.953
5430 124.0 12.826 4.076
5440 124.0 12.4 4.199
5450 124.0 11.975 4.291
5460 124.0 11.555 4.339
5470 124.0 11.134 4.387
5480 124.0 10.713 4.434
5490 124.0 10.297 4.538
5500 124.0 9.882 4.647
5510 124.0 9.466 4.757
5520 124.0 9.066 4.85
5530 124.0 8.726 4.874
5540 124.0 8.386 4.899
5550 124.0 8.046 4.923
5560 124.0 7.708 4.94
5570 124.0 7.376 4.94
5400 96.0 5.324 5.492
5410 96.0 5.053 5.573
5420 96.0 4.782 5.654
5430 96.0 4.51 5.735
5440 96.0 4.263 5.796
5450 96.0 4.108 5.78
5460 96.0 3.954 5.764
5470 96.0 3.8 5.749
5480 96.0 3.645 5.733
5490 96.0 3.491 5.717
5500 96.0 3.337 5.701
5510 96.0 3.182 5.685
5520 96.0 2.96 5.659
5530 96.0 2.709 5.628
5540 96.0 2.458 5.597
5550 96.0 2.207 5.566
5560 96.0 1.955 5.535
5570 96.0 1.704 5.505
5580 96.0 1.439 5.461
5590 96.0 1.16 5.406
5410 126.0 14.92 3.331
5420 126.0 14.476 3.467
5430 126.0 14.033 3.604
5440 126.0 13.604 3.736
5450 126.0 13.21 3.859
5460 126.0 12.817 3.983
5470 126.0 12.42 4.099
5480 126.0 12.011 4.188
5490 126.0 11.602 4.276
5500 126.0 11.193 4.365
5510 126.0 10.783 4.481
5520 126.0 10.373 4.61
5530 126.0 9.963 4.738
5540 126.0 9.553 4.867
5550 126.0 9.139 5.078
5560 126.0 8.725 5.309
5570 126.0 8.31 5.54
5580 126.0 7.853 5.697
5590 126.0 7.353 5.779
5600 126.0 6.853 5.861
5420 127.0 14.768 4.157
5430 127.0 14.334 4.262
5440 127.0 13.9 4.366
5450 127.0 13.477 4.465
5460 127.0 13.079 4.551
5470 127.0 12.682 4.637
5480 127.0 12.284 4.724
5490 127.0 11.882 4.82
5500 127.0 11.478 4.92
5510 127.0 11.073 5.021
5520 127.0 10.669 5.121
5530 127.0 10.315 5.303
5540 127.0 9.966 5.494
5550 127.0 9.617 5.685
5560 127.0 9.208 5.881
5570 127.0 8.709 6.086
5580 127.0 8.21 6.29
5590 127.0 7.711 6.495
5600 127.0 7.241 6.582
5610 127.0 6.774 6.657
5430 99.0 5.566 7.165
5440 99.0 5.376 7.199
5450 99.0 5.186 7.234
5460 99.0 4.971 7.279
5470 99.0 4.719 7.339
5480 99.0 4.466 7.398
5490 99.0 4.214 7.458
5500 99.0 3.936 7.51
5510 99.0 3.62 7.55
5520 99.0 3.304 7.589
5530 99.0 2.989 7.629
5540 99.0 2.676 7.661
5550 99.0 2.377 7.661
5560 99.0 2.078 7.661
5570 99.0 1.778 7.661
5580 99.0 1.479 7.661
5590 99.0 1.215 7.638
5600 99.0 0.966 7.606
5610 99.0 0.717 7.573
5620 99.0 0.469 7.54
5430 129.0 0.316 2.63
5440 129.0 0.846 2.653
5450 129.0 1.375 2.676
5460 129.0 1.904 2.697
5470 129.0 2.425 2.697
5480 129.0 2.947 2.697
5490 129.0 3.468 2.697
5500 129.0 3.989 2.697
5510 129.0 4.484 2.765
5520 129.0 4.977 2.841
5530 129.0 5.47 2.917
5540 129.0 5.962 2.993
5550 129.0 6.48 3.041
5560 129.0 7.022 3.062
5570 129.0 7.563 3.082
5580 129.0 8.105 3.102
5590 129.0 8.647 3.122
5600 129.0 9.163 3.126
5610 129.0 9.674 3.126
5620 129.0 10.184 3.126
5430 130.0 0.316 3.58
5440 130.0 0.807 3.553
5450 130.0 1.298 3.527
5460 130.0 1.789 3.5
5470 130.0 2.273 3.479
5480 130.0 2.747 3.466
5490 130.0 3.22 3.453
5500 130.0 3.694 3.439
5510 130.0 4.175 3.473
5520 130.0 4.659 3.518
5530 130.0 5.142 3.563
5540 130.0 5.635 3.608
5550 130.0 6.212 3.655
5560 130.0 6.789 3.701
5570 130.0 7.366 3.747
5580 130.0 7.851 3.769
5590 130.0 8.336 3.79
5600 130.0 8.82 3.812
5610 130.0 9.338 3.819
5620 130.0 9.869 3.819
5440 102.0 5.144 6.55
5450 102.0 4.944 6.613
5460 102.0 4.714 6.629
5470 102.0 4.485 6.645
5480 102.0 4.255 6.661
5490 102.0 4.026 6.678
5500 102.0 3.767 6.7
5510 102.0 3.495 6.725
5520 102.0 3.224 6.75
5530 102.0 2.953 6.775
5540 102.0 2.641 6.79
5550 102.0 2.326 6.803
5560 102.0 2.01 6.816
5570 102.0 1.712 6.838
5580 102.0 1.455 6.879
5590 102.0 1.199 6.919
5600 102.0 0.942 6.96
5610 102.0 0.676 6.981
5620 102.0 0.376 6.924
5630 102.0 0.075 6.868
5540 118.0 12.211 7.818
5550 118.0 12.221 7.494
5560 118.0 12.231 7.17
5570 118.0 12.241 6.846
5580 118.0 12.219 6.551
5590 118.0 12.067 6.369
5600 118.0 11.916 6.188
5610 118.0 11.576 6.076
5620 118.0 11.155 5.993
5630 118.0 10.753 5.987
5640 118.0 10.381 6.097
5650 118.0 10.008 6.207
5660 118.0 9.641 6.378
5670 118.0 9.275 6.565
5680 118.0 8.922 6.729
5690 118.0 8.58 6.868
5700 118.0 8.239 7.008
5710 118.0 7.88 7.056
5720 118.0 7.509 7.042
5730 118.0 7.137 7.028
5570 121.0 6.791 5.064
5580 121.0 6.448 5.02
5590 121.0 6.099 4.983
5600 121.0 5.749 4.945
5610 121.0 5.4 4.907
5620 121.0 5.051 4.869
5630 121.0 4.715 4.901
5640 121.0 4.379 4.933
5650 121.0 4.043 4.965
5660 121.0 3.707 4.997
5670 121.0 3.371 5.029
5680 121.0 3.034 4.987
5690 121.0 2.696 4.926
5700 121.0 2.359 4.865
5710 121.0 2.021 4.804
5720 121.0 1.687 4.722
5730 121.0 1.357 4.619
5740 121.0 1.027 4.516
5750 121.0 0.697 4.413
5760 121.0 0.366 4.31
5570 123.0 7.006 4.334
5580 123.0 6.667 4.255
5590 123.0 6.32 4.126
5600 123.0 5.973 3.997
5610 123.0 5.626 3.868
5620 123.0 5.263 3.755
5630 123.0 4.896 3.646
5640 123.0 4.529 3.537
5650 123.0 4.176 3.467
5660 123.0 3.853 3.49
5670 123.0 3.531 3.512
5680 123.0 3.205 3.528
5690 123.0 2.848 3.489
5700 123.0 2.491 3.451
5710 123.0 2.133 3.412
5720 123.0 1.776 3.373
5730 123.0 1.42 3.344
5740 123.0 1.065 3.317
5750 123.0 0.709 3.291
5760 123.0 0.354 3.264
5580 125.0 7.044 4.94
5590 125.0 6.712 4.94
5600 125.0 6.405 4.894
5610 125.0 6.125 4.803
5620 125.0 5.844 4.711
5630 125.0 5.563 4.619
5640 125.0 5.193 4.511
5650 125.0 4.763 4.391
5660 125.0 4.347 4.288
5670 125.0 3.983 4.249
5680 125.0 3.619 4.211
5690 125.0 3.255 4.172
5700 125.0 2.86 4.135
5710 125.0 2.433 4.099
5720 125.0 2.007 4.063
5730 125.0 1.581 4.027
5740 125.0 1.243 3.985
5750 125.0 0.993 3.935
5760 125.0 0.743 3.885
5770 125.0 0.493 3.836
5620 128.0 6.307 6.732
5630 128.0 5.838 6.784
5640 128.0 5.369 6.827
5650 128.0 4.899 6.87
5660 128.0 4.429 6.913
5670 128.0 3.999 6.93
5680 128.0 3.578 6.941
5690 128.0 3.157 6.952
5700 128.0 2.736 6.963
5710 128.0 2.36 7.003
5720 128.0 2.03 7.071
5730 128.0 1.699 7.139
5740 128.0 1.368 7.208
5750 128.0 1.168 7.385
5760 128.0 0.969 7.562
5770 128.0 0.769 7.74
5780 128.0 0.586 7.919
5790 128.0 0.558 8.113
5800 128.0 0.53 8.306
5810 128.0 0.501 8.5
5710 131.0 14.964 2.53
5720 131.0 14.486 2.631
5730 131.0 14.008 2.732
5740 131.0 13.529 2.834
5750 131.0 13.062 2.86
5760 131.0 12.6 2.855
5770 131.0 12.138 2.85
5780 131.0 11.676 2.845
5790 131.0 11.213 2.837
5800 131.0 10.748 2.808
5810 131.0 10.282 2.779
5820 131.0 9.817 2.75
5830 131.0 9.384 2.77
5840 131.0 8.959 2.803
5850 131.0 8.535 2.835
5860 131.0 8.11 2.867
5870 131.0 7.686 2.9
5880 131.0 7.261 2.932
5890 131.0 6.791 2.884
5900 131.0 6.315 2.826
5740 119.0 6.765 7.013
5750 119.0 6.391 6.993
5760 119.0 6.017 6.973
5770 119.0 5.643 6.953
5780 119.0 5.285 6.948
5790 119.0 4.937 6.954
5800 119.0 4.59 6.959
5810 119.0 4.242 6.965
5820 119.0 3.905 6.966
5830 119.0 3.591 6.958
5840 119.0 3.277 6.949
5850 119.0 2.963 6.94
5860 119.0 2.65 6.932
5870 119.0 2.336 6.923
5880 119.0 2.07 6.991
5890 119.0 1.817 7.077
5900 119.0 1.563 7.164
5910 119.0 1.31 7.251
5920 119.0 1.106 7.386
5930 119.0 0.976 7.595
5860 132.0 0.479 5.797
5870 132.0 0.888 5.79
5880 132.0 1.297 5.783
5890 132.0 1.706 5.776
5900 132.0 2.105 5.744
5910 132.0 2.503 5.71
5920 132.0 2.901 5.675
5930 132.0 3.299 5.64
5940 132.0 3.697 5.605
5950 132.0 4.109 5.573
5960 132.0 4.543 5.544
5970 132.0 4.977 5.514
5980 132.0 5.411 5.485
5990 132.0 5.844 5.456
6000 132.0 6.298 5.437
6010 132.0 6.77 5.427
6020 132.0 7.243 5.417
6030 132.0 7.715 5.407
6040 132.0 8.188 5.398
6050 132.0 8.663 5.412
5860 133.0 0.262 4.935
5870 133.0 0.623 4.911
5880 133.0 0.985 4.886
5890 133.0 1.346 4.862
5900 133.0 1.733 4.833
5910 133.0 2.178 4.795
5920 133.0 2.623 4.757
5930 133.0 3.068 4.719
5940 133.0 3.512 4.682
5950 133.0 3.959 4.646
5960 133.0 4.407 4.612
5970 133.0 4.854 4.577
5980 133.0 5.301 4.542
5990 133.0 5.749 4.508
6000 133.0 6.2 4.483
6010 133.0 6.652 4.458
6020 133.0 7.104 4.434
6030 133.0 7.555 4.409
6040 133.0 8.021 4.407
6050 133.0 8.52 4.46
5920 134.0 14.562 3.954
5930 134.0 13.843 3.939
5940 134.0 13.123 3.923
5950 134.0 12.416 3.866
5960 134.0 11.73 3.747
5970 134.0 11.043 3.628
5980 134.0 10.356 3.508
5990 134.0 9.645 3.433
6000 134.0 8.917 3.386
6010 134.0 8.19 3.339
6020 134.0 7.462 3.293
6030 134.0 6.735 3.246
6040 134.0 6.062 3.277
6050 134.0 5.39 3.308
6060 134.0 4.717 3.339
6070 134.0 4.045 3.37
6080 134.0 3.361 3.387
6090 134.0 2.661 3.382
6100 134.0 1.961 3.377
6110 134.0 1.261 3.373
5980 135.0 14.685 3.531
5990 135.0 13.875 3.625
6000 135.0 13.065 3.72
6010 135.0 12.281 3.785
6020 135.0 11.597 3.739
6030 135.0 10.913 3.693
6040 135.0 10.229 3.646
6050 135.0 9.537 3.642
6060 135.0 8.841 3.667
6070 135.0 8.145 3.691
6080 135.0 7.449 3.716
6090 135.0 6.751 3.693
6100 135.0 6.052 3.651
6110 135.0 5.353 3.608
6120 135.0 4.654 3.565
6130 135.0 3.954 3.523
6140 135.0 3.25 3.482
6150 135.0 2.498 3.453
6160 135.0 1.747 3.425
6170 135.0 0.995 3.396
6070 136.0 0.132 7.06
6080 136.0 0.5 6.864
6090 136.0 0.868 6.668
6100 136.0 1.25 6.468
6110 136.0 1.749 6.236
6120 136.0 2.248 6.005
6130 136.0 2.747 5.773
6140 136.0 3.246 5.654
6150 136.0 3.744 5.61
6160 136.0 4.243 5.566
6170 136.0 4.741 5.522
6180 136.0 5.222 5.42
6190 136.0 5.699 5.303
6200 136.0 6.177 5.186
6210 136.0 6.653 5.07
6220 136.0 7.151 4.98
6230 136.0 7.698 4.952
6240 136.0 8.244 4.925
6250 136.0 8.79 4.897
6260 136.0 9.337 4.87
6070 137.0 0.363 8.044
6080 137.0 0.73 7.796
6090 137.0 1.096 7.549
6100 137.0 1.477 7.317
6110 137.0 1.916 7.149
6120 137.0 2.356 6.98
6130 137.0 2.795 6.812
6140 137.0 3.279 6.687
6150 137.0 3.773 6.572
6160 137.0 4.267 6.458
6170 137.0 4.761 6.344
6180 137.0 5.264 6.235
6190 137.0 5.8 6.145
6200 137.0 6.337 6.056
6210 137.0 6.874 5.966
6220 137.0 7.402 5.888
6230 137.0 7.895 5.853
6240 137.0 8.387 5.818
6250 137.0 8.88 5.783
6260 137.0 9.375 5.746
6130 138.0 15.153 4.063
6140 138.0 14.522 4.155
6150 138.0 13.891 4.246
6160 138.0 13.262 4.316
6170 138.0 12.641 4.297
6180 138.0 12.021 4.278
6190 138.0 11.4 4.259
6200 138.0 10.772 4.242
6210 138.0 10.131 4.225
6220 138.0 9.49 4.209
6230 138.0 8.849 4.193
6240 138.0 8.208 4.177
6250 138.0 7.634 4.28
6260 138.0 7.06 4.383
6270 138.0 6.486 4.486
6280 138.0 5.912 4.589
6290 138.0 5.351 4.687
6300 138.0 4.799 4.783
6310 138.0 4.246 4.878
6320 138.0 3.694 4.974
6140 139.0 14.785 3.214
6150 139.0 14.125 3.254
6160 139.0 13.466 3.294
6170 139.0 12.817 3.324
6180 139.0 12.186 3.341
6190 139.0 11.555 3.357
6200 139.0 10.923 3.374
6210 139.0 10.293 3.39
6220 139.0 9.671 3.401
6230 139.0 9.05 3.413
6240 139.0 8.429 3.424
6250 139.0 7.807 3.436
6260 139.0 7.268 3.481
6270 139.0 6.737 3.531
6280 139.0 6.207 3.581
6290 139.0 5.676 3.63
6300 139.0 5.136 3.684
6310 139.0 4.51 3.767
6320 139.0 3.884 3.851
6330 139.0 3.257 3.934
6280 140.0 0.142 2.481
6290 140.0 0.721 2.466
6300 140.0 1.3 2.451
6310 140.0 1.878 2.436
6320 140.0 2.412 2.452
6330 140.0 2.94 2.471
6340 140.0 3.468 2.491
6350 140.0 3.997 2.51
6360 140.0 4.525 2.53
6370 140.0 5.019 2.561
6380 140.0 5.513 2.592
6390 140.0 6.007 2.623
6400 140.0 6.501 2.654
6410 140.0 7.026 2.679
6420 140.0 7.594 2.694
6430 140.0 8.163 2.71
6440 140.0 8.732 2.725
6450 140.0 9.3 2.74
6460 140.0 9.87 2.753
6470 140.0 10.441 2.766
6290 141.0 0.223 3.078
6300 141.0 0.766 3.07
6310 141.0 1.309 3.062
6320 141.0 1.852 3.055
6330 141.0 2.406 3.089
6340 141.0 2.96 3.123
6350 141.0 3.514 3.157
6360 141.0 4.069 3.191
6370 141.0 4.62 3.226
6380 141.0 5.152 3.272
6390 141.0 5.684 3.316
6400 141.0 6.217 3.362
6410 141.0 6.749 3.407
6420 141.0 7.281 3.451
6430 141.0 7.842 3.477
6440 141.0 8.411 3.498
6450 141.0 8.979 3.519
6460 141.0 9.548 3.54
6470 141.0 10.117 3.561
6480 141.0 10.682 3.579
6400 142.0 0.448 3.413
6410 142.0 0.937 3.413
6420 142.0 1.426 3.413
6430 142.0 1.92 3.417
6440 142.0 2.425 3.431
6450 142.0 2.931 3.445
6460 142.0 3.436 3.459
6470 142.0 3.942 3.473
6480 142.0 4.447 3.487
6490 142.0 4.953 3.501
6500 142.0 5.458 3.515
6510 142.0 5.964 3.529
6520 142.0 6.469 3.543
6530 142.0 6.976 3.558
6540 142.0 7.498 3.582
6550 142.0 8.02 3.605
6560 142.0 8.542 3.629
6570 142.0 9.063 3.652
6580 142.0 9.585 3.676
6590 142.0 10.107 3.699
6400 143.0 0.399 2.562
6410 143.0 0.919 2.606
6420 143.0 1.44 2.65
6430 143.0 1.961 2.694
6440 143.0 2.475 2.724
6450 143.0 2.981 2.734
6460 143.0 3.487 2.743
6470 143.0 3.993 2.752
6480 143.0 4.499 2.761
6490 143.0 5.0 2.77
6500 143.0 5.479 2.777
6510 143.0 5.958 2.785
6520 143.0 6.437 2.792
6530 143.0 6.917 2.799
6540 143.0 7.396 2.807
6550 143.0 7.875 2.814
6560 143.0 8.417 2.814
6570 143.0 8.987 2.81
6580 143.0 9.556 2.807
6590 143.0 10.126 2.803
6480 144.0 14.943 5.274
6490 144.0 14.486 5.414
6500 144.0 14.029 5.554
6510 144.0 13.577 5.682
6520 144.0 13.176 5.705
6530 144.0 12.775 5.727
6540 144.0 12.373 5.75
6550 144.0 12.144 5.731
6560 144.0 11.933 5.709
6570 144.0 11.54 5.696
6580 144.0 11.102 5.686
6590 144.0 10.665 5.693
6600 144.0 10.229 5.726
6610 144.0 9.794 5.759
6620 144.0 9.385 5.764
6630 144.0 9.004 5.742
6640 144.0 8.623 5.72
6650 144.0 8.241 5.699
6660 144.0 7.861 5.684
6670 144.0 7.481 5.669
6510 145.0 14.877 4.441
6520 145.0 14.449 4.624
6530 145.0 14.021 4.807
6540 145.0 13.558 4.905
6550 145.0 13.041 4.876
6560 145.0 12.525 4.847
6570 145.0 12.013 4.817
6580 145.0 11.549 4.781
6590 145.0 11.085 4.744
6600 145.0 10.621 4.707
6610 145.0 10.17 4.684
6620 145.0 9.77 4.714
6630 145.0 9.371 4.745
6640 145.0 8.972 4.776
6650 145.0 8.569 4.797
6660 145.0 8.159 4.797
6670 145.0 7.75 4.797
6680 145.0 7.34 4.797
6690 145.0 6.92 4.806
6700 145.0 6.491 4.825
6520 146.0 15.009 5.192
6530 146.0 14.615 5.323
6540 146.0 14.221 5.454
6550 146.0 13.828 5.585
6560 146.0 13.386 5.569
6570 146.0 12.944 5.553
6580 146.0 12.502 5.537
6590 146.0 11.968 5.494
6600 146.0 11.434 5.452
6610 146.0 10.917 5.421
6620 146.0 10.468 5.441
6630 146.0 10.019 5.46
6640 146.0 9.569 5.479
6650 146.0 9.147 5.459
6660 146.0 8.753 5.4
6670 146.0 8.358 5.34
6680 146.0 7.972 5.301
6690 146.0 7.605 5.308
6700 146.0 7.239 5.316
6710 146.0 6.86 5.322
6530 147.0 0.316 6.229
6540 147.0 0.751 6.18
6550 147.0 1.187 6.13
6560 147.0 1.624 6.082
6570 147.0 2.079 6.05
6580 147.0 2.534 6.018
6590 147.0 2.989 5.986
6600 147.0 3.445 5.966
6610 147.0 3.901 5.966
6620 147.0 4.357 5.966
6630 147.0 4.813 5.966
6640 147.0 5.264 5.985
6650 147.0 5.695 6.078
6660 147.0 6.126 6.172
6670 147.0 6.557 6.265
6680 147.0 6.991 6.341
6690 147.0 7.445 6.266
6700 147.0 7.898 6.192
6710 147.0 8.352 6.117
6720 147.0 8.848 5.984
6530 148.0 0.21 6.945
6540 148.0 0.76 6.924
6550 148.0 1.308 6.903
6560 148.0 1.827 6.864
6570 148.0 2.332 6.816
6580 148.0 2.837 6.768
6590 148.0 3.293 6.749
6600 148.0 3.726 6.741
6610 148.0 4.161 6.734
6620 148.0 4.611 6.724
6630 148.0 5.078 6.713
6640 148.0 5.546 6.701
6650 148.0 6.013 6.689
6660 148.0 6.49 6.68
6670 148.0 6.983 6.674
6680 148.0 7.476 6.667
6690 148.0 7.969 6.661
6700 148.0 8.448 6.598
6710 148.0 8.917 6.497
6720 148.0 9.387 6.396
6530 149.0 0.274 3.675
6540 149.0 0.695 3.729
6550 149.0 1.115 3.783
6560 149.0 1.536 3.836
6570 149.0 1.957 3.89
6580 149.0 2.384 3.965
6590 149.0 2.811 4.04
6600 149.0 3.238 4.115
6610 149.0 3.699 4.156
6620 149.0 4.194 4.162
6630 149.0 4.688 4.167
6640 149.0 5.183 4.173
6650 149.0 5.686 4.139
6660 149.0 6.197 4.064
6670 149.0 6.708 3.989
6680 149.0 7.219 3.914
6690 149.0 7.68 4.017
6700 149.0 8.14 4.12
6710 149.0 8.601 4.224
6720 149.0 9.076 4.313
6600 150.0 0.527 4.677
6610 150.0 0.953 4.671
6620 150.0 1.379 4.665
6630 150.0 1.805 4.659
6640 150.0 2.234 4.649
6650 150.0 2.687 4.6
6660 150.0 3.141 4.551
6670 150.0 3.594 4.502
6680 150.0 4.043 4.443
6690 150.0 4.476 4.344
6700 150.0 4.908 4.244
6710 150.0 5.341 4.145
6720 150.0 5.801 4.111
6730 150.0 6.279 4.121
6740 150.0 6.757 4.131
6750 150.0 7.235 4.141
6760 150.0 7.713 4.151
6770 150.0 8.179 4.184
6780 150.0 8.643 4.223
6790 150.0 9.107 4.262
6610 151.0 0.556 3.836
6620 151.0 0.996 3.871
6630 151.0 1.436 3.906
6640 151.0 1.878 3.933
6650 151.0 2.345 3.887
6660 151.0 2.812 3.84
6670 151.0 3.279 3.793
6680 151.0 3.746 3.747
6690 151.0 4.173 3.661
6700 151.0 4.599 3.576
6710 151.0 5.025 3.49
6720 151.0 5.458 3.412
6730 151.0 5.943 3.399
6740 151.0 6.429 3.387
6750 151.0 6.915 3.375
6760 151.0 7.406 3.362
6770 151.0 7.919 3.344
6780 151.0 8.432 3.327
6790 151.0 8.946 3.309
6800 151.0 9.456 3.305
6770 152.0 14.987 3.722
6780 152.0 14.372 3.713
6790 152.0 13.758 3.703
6800 152.0 13.162 3.536
6810 152.0 12.578 3.265
6820 152.0 12.021 3.051
6830 152.0 11.505 2.92
6840 152.0 10.971 2.808
6850 152.0 10.369 2.767
6860 152.0 9.766 2.726
6870 152.0 9.178 2.692
6880 152.0 8.621 2.677
6890 152.0 8.064 2.662
6900 152.0 7.508 2.647
6910 152.0 6.954 2.637
6920 152.0 6.401 2.626
6930 152.0 5.847 2.616
6940 152.0 5.294 2.605
6950 152.0 4.763 2.627
6960 152.0 4.249 2.669
6810 153.0 0.708 3.954
6820 153.0 0.965 4.006
6830 153.0 1.221 4.058
6840 153.0 1.496 4.106
6850 153.0 1.93 4.113
6860 153.0 2.365 4.121
6870 153.0 2.799 4.129
6880 153.0 3.22 4.141
6890 153.0 3.641 4.152
6900 153.0 4.062 4.164
6910 153.0 4.483 4.175
6920 153.0 4.97 4.241
6930 153.0 5.465 4.313
6940 153.0 5.959 4.384
6950 153.0 6.454 4.456
6960 153.0 6.922 4.535
6970 153.0 7.386 4.614
6980 153.0 7.851 4.694
6990 153.0 8.316 4.773
7000 153.0 8.784 4.845
6810 154.0 0.16 3.225
6820 154.0 0.548 3.217
6830 154.0 0.937 3.21
6840 154.0 1.325 3.203
6850 154.0 1.762 3.196
6860 154.0 2.275 3.189
6870 154.0 2.788 3.183
6880 154.0 3.301 3.177
6890 154.0 3.796 3.209
6900 154.0 4.274 3.28
6910 154.0 4.753 3.351
6920 154.0 5.231 3.421
6930 154.0 5.715 3.484
6940 154.0 6.252 3.484
6950 154.0 6.789 3.484
6960 154.0 7.326 3.484
6970 154.0 7.863 3.484
6980 154.0 8.389 3.489
6990 154.0 8.875 3.514
7000 154.0 9.36 3.538
6980 155.0 0.232 3.174
6990 155.0 0.737 3.346
7000 155.0 1.242 3.518
7010 155.0 1.743 3.671
7020 155.0 2.241 3.807
7030 155.0 2.74 3.942
7040 155.0 3.241 4.049
7050 155.0 3.744 4.129
7060 155.0 4.248 4.208
7070 155.0 4.765 4.267
7080 155.0 5.331 4.243
7090 155.0 5.898 4.218
7100 155.0 6.464 4.194
7110 155.0 7.027 4.181
7120 155.0 7.58 4.194
7130 155.0 8.134 4.208
7140 155.0 8.687 4.222
7150 155.0 9.233 4.21
7160 155.0 9.777 4.193
7170 155.0 10.321 4.175
6980 156.0 -0.05 4.267
6990 156.0 0.496 4.399
7000 156.0 1.041 4.532
7010 156.0 1.587 4.664
7020 156.0 2.103 4.749
7030 156.0 2.615 4.829
7040 156.0 3.127 4.909
7050 156.0 3.66 4.984
7060 156.0 4.195 5.059
7070 156.0 4.73 5.134
7080 156.0 5.278 5.201
7090 156.0 5.844 5.256
7100 156.0 6.411 5.311
7110 156.0 6.978 5.366
7120 156.0 7.501 5.406
7130 156.0 7.981 5.43
7140 156.0 8.462 5.455
7150 156.0 8.942 5.479
7160 156.0 9.452 5.493
7170 156.0 9.981 5.501
7010 157.0 0.404 3.908
7020 157.0 0.908 3.965
7030 157.0 1.411 4.023
7040 157.0 1.915 4.081
7050 157.0 2.422 4.204
7060 157.0 2.93 4.326
7070 157.0 3.437 4.448
7080 157.0 3.949 4.566
7090 157.0 4.498 4.638
7100 157.0 5.047 4.711
7110 157.0 5.596 4.783
7120 157.0 6.145 4.856
7130 157.0 6.679 4.895
7140 157.0 7.199 4.9
7150 157.0 7.718 4.905
7160 157.0 8.238 4.909
7170 157.0 8.758 4.914
7180 157.0 9.274 4.928
7190 157.0 9.787 4.948
7200 157.0 10.3 4.968
7010 158.0 0.149 3.286
7020 158.0 0.705 3.311
7030 158.0 1.261 3.337
7040 158.0 1.818 3.362
7050 158.0 2.347 3.477
7060 158.0 2.873 3.602
7070 158.0 3.399 3.727
7080 158.0 3.925 3.852
7090 158.0 4.468 3.93
7100 158.0 5.028 3.963
7110 158.0 5.587 3.995
7120 158.0 6.147 4.028
7130 158.0 6.701 4.056
7140 158.0 7.201 4.046
7150 158.0 7.702 4.035
7160 158.0 8.202 4.024
7170 158.0 8.703 4.014
7180 158.0 9.213 4.045
7190 158.0 9.729 4.105
7200 158.0 10.246 4.165
7300 159.0 14.989 5.582
7310 159.0 14.695 5.59
7320 159.0 14.4 5.598
7330 159.0 14.105 5.606
7340 159.0 13.802 5.609
7350 159.0 13.495 5.609
7360 159.0 13.188 5.609
7370 159.0 12.88 5.609
7380 159.0 12.518 5.661
7390 159.0 12.156 5.714
7400 159.0 11.793 5.768
7410 159.0 11.402 5.809
7420 159.0 10.967 5.832
7430 159.0 10.533 5.855
7440 159.0 10.118 5.881
7450 159.0 9.748 5.913
7460 159.0 9.378 5.945
7470 159.0 9.009 5.977
7480 159.0 8.592 6.03
7490 159.0 8.145 6.095
7330 161.0 14.77 3.062
7340 161.0 14.326 3.214
7350 161.0 13.881 3.367
7360 161.0 13.437 3.519
7370 161.0 12.994 3.554
7380 161.0 12.551 3.511
7390 161.0 12.109 3.468
7400 161.0 11.666 3.426
7410 161.0 11.235 3.417
7420 161.0 10.809 3.423
7430 161.0 10.383 3.429
7440 161.0 9.957 3.435
7450 161.0 9.507 3.437
7460 161.0 9.048 3.437
7470 161.0 8.589 3.437
7480 161.0 8.13 3.437
7490 161.0 7.689 3.445
7500 161.0 7.292 3.472
7510 161.0 6.895 3.499
7520 161.0 6.498 3.526
7330 164.0 14.998 5.396
7340 164.0 14.651 5.331
7350 164.0 14.304 5.267
7360 164.0 13.957 5.202
7370 164.0 13.61 5.138
7380 164.0 13.157 5.131
7390 164.0 12.691 5.131
7400 164.0 12.227 5.131
7410 164.0 11.762 5.131
7420 164.0 11.334 5.143
7430 164.0 10.93 5.163
7440 164.0 10.527 5.183
7450 164.0 10.123 5.203
7460 164.0 9.72 5.223
7470 164.0 9.27 5.267
7480 164.0 8.809 5.318
7490 164.0 8.347 5.368
7500 164.0 7.886 5.419
7510 164.0 7.425 5.469
7520 164.0 7.029 5.536
7340 163.0 14.671 4.59
7350 163.0 14.306 4.551
7360 163.0 13.941 4.511
7370 163.0 13.548 4.48
7380 163.0 13.112 4.462
7390 163.0 12.675 4.445
7400 163.0 12.239 4.427
7410 163.0 11.804 4.403
7420 163.0 11.372 4.361
7430 163.0 10.941 4.319
7440 163.0 10.51 4.277
7450 163.0 10.08 4.258
7460 163.0 9.653 4.291
7470 163.0 9.226 4.324
7480 163.0 8.799 4.357
7490 163.0 8.379 4.405
7500 163.0 7.962 4.458
7510 163.0 7.545 4.512
7520 163.0 7.127 4.565
7530 163.0 6.71 4.619
7360 166.0 14.922 4.177
7370 166.0 14.444 4.009
7380 166.0 13.966 3.841
7390 166.0 13.488 3.673
7400 166.0 12.996 3.528
7410 166.0 12.47 3.435
7420 166.0 11.944 3.343
7430 166.0 11.418 3.25
7440 166.0 10.837 3.112
7450 166.0 10.234 2.955
7460 166.0 9.63 2.798
7470 166.0 9.026 2.641
7480 166.0 8.512 2.635
7490 166.0 8.008 2.646
7500 166.0 7.504 2.657
7510 166.0 7.0 2.668
7520 166.0 6.524 2.7
7530 166.0 6.068 2.746
7540 166.0 5.612 2.791
7550 166.0 5.156 2.837
7500 160.0 7.698 6.161
7510 160.0 7.251 6.227
7520 160.0 6.832 6.291
7530 160.0 6.433 6.353
7540 160.0 6.035 6.416
7550 160.0 5.636 6.479
7560 160.0 5.259 6.527
7570 160.0 4.887 6.571
7580 160.0 4.515 6.616
7590 160.0 4.143 6.66
7600 160.0 3.785 6.705
7610 160.0 3.443 6.749
7620 160.0 3.1 6.793
7630 160.0 2.758 6.838
7640 160.0 2.437 6.892
7650 160.0 2.207 6.987
7660 160.0 1.977 7.081
7670 160.0 1.747 7.175
7680 160.0 1.517 7.27
7690 160.0 1.295 7.476
7500 167.0 15.006 4.224
7510 167.0 14.48 4.296
7520 167.0 13.954 4.367
7530 167.0 13.428 4.439
7540 167.0 12.852 4.474
7550 167.0 12.276 4.509
7560 167.0 11.701 4.544
7570 167.0 11.186 4.582
7580 167.0 10.711 4.62
7590 167.0 10.236 4.659
7600 167.0 9.761 4.698
7610 167.0 9.276 4.732
7620 167.0 8.765 4.752
7630 167.0 8.255 4.772
7640 167.0 7.744 4.793
7650 167.0 7.234 4.813
7660 167.0 6.775 4.824
7670 167.0 6.35 4.828
7680 167.0 5.925 4.833
7690 167.0 5.5 4.837
7530 162.0 6.101 3.553
7540 162.0 5.704 3.58
7550 162.0 5.333 3.684
7560 162.0 4.962 3.788
7570 162.0 4.592 3.891
7580 162.0 4.221 3.995
7590 162.0 3.884 4.129
7600 162.0 3.597 4.308
7610 162.0 3.31 4.487
7620 162.0 3.023 4.666
7630 162.0 2.736 4.845
7640 162.0 2.495 4.986
7650 162.0 2.255 5.127
7660 162.0 2.014 5.269
7670 162.0 1.774 5.41
7680 162.0 1.537 5.553
7690 162.0 1.33 5.715
7700 162.0 1.123 5.877
7710 162.0 0.916 6.039
7720 162.0 0.709 6.2
7530 165.0 6.677 5.614
7540 165.0 6.325 5.692
7550 165.0 5.973 5.77
7560 165.0 5.62 5.848
7570 165.0 5.263 5.922
7580 165.0 4.86 5.951
7590 165.0 4.456 5.98
7600 165.0 4.052 6.009
7610 165.0 3.648 6.039
7620 165.0 3.27 6.082
7630 165.0 2.996 6.185
7640 165.0 2.721 6.287
7650 165.0 2.446 6.389
7660 165.0 2.171 6.492
7670 165.0 1.865 6.614
7680 165.0 1.488 6.782
7690 165.0 1.11 6.951
7700 165.0 0.732 7.119
7710 165.0 0.602 7.318
7720 165.0 0.5 7.52
7630 168.0 0.081 3.313
7640 168.0 0.583 3.327
7650 168.0 1.084 3.341
7660 168.0 1.585 3.355
7670 168.0 2.103 3.374
7680 168.0 2.659 3.402
7690 168.0 3.214 3.431
7700 168.0 3.77 3.46
7710 168.0 4.325 3.488
7720 168.0 4.848 3.517
7730 168.0 5.295 3.546
7740 168.0 5.742 3.576
7750 168.0 6.189 3.605
7760 168.0 6.635 3.634
7770 168.0 7.106 3.61
7780 168.0 7.613 3.507
7790 168.0 8.12 3.404
7800 168.0 8.627 3.301
7810 168.0 9.134 3.198
7820 168.0 9.657 3.223
7670 169.0 15.131 4.621
7680 169.0 14.644 4.651
7690 169.0 14.158 4.681
7700 169.0 13.671 4.71
7710 169.0 13.181 4.691
7720 169.0 12.688 4.623
7730 169.0 12.195 4.555
7740 169.0 11.702 4.487
7750 169.0 11.228 4.533
7760 169.0 10.755 4.58
7770 169.0 10.281 4.626
7780 169.0 9.849 4.681
7790 169.0 9.478 4.749
7800 169.0 9.107 4.818
7810 169.0 8.736 4.886
7820 169.0 8.369 4.959
7830 169.0 8.017 5.053
7840 169.0 7.664 5.148
7850 169.0 7.312 5.242
7860 169.0 6.959 5.336
7700 171.0 14.932 3.519
7710 171.0 14.354 3.571
7720 171.0 13.775 3.623
7730 171.0 13.196 3.675
7740 171.0 12.713 3.731
7750 171.0 12.231 3.788
7760 171.0 11.748 3.844
7770 171.0 11.235 3.894
7780 171.0 10.703 3.941
7790 171.0 10.171 3.987
7800 171.0 9.639 4.033
7810 171.0 9.145 4.1
7820 171.0 8.651 4.167
7830 171.0 8.156 4.233
7840 171.0 7.662 4.3
7850 171.0 7.216 4.431
7860 171.0 6.79 4.59
7870 171.0 6.364 4.749
7880 171.0 5.939 4.909
7890 171.0 5.512 5.052
7760 172.0 0.141 2.857
7770 172.0 0.489 2.893
7780 172.0 0.837 2.93
7790 172.0 1.185 2.967
7800 172.0 1.533 3.004
7810 172.0 1.881 3.04
7820 172.0 2.273 3.062
7830 172.0 2.694 3.073
7840 172.0 3.115 3.084
7850 172.0 3.536 3.095
7860 172.0 3.959 3.109
7870 172.0 4.389 3.129
7880 172.0 4.819 3.149
7890 172.0 5.249 3.169
7900 172.0 5.679 3.189
7910 172.0 6.109 3.209
7920 172.0 6.538 3.23
7930 172.0 6.98 3.246
7940 172.0 7.472 3.246
7950 172.0 7.963 3.246
7770 173.0 -0.049 3.81
7780 173.0 0.39 3.831
7790 173.0 0.829 3.851
7800 173.0 1.268 3.872
7810 173.0 1.704 3.891
7820 173.0 2.111 3.901
7830 173.0 2.519 3.911
7840 173.0 2.927 3.921
7850 173.0 3.335 3.931
7860 173.0 3.746 3.942
7870 173.0 4.167 3.958
7880 173.0 4.588 3.973
7890 173.0 5.009 3.988
7900 173.0 5.43 4.003
7910 173.0 5.849 4.029
7920 173.0 6.266 4.062
7930 173.0 6.683 4.095
7940 173.0 7.101 4.128
7950 173.0 7.518 4.161
7960 173.0 7.935 4.194
7870 170.0 6.528 5.487
7880 170.0 6.087 5.644
7890 170.0 5.646 5.8
7900 170.0 5.228 5.956
7910 170.0 4.818 6.11
7920 170.0 4.408 6.265
7930 170.0 3.999 6.42
7940 170.0 3.612 6.517
7950 170.0 3.225 6.614
7960 170.0 2.838 6.71
7970 170.0 2.466 6.831
7980 170.0 2.125 7.006
7990 170.0 1.785 7.182
8000 170.0 1.444 7.357
8010 170.0 1.263 7.548
8020 170.0 1.099 7.74
8030 170.0 0.935 7.932
8040 170.0 0.789 8.129
8050 170.0 0.684 8.335
8060 170.0 0.579 8.541
8360 174.0 0.245 3.588
8370 174.0 0.796 3.672
8380 174.0 1.348 3.756
8390 174.0 1.9 3.84
8400 174.0 2.447 3.897
8410 174.0 2.989 3.914
8420 174.0 3.53 3.931
8430 174.0 4.071 3.948
8440 174.0 4.611 3.963
8450 174.0 5.145 3.969
8460 174.0 5.679 3.975
8470 174.0 6.214 3.981
8480 174.0 6.672 3.99
8490 174.0 6.952 4.004
8500 174.0 7.233 4.019
8510 174.0 7.514 4.033
8520 174.0 7.79 4.078
8530 174.0 8.124 4.122
8540 174.0 8.545 4.163
8550 174.0 8.975 4.204
8400 175.0 15.225 6.579
8410 175.0 14.637 6.447
8420 175.0 14.049 6.315
8430 175.0 13.461 6.184
8440 175.0 12.85 6.065
8450 175.0 12.233 5.95
8460 175.0 11.616 5.835
8470 175.0 11.009 5.72
8480 175.0 10.403 5.606
8490 175.0 9.822 5.608
8500 175.0 9.279 5.785
8510 175.0 8.736 5.962
8520 175.0 8.2 6.101
8530 175.0 7.683 6.153
8540 175.0 7.165 6.204
8550 175.0 6.647 6.256
8560 175.0 6.123 6.329
8570 175.0 5.594 6.416
8580 175.0 5.065 6.504
8590 175.0 4.537 6.591
8550 183.0 0.462 8.765
8560 183.0 0.574 8.614
8570 183.0 0.686 8.463
8580 183.0 0.798 8.312
8590 183.0 0.846 8.173
8600 183.0 0.878 8.038
8610 183.0 0.91 7.903
8620 183.0 0.942 7.768
8630 183.0 0.973 7.633
8640 183.0 1.05 7.528
8650 183.0 1.172 7.452
8660 183.0 1.294 7.377
8670 183.0 1.416 7.302
8680 183.0 1.467 7.181
8690 183.0 1.489 7.041
8700 183.0 1.511 6.901
8710 183.0 1.505 6.866
8720 183.0 1.492 6.858
8730 183.0 1.479 6.849
8740 183.0 1.466 6.84
8580 176.0 7.183 -0.375
8590 176.0 6.941 0.305
8600 176.0 6.699 0.986
8610 176.0 6.367 1.865
8620 176.0 6.013 2.795
8630 176.0 5.732 3.166
8640 176.0 5.459 3.476
8650 176.0 5.235 3.767
8660 176.0 5.208 3.985
8670 176.0 5.18 4.203
8680 176.0 5.013 4.29
8690 176.0 4.83 4.362
8700 176.0 4.537 4.36
8710 176.0 4.171 4.308
8720 176.0 3.782 4.262
8730 176.0 3.339 4.229
8740 176.0 2.896 4.196
8750 176.0 2.448 4.144
8760 176.0 1.991 4.061
8770 176.0 1.533 3.979
8600 177.0 7.726 -0.29
8610 177.0 7.61 -0.035
8620 177.0 7.494 0.221
8630 177.0 7.378 0.476
8640 177.0 7.053 0.856
8650 177.0 6.705 1.251
8660 177.0 6.351 1.642
8670 177.0 5.985 2.021
8680 177.0 5.619 2.402
8690 177.0 5.181 2.598
8700 177.0 4.695 2.671
8710 177.0 4.209 2.745
8720 177.0 3.8 2.758
8730 177.0 3.374 2.764
8740 177.0 2.883 2.74
8750 177.0 2.392 2.716
8760 177.0 1.918 2.703
8770 177.0 1.513 2.732
8780 177.0 1.107 2.761
8790 177.0 0.702 2.79
8620 178.0 15.186 4.796
8630 178.0 14.727 4.959
8640 178.0 14.268 5.121
8650 178.0 13.799 5.223
8660 178.0 13.319 5.265
8670 178.0 12.84 5.306
8680 178.0 12.371 5.242
8690 178.0 11.908 5.108
8700 178.0 11.456 4.984
8710 178.0 11.101 4.946
8720 178.0 10.745 4.909
8730 178.0 10.379 4.871
8740 178.0 10.016 4.892
8750 178.0 9.66 5.047
8760 178.0 9.303 5.203
8770 178.0 8.969 5.272
8780 178.0 8.636 5.342
8790 178.0 8.287 5.37
8800 178.0 7.928 5.37
8810 178.0 7.571 5.376
8650 179.0 14.926 4.597
8660 179.0 14.527 4.671
8670 179.0 14.128 4.745
8680 179.0 13.707 4.792
8690 179.0 13.235 4.776
8700 179.0 12.764 4.759
8710 179.0 12.327 4.733
8720 179.0 11.942 4.692
8730 179.0 11.557 4.651
8740 179.0 11.145 4.656
8750 179.0 10.704 4.708
8760 179.0 10.264 4.761
8770 179.0 9.834 4.807
8780 179.0 9.431 4.841
8790 179.0 9.028 4.876
8800 179.0 8.625 4.909
8810 179.0 8.221 4.931
8820 179.0 7.816 4.949
8830 179.0 7.41 4.967
8840 179.0 7.005 4.984
8660 180.0 14.863 2.381
8670 180.0 14.247 2.44
8680 180.0 13.631 2.5
8690 180.0 13.021 2.524
8700 180.0 12.417 2.511
8710 180.0 11.813 2.498
8720 180.0 11.21 2.486
8730 180.0 10.603 2.511
8740 180.0 9.996 2.552
8750 180.0 9.389 2.593
8760 180.0 8.781 2.633
8770 180.0 8.174 2.674
8780 180.0 7.566 2.715
8790 180.0 6.959 2.756
8800 180.0 6.382 2.794
8810 180.0 5.819 2.83
8820 180.0 5.255 2.867
8830 180.0 4.692 2.903
8840 180.0 4.128 2.94
8850 180.0 3.564 2.976
8660 181.0 15.027 3.15
8670 181.0 14.444 3.194
8680 181.0 13.86 3.237
8690 181.0 13.233 3.289
8700 181.0 12.596 3.344
8710 181.0 11.959 3.399
8720 181.0 11.324 3.447
8730 181.0 10.698 3.482
8740 181.0 10.072 3.517
8750 181.0 9.446 3.552
8760 181.0 8.83 3.59
8770 181.0 8.255 3.641
8780 181.0 7.68 3.691
8790 181.0 7.106 3.741
8800 181.0 6.531 3.792
8810 181.0 5.956 3.842
8820 181.0 5.404 3.86
8830 181.0 4.851 3.878
8840 181.0 4.299 3.896
8850 181.0 3.746 3.914
8660 182.0 15.06 5.432
8670 182.0 14.519 5.523
8680 182.0 13.978 5.614
8690 182.0 13.527 5.673
8700 182.0 13.099 5.724
8710 182.0 12.67 5.776
8720 182.0 12.207 5.744
8730 182.0 11.744 5.712
8740 182.0 11.281 5.68
8750 182.0 10.867 5.643
8760 182.0 10.452 5.605
8770 182.0 10.038 5.568
8780 182.0 9.643 5.567
8790 182.0 9.253 5.573
8800 182.0 8.863 5.58
8810 182.0 8.465 5.607
8820 182.0 8.055 5.662
8830 182.0 7.645 5.717
8840 182.0 7.235 5.772
8850 182.0 6.846 5.83
8750 184.0 1.453 6.832
8760 184.0 1.44 6.823
8770 184.0 1.427 6.814
8780 184.0 1.414 6.806
8790 184.0 1.401 6.797
8800 184.0 1.388 6.788
8810 184.0 1.375 6.78
8820 184.0 1.362 6.771
8830 184.0 1.349 6.762
8840 184.0 1.336 6.754
8850 184.0 1.323 6.745
8860 184.0 1.31 6.736
8870 184.0 1.297 6.728
8880 184.0 1.284 6.719
8890 184.0 1.271 6.71
8900 184.0 1.258 6.702
8910 184.0 1.245 6.693
8920 184.0 1.232 6.684
8930 184.0 1.219 6.676
8940 184.0 1.206 6.667