   2.9000000e+01   2.8000000e+02
   5.7000000e+01   2.7900000e+02
   8.4000000e+01   2.7700000e+02
   1.1100000e+02   2.7600000e+02
   1.4400000e+02   2.7400000e+02
   2.5200000e+02   2.8300000e+02
   3.9800000e+02   2.7600000e+02
   5.5300000e+02   2.6800000e+02
   7.1500000e+02   5.4200000e+02
   6.7700000e+02   5.4200000e+02
   6.3300000e+02   5.4500000e+02
   5.8900000e+02   5.4800000e+02
   5.5100000e+02   5.5100000e+02
   5.1500000e+02   5.5200000e+02
   4.8800000e+02   5.5300000e+02
   2.6300000e+02   5.6600000e+02
   2.3200000e+02   5.6700000e+02
   2.0200000e+02   5.6900000e+02
   1.6900000e+02   5.6900000e+02
   1.3500000e+02   5.7100000e+02
   1.0300000e+02   5.7000000e+02
   6.3000000e+01   5.7300000e+02
   3.6000000e+01   5.7400000e+02
   5.0000000e+00   5.7200000e+02
   2.9000000e+01   2.8000000e+02
