   1.7300000e+02   1.2700000e+02
   1.8700000e+02   1.4800000e+02
   1.9700000e+02   1.6800000e+02
   2.0400000e+02   1.9000000e+02
   2.0900000e+02   2.1500000e+02
   2.1400000e+02   2.4500000e+02
   2.1600000e+02   2.7100000e+02
   2.1900000e+02   2.9800000e+02
   2.2200000e+02   3.2100000e+02
   2.2300000e+02   3.4600000e+02
   2.2300000e+02   3.6800000e+02
   2.2400000e+02   3.8800000e+02
   2.1500000e+02   4.0600000e+02
   2.0100000e+02   4.2400000e+02
   1.8300000e+02   4.4500000e+02
   1.8300000e+02   4.7200000e+02
   2.0400000e+02   4.7200000e+02
   2.2300000e+02   4.7200000e+02
   2.4800000e+02   4.7200000e+02
   2.6800000e+02   4.7200000e+02
   2.8900000e+02   4.7200000e+02
   3.0600000e+02   4.7400000e+02
   3.9000000e+02   4.7100000e+02
   4.0400000e+02   4.6700000e+02
   4.2100000e+02   4.6600000e+02
   4.4300000e+02   4.6500000e+02
   4.6200000e+02   4.6500000e+02
   4.6300000e+02   4.3000000e+02
   4.5600000e+02   4.1200000e+02
   4.5000000e+02   3.9000000e+02
   4.4500000e+02   3.6600000e+02
   4.3600000e+02   3.4500000e+02
   4.3100000e+02   3.2300000e+02
   4.2500000e+02   2.9800000e+02
   4.2500000e+02   2.7100000e+02
   4.2400000e+02   2.4500000e+02
   4.2200000e+02   2.2300000e+02
   4.1900000e+02   1.9900000e+02
   4.2300000e+02   1.7800000e+02
   4.3800000e+02   1.5600000e+02
   4.4700000e+02   1.3600000e+02
   4.5900000e+02   1.2000000e+02
   4.7700000e+02   9.9000000e+01
   1.7300000e+02   1.2700000e+02
