0 1 247.0 17.0
10 1 230.1 13.55
20 1 213.21 10.1
30 1 196.06 6.83
40 1 176.61 5.17
50 1 157.17 3.5
60 1 137.72 1.83
70 1 118.0 0.43
80 1 98.0 -0.71
90 1 78.0 -1.86
100 1 58.0 -3.0
110 1 36.64 -3.0
120 1 15.27 -3.0
130 1 -6.09 -3.0
140 1 -27.45 -3.0
150 1 -49.38 -3.31
160 1 -71.69 -3.82
170 1 -94.0 -4.33
180 1 -116.31 -4.85
190 1 -139.15 -6.79
0 2 228.0 44.0
10 2 220.56 38.36
20 2 213.13 32.72
30 2 205.69 27.08
40 2 197.23 21.62
50 2 179.54 17.77
60 2 161.85 13.92
70 2 141.0 12.2
80 2 117.0 12.6
90 2 93.0 13.0
100 2 70.84 14.08
110 2 48.68 15.16
120 2 26.51 16.24
130 2 4.21 17.21
140 2 -18.4 17.93
150 2 -41.02 18.64
160 2 -63.64 19.36
170 2 -86.28 19.95
180 2 -109.1 19.44
190 2 -131.92 18.92
0 8 -26.0 -96.0
10 8 -2.0 -98.29
20 8 22.0 -100.57
30 8 46.0 -102.86
40 8 68.5 -103.75
50 8 89.5 -103.25
60 8 110.5 -102.75
70 8 131.5 -102.25
80 8 151.38 -102.0
90 8 170.13 -102.0
100 8 188.88 -102.0
110 8 207.63 -102.0
120 8 226.78 -102.0
130 8 246.33 -102.0
140 8 265.89 -102.0
150 8 285.44 -102.0
160 8 305.0 -102.0
170 8 327.4 -101.2
180 8 349.8 -100.4
190 8 372.2 -99.6
0 9 -26.0 -71.0
10 9 -5.75 -71.0
20 9 14.5 -71.0
30 9 34.75 -71.0
40 9 55.0 -71.0
50 9 77.44 -71.0
60 9 99.88 -71.0
70 9 122.32 -71.0
80 9 144.76 -71.0
90 9 165.39 -71.0
100 9 185.83 -71.0
110 9 206.26 -71.0
120 9 226.7 -71.0
130 9 246.43 -70.47
140 9 264.51 -68.71
150 9 282.6 -66.94
160 9 300.69 -65.18
170 9 318.78 -63.41
180 9 336.87 -61.65
190 9 354.96 -59.88
110 10 352.16 -35.97
120 10 329.34 -32.53
130 10 306.53 -29.09
140 10 283.55 -25.79
150 10 259.08 -23.68
160 10 234.61 -21.58
170 10 210.13 -19.47
180 10 185.86 -16.93
190 10 162.05 -13.36
200 10 138.24 -9.79
210 10 114.43 -6.21
220 10 90.88 -2.38
230 10 69.69 3.81
240 10 48.5 10.0
250 10 27.31 16.19
260 10 6.12 22.38
270 10 -15.35 26.15
280 10 -36.85 29.65
290 10 -58.35 33.15
300 10 -79.85 36.65
110 11 355.71 -62.79
120 11 332.76 -60.74
130 11 309.82 -58.68
140 11 286.88 -56.62
150 11 262.06 -57.75
160 11 236.44 -60.25
170 11 210.81 -62.75
180 11 186.17 -62.41
190 11 162.51 -59.24
200 11 138.85 -56.07
210 11 115.2 -52.9
220 11 92.05 -48.05
230 11 69.67 -40.67
240 11 47.29 -33.29
250 11 24.9 -25.9
260 11 3.0 -19.35
270 11 -17.0 -16.09
280 11 -37.0 -12.84
290 11 -57.0 -9.58
300 11 -77.0 -6.33
170 13 -366.0 -99.09
180 13 -339.33 -98.79
190 13 -312.67 -98.48
200 13 -286.0 -98.18
210 13 -259.09 -96.73
220 13 -231.82 -93.55
230 13 -204.55 -90.36
240 13 -177.27 -87.18
250 13 -150.0 -84.0
260 13 -122.82 -81.18
270 13 -95.64 -78.36
280 13 -68.46 -75.54
290 13 -41.0 -72.9
300 13 -11.0 -71.93
310 13 19.0 -70.95
320 13 49.0 -69.98
330 13 79.0 -69.0
340 13 109.0 -67.06
350 13 139.0 -65.11
360 13 169.0 -63.17
180 12 -344.21 -80.73
190 12 -316.64 -76.18
200 12 -289.06 -71.64
210 12 -261.41 -68.0
220 12 -233.46 -68.0
230 12 -205.51 -68.0
240 12 -177.56 -68.0
250 12 -149.31 -67.85
260 12 -120.33 -67.33
270 12 -91.36 -66.82
280 12 -62.38 -66.31
290 12 -33.82 -65.06
300 12 -5.88 -62.71
310 12 22.06 -60.35
320 12 50.0 -58.0
330 12 77.5 -53.94
340 12 105.0 -49.88
350 12 132.5 -45.81
360 12 160.6 -44.8
370 12 188.85 -44.55
320 14 -348.48 -87.02
330 14 -331.43 -89.07
340 14 -314.39 -91.11
350 14 -297.34 -93.16
360 14 -280.3 -95.03
370 14 -263.25 -95.36
380 14 -246.2 -95.69
390 14 -229.15 -96.02
400 14 -212.1 -96.34
410 14 -195.05 -96.67
420 14 -178.0 -97.0
430 14 -163.85 -97.0
440 14 -149.71 -97.0
450 14 -135.56 -97.0
460 14 -121.41 -97.0
470 14 -104.0 -97.75
480 14 -86.22 -98.58
490 14 -68.44 -99.42
500 14 -49.73 -99.2
510 14 -28.84 -96.52
320 16 -352.82 -107.67
330 16 -335.57 -109.92
340 16 -318.32 -112.17
350 16 -301.07 -114.42
360 16 -283.85 -116.2
370 16 -266.67 -116.85
380 16 -249.5 -117.5
390 16 -232.33 -118.15
400 16 -215.15 -118.8
410 16 -197.34 -119.3
420 16 -179.26 -119.72
430 16 -161.17 -120.15
440 16 -143.09 -120.57
450 16 -125.0 -121.0
460 16 -108.4 -121.0
470 16 -91.81 -121.0
480 16 -75.21 -121.0
490 16 -58.62 -121.0
500 16 -41.71 -120.21
510 16 -24.1 -117.6
320 18 353.46 -103.4
330 18 325.74 -105.4
340 18 298.03 -107.4
350 18 270.31 -109.4
360 18 241.95 -107.54
370 18 213.3 -104.03
380 18 184.65 -100.51
390 18 156.0 -97.0
400 18 129.0 -88.0
410 18 102.0 -79.0
420 18 75.0 -70.0
430 18 48.0 -61.0
440 18 23.68 -51.81
450 18 -0.65 -42.62
460 18 -24.97 -33.43
470 18 -48.73 -24.22
480 18 -71.17 -14.95
490 18 -93.61 -5.68
500 18 -116.05 3.59
510 18 -138.56 12.3
330 19 -366.71 -55.22
340 19 -347.68 -54.49
350 19 -328.66 -53.76
360 19 -309.63 -53.02
370 19 -290.61 -52.29
380 19 -271.78 -52.22
390 19 -253.07 -52.59
400 19 -234.37 -52.96
410 19 -215.67 -53.33
420 19 -196.96 -53.7
430 19 -178.12 -53.96
440 19 -158.69 -53.77
450 19 -139.27 -53.58
460 19 -119.85 -53.38
470 19 -100.42 -53.19
480 19 -81.0 -53.0
490 19 -60.79 -49.67
500 19 -40.58 -46.33
510 19 -20.37 -43.0
520 19 -0.17 -39.67
340 20 -356.32 -87.95
350 20 -339.5 -87.5
360 20 -322.68 -87.05
370 20 -305.86 -86.59
380 20 -289.05 -86.14
390 20 -269.69 -86.0
400 20 -249.24 -86.0
410 20 -228.8 -86.0
420 20 -208.36 -86.0
430 20 -188.21 -85.83
440 20 -169.28 -84.98
450 20 -150.34 -84.13
460 20 -131.4 -83.28
470 20 -112.47 -82.43
480 20 -92.27 -80.44
490 20 -70.81 -77.31
500 20 -49.35 -74.19
510 20 -27.9 -71.06
520 20 -6.44 -67.94
530 20 14.17 -66.17
450 21 372.19 -110.92
460 21 339.22 -113.62
470 21 306.24 -116.32
480 21 273.27 -119.03
490 21 240.3 -121.73
500 21 209.1 -124.4
510 21 178.1 -127.07
520 21 147.1 -129.73
530 21 117.78 -133.13
540 21 88.65 -136.61
550 21 58.5 -136.0
560 21 27.67 -132.67
570 21 -3.06 -128.88
580 21 -33.38 -123.25
590 21 -63.69 -117.63
600 21 -94.0 -112.0
610 21 -124.91 -110.79
620 21 -155.82 -109.58
630 21 -186.73 -108.36
640 21 -217.57 -108.76
520 15 -7.95 -93.84
530 15 12.95 -91.16
540 15 33.84 -88.48
550 15 54.73 -85.8
560 15 75.76 -85.3
570 15 96.85 -85.74
580 15 117.93 -86.17
590 15 139.02 -86.61
600 15 159.88 -86.66
610 15 178.68 -83.26
620 15 197.48 -79.86
630 15 216.28 -76.46
640 15 235.08 -73.06
650 15 253.66 -69.72
660 15 270.26 -66.96
670 15 286.85 -64.19
680 15 303.45 -61.43
690 15 320.04 -58.66
700 15 334.71 -55.0
710 15 346.5 -50.0
520 17 -6.48 -114.98
530 17 11.14 -112.36
540 17 29.08 -110.02
550 17 49.92 -110.23
560 17 70.75 -110.44
570 17 91.58 -110.65
580 17 112.42 -110.85
590 17 133.2 -110.93
600 17 153.85 -110.72
610 17 174.5 -110.5
620 17 195.15 -110.28
630 17 215.8 -110.07
640 17 234.88 -105.8
650 17 253.28 -99.8
660 17 271.52 -93.97
670 17 289.09 -88.82
680 17 306.67 -83.67
690 17 324.24 -78.52
700 17 337.1 -73.5
710 17 349.43 -68.5
600 22 356.96 -86.56
610 22 336.56 -92.16
620 22 316.16 -97.76
630 22 294.5 -106.6
640 22 272.0 -117.6
650 22 248.27 -119.82
660 22 223.73 -116.18
670 22 198.94 -111.49
680 22 173.8 -105.2
690 22 148.66 -98.91
700 22 123.51 -92.63
710 22 98.09 -87.09
720 22 72.64 -81.64
730 22 47.18 -76.18
740 22 22.3 -74.6
750 22 -2.2 -75.6
760 22 -26.7 -76.6
770 22 -51.2 -77.6
780 22 -76.08 -78.65
790 22 -101.22 -79.73
610 23 364.88 -169.71
620 23 340.47 -171.18
630 23 316.06 -172.65
640 23 291.65 -174.12
650 23 266.53 -175.24
660 23 240.35 -175.82
670 23 214.18 -176.41
680 23 188.0 -177.0
690 23 162.17 -174.22
700 23 136.33 -171.44
710 23 110.5 -168.67
720 23 85.09 -166.18
730 23 60.32 -164.14
740 23 35.55 -162.09
750 23 10.77 -160.05
760 23 -14.0 -158.0
770 23 -38.51 -158.98
780 23 -63.02 -159.96
790 23 -87.53 -160.94
800 23 -112.04 -161.92
620 24 348.12 -127.12
630 24 322.35 -131.35
640 24 296.58 -135.58
650 24 272.09 -140.3
660 24 247.74 -145.09
670 24 222.0 -145.2
680 24 195.33 -142.2
690 24 168.67 -139.2
700 24 143.27 -135.45
710 24 118.73 -131.21
720 24 94.18 -126.97
730 24 69.18 -123.13
740 24 43.13 -120.24
750 24 17.08 -117.34
760 24 -8.97 -114.45
770 24 -34.5 -113.0
780 24 -59.5 -113.0
790 24 -84.5 -113.0
800 24 -109.5 -113.0
810 24 -134.5 -113.0
680 25 365.5 -130.71
690 25 340.5 -128.34
700 25 315.5 -125.97
710 25 290.5 -123.61
720 25 265.5 -121.24
730 25 240.05 -119.2
740 25 214.55 -117.2
750 25 189.05 -115.2
760 25 163.55 -113.2
770 25 138.05 -111.88
780 25 112.55 -110.63
790 25 87.05 -109.38
800 25 61.55 -108.13
810 25 37.67 -107.41
820 25 13.98 -106.76
830 25 -9.72 -106.11
840 25 -33.41 -105.46
850 25 -56.88 -104.81
860 25 -79.79 -104.19
870 25 -102.71 -103.56
680 26 365.78 -110.89
690 26 339.84 -107.92
700 26 313.89 -104.95
710 26 287.95 -101.97
720 26 262.0 -99.0
730 26 238.14 -96.5
740 26 214.27 -94.0
750 26 190.41 -91.5
760 26 166.55 -89.0
770 26 142.63 -86.88
780 26 118.67 -85.02
790 26 94.72 -83.16
800 26 70.77 -81.3
810 26 46.95 -80.14
820 26 23.47 -80.6
830 26 -0.02 -81.07
840 26 -23.51 -81.53
850 26 -47.0 -82.0
860 26 -69.68 -81.76
870 26 -92.37 -81.51
710 27 346.52 -91.71
720 27 320.33 -86.0
730 27 291.95 -79.15
740 27 258.45 -69.65
750 27 226.11 -59.89
760 27 196.48 -49.52
770 27 166.85 -39.15
780 27 137.67 -27.89
790 27 108.78 -16.04
800 27 79.89 -4.19
810 27 50.33 4.33
820 27 20.7 12.48
830 27 -9.07 20.0
840 27 -39.4 25.0
850 27 -69.73 30.0
860 27 -100.06 34.9
870 27 -130.39 39.42
880 27 -160.71 43.94
890 27 -190.72 48.41
900 27 -217.91 52.47
710 28 369.24 -120.8
720 28 338.44 -114.8
730 28 307.64 -108.8
740 28 276.43 -101.81
750 28 243.57 -90.86
760 28 210.85 -80.19
770 28 179.31 -72.12
780 28 147.77 -64.04
790 28 116.35 -54.35
800 28 85.06 -43.06
810 28 53.77 -31.77
820 28 22.74 -22.16
830 28 -7.9 -15.06
840 28 -38.55 -7.97
850 28 -69.3 -1.0
860 28 -100.3 5.67
870 28 -131.3 12.33
880 28 -162.1 18.35
890 28 -192.42 22.87
900 28 -222.74 27.39
740 29 346.29 -87.81
750 29 319.52 -82.32
760 29 292.74 -76.84
770 29 266.22 -69.34
780 29 240.28 -57.16
790 29 214.34 -44.97
800 29 188.42 -33.03
810 29 162.61 -23.35
820 29 136.81 -13.68
830 29 111.0 -4.0
840 29 84.79 5.66
850 29 58.59 15.31
860 29 32.3 24.39
870 29 5.33 28.33
880 29 -21.64 32.27
890 29 -48.61 36.21
900 29 -75.94 39.32
910 29 -103.35 42.23
920 29 -130.77 45.13
930 29 -157.97 46.68
740 30 352.0 -132.74
750 30 322.0 -131.45
760 30 292.0 -130.16
770 30 262.12 -127.79
780 30 233.33 -115.67
790 30 204.55 -103.55
800 30 175.76 -91.42
810 30 150.13 -76.87
820 30 125.29 -61.71
830 30 100.45 -46.55
840 30 75.29 -36.03
850 30 50.0 -27.5
860 30 24.71 -18.97
870 30 -1.5 -11.92
880 30 -29.83 -8.31
890 30 -58.17 -4.69
900 30 -86.5 -1.08
910 30 -112.61 3.84
920 30 -137.77 9.32
930 30 -162.94 14.81
750 31 -350.32 -76.04
760 31 -321.39 -72.82
770 31 -292.46 -69.61
780 31 -263.71 -65.43
790 31 -235.14 -60.29
800 31 -206.57 -55.14
810 31 -178.0 -50.0
820 31 -149.61 -48.39
830 31 -121.23 -46.77
840 31 -92.84 -45.16
850 31 -65.92 -47.02
860 31 -39.18 -49.27
870 31 -12.43 -51.52
880 31 14.32 -53.77
890 31 42.34 -55.42
900 31 70.5 -57.0
910 31 98.66 -58.58
920 31 125.76 -59.7
930 31 143.33 -56.67
940 31 160.91 -53.64
750 37 -358.0 -56.0
760 37 -330.59 -51.93
770 37 -303.19 -47.85
780 37 -275.6 -43.8
790 37 -247.6 -39.8
800 37 -219.6 -35.8
810 37 -191.6 -31.8
820 37 -164.29 -29.57
830 37 -137.14 -27.79
840 37 -110.0 -26.0
850 37 -80.83 -27.67
860 37 -51.67 -29.33
870 37 -23.64 -30.55
880 37 3.64 -31.45
890 37 30.91 -32.36
900 37 58.5 -33.7
910 37 86.83 -36.03
920 37 115.17 -38.37
930 37 141.87 -39.92
940 37 164.76 -39.66
950 32 178.48 -50.61
960 32 192.09 -45.48
970 32 204.7 -39.83
980 32 214.85 -35.85
990 32 222.54 -33.54
1000 32 230.23 -31.23
1010 32 231.06 -30.98
1020 32 231.13 -30.96
1030 32 231.21 -30.93
1040 32 231.28 -30.91
1050 32 231.35 -30.88
1060 32 231.42 -30.86
1070 32 231.49 -30.84
1080 32 231.56 -30.81
1090 32 231.63 -30.79
1100 32 231.7 -30.77
1110 32 231.77 -30.74
1120 32 231.84 -30.72
1130 32 231.91 -30.7
1140 32 231.98 -30.67
950 38 187.66 -39.39
960 38 210.55 -39.13
970 38 227.63 -38.58
980 38 238.88 -37.75
990 38 249.01 -37.0
1000 38 249.07 -36.99
1010 38 249.14 -36.98
1020 38 249.2 -36.97
1030 38 249.27 -36.96
1040 38 249.34 -36.94
1050 38 249.4 -36.93
1060 38 249.47 -36.92
1070 38 249.53 -36.91
1080 38 249.6 -36.9
1090 38 249.66 -36.89
1100 38 249.73 -36.88
1110 38 249.8 -36.87
1120 38 249.86 -36.86
1130 38 249.93 -36.85
1140 38 249.99 -36.83
1150 33 232.05 -30.65
1160 33 232.13 -30.63
1170 33 232.2 -30.6
1180 33 232.27 -30.58
1190 33 232.34 -30.55
1200 33 232.41 -30.53
1210 33 232.48 -30.51
1220 33 232.55 -30.48
1230 33 232.62 -30.46
1240 33 232.69 -30.44
1250 33 232.76 -30.41
1260 33 232.83 -30.39
1270 33 232.9 -30.37
1280 33 232.97 -30.34
1290 33 233.04 -30.32
1300 33 233.12 -30.29
1310 33 233.19 -30.27
1320 33 233.26 -30.25
1330 33 233.33 -30.22
1340 33 233.4 -30.2
1150 39 250.06 -36.82
1160 39 250.12 -36.81
1170 39 250.19 -36.8
1180 39 250.26 -36.79
1190 39 250.32 -36.78
1200 39 250.39 -36.77
1210 39 250.45 -36.76
1220 39 250.52 -36.75
1230 39 250.58 -36.74
1240 39 250.65 -36.73
1250 39 250.72 -36.71
1260 39 250.78 -36.7
1270 39 250.85 -36.69
1280 39 250.91 -36.68
1290 39 250.98 -36.67
1300 39 251.04 -36.66
1310 39 251.11 -36.65
1320 39 251.18 -36.64
1330 39 251.24 -36.63
1340 39 251.31 -36.62
1190 51 -364.08 119.67
1200 51 -343.67 101.33
1210 51 -323.25 83.0
1220 51 -301.43 68.29
1230 51 -277.5 59.0
1240 51 -253.57 49.71
1250 51 -226.21 41.24
1260 51 -196.55 33.31
1270 51 -166.9 25.38
1280 51 -138.53 16.66
1290 51 -110.72 7.59
1300 51 -82.91 -1.47
1310 51 -54.43 -10.0
1320 51 -25.29 -18.0
1330 51 3.86 -26.0
1340 51 33.0 -34.0
1350 51 64.05 -41.37
1360 51 95.11 -48.74
1370 51 126.16 -56.11
1380 51 157.29 -62.5
1280 52 -364.0 -101.71
1290 52 -334.0 -98.14
1300 52 -304.0 -94.57
1310 52 -274.0 -91.0
1320 52 -242.67 -89.0
1330 52 -211.33 -87.0
1340 52 -180.0 -85.0
1350 52 -149.33 -84.67
1360 52 -118.67 -84.33
1370 52 -88.0 -84.0
1380 52 -56.29 -83.14
1390 52 -24.57 -82.29
1400 52 7.14 -81.43
1410 52 38.97 -80.44
1420 52 70.92 -79.33
1430 52 102.86 -78.22
1440 52 134.81 -77.11
1450 52 166.2 -74.6
1460 52 197.53 -71.93
1470 52 228.87 -69.27
1350 34 233.47 -30.18
1360 34 233.54 -30.15
1370 34 233.61 -30.13
1380 34 233.68 -30.11
1390 34 233.75 -30.08
1400 34 233.82 -30.06
1410 34 233.89 -30.04
1420 34 233.96 -30.01
1430 34 234.04 -29.99
1440 34 234.11 -29.96
1450 34 234.18 -29.94
1460 34 234.25 -29.92
1470 34 234.32 -29.89
1480 34 234.39 -29.87
1490 34 234.46 -29.85
1500 34 234.53 -29.82
1510 34 234.6 -29.8
1520 34 234.67 -29.78
1530 34 234.74 -29.75
1540 34 234.81 -29.73
1350 40 251.37 -36.6
1360 40 251.44 -36.59
1370 40 251.5 -36.58
1380 40 251.57 -36.57
1390 40 251.64 -36.56
1400 40 251.7 -36.55
1410 40 251.77 -36.54
1420 40 251.83 -36.53
1430 40 251.9 -36.52
1440 40 251.96 -36.51
1450 40 252.03 -36.5
1460 40 252.1 -36.48
1470 40 252.16 -36.47
1480 40 252.23 -36.46
1490 40 252.29 -36.45
1500 40 252.36 -36.44
1510 40 252.42 -36.43
1520 40 252.49 -36.42
1530 40 252.56 -36.41
1540 40 252.62 -36.4
1530 53 -356.04 79.11
1540 53 -336.41 70.22
1550 53 -316.78 61.33
1560 53 -296.75 54.75
1570 53 -276.13 51.63
1580 53 -255.5 48.5
1590 53 -235.2 45.87
1600 53 -216.2 45.2
1610 53 -197.2 44.53
1620 53 -178.07 43.31
1630 53 -158.41 39.86
1640 53 -138.76 36.41
1650 53 -117.82 33.45
1660 53 -93.88 31.64
1670 53 -69.94 29.82
1680 53 -46.0 28.0
1690 53 -22.0 22.0
1700 53 2.0 16.0
1710 53 26.0 10.0
1720 53 48.41 3.1
1550 35 234.88 -29.71
1560 35 234.96 -29.68
1570 35 235.03 -29.66
1580 35 235.1 -29.63
1590 35 235.17 -29.61
1600 35 235.24 -29.59
1610 35 235.31 -29.56
1620 35 235.38 -29.54
1630 35 235.45 -29.52
1640 35 235.52 -29.49
1650 35 235.59 -29.47
1660 35 235.66 -29.45
1670 35 235.73 -29.42
1680 35 235.8 -29.4
1690 35 235.88 -29.38
1700 35 235.95 -29.35
1710 35 236.02 -29.33
1720 35 236.09 -29.3
1730 35 236.16 -29.28
1740 35 236.23 -29.26
1550 41 252.69 -36.39
1560 41 252.75 -36.37
1570 41 252.82 -36.36
1580 41 252.88 -36.35
1590 41 252.95 -36.34
1600 41 253.02 -36.33
1610 41 253.08 -36.32
1620 41 253.15 -36.31
1630 41 253.21 -36.3
1640 41 253.28 -36.29
1650 41 253.34 -36.28
1660 41 253.41 -36.27
1670 41 253.48 -36.25
1680 41 253.54 -36.24
1690 41 253.61 -36.23
1700 41 253.67 -36.22
1710 41 253.74 -36.21
1720 41 253.8 -36.2
1730 41 253.87 -36.19
1740 41 253.94 -36.18
1580 55 352.91 -113.82
1590 55 327.45 -112.91
1600 55 302.0 -112.0
1610 55 276.55 -111.09
1620 55 251.09 -112.36
1630 55 225.64 -113.88
1640 55 200.18 -115.39
1650 55 174.29 -116.18
1660 55 148.12 -116.47
1670 55 121.94 -116.76
1680 55 96.6 -116.9
1690 55 74.6 -116.4
1700 55 52.6 -115.9
1710 55 30.6 -115.4
1720 55 9.04 -114.83
1730 55 -10.74 -113.98
1740 55 -30.53 -113.13
1750 55 -50.32 -112.28
1760 55 -70.11 -111.43
1770 55 -91.56 -111.21
1590 54 342.67 -86.83
1600 54 316.0 -86.5
1610 54 289.33 -86.17
1620 54 263.11 -86.0
1630 54 237.32 -86.0
1640 54 211.53 -86.0
1650 54 185.74 -86.0
1660 54 161.16 -86.88
1670 54 137.09 -88.13
1680 54 113.03 -89.38
1690 54 89.44 -89.58
1700 54 66.31 -88.75
1710 54 43.19 -87.92
1720 54 20.06 -87.08
1730 54 -3.06 -86.25
1740 54 -24.39 -86.0
1750 54 -44.94 -86.0
1760 54 -65.5 -86.0
1770 54 -86.06 -86.0
1780 54 -106.61 -86.0
1640 59 -353.37 -56.89
1650 59 -340.23 -46.31
1660 59 -327.09 -35.74
1670 59 -313.94 -25.17
1680 59 -306.06 -16.09
1690 59 -300.44 -7.66
1700 59 -294.81 0.78
1710 59 -288.17 6.17
1720 59 -280.5 8.5
1730 59 -272.83 10.83
1740 59 -266.44 15.08
1750 59 -261.31 21.23
1760 59 -256.18 27.38
1770 59 -251.05 33.54
1780 59 -246.92 39.0
1790 59 -243.46 44.0
1800 59 -240.0 49.0
1810 59 -236.54 54.0
1820 59 -233.08 59.0
1830 59 -230.26 62.07
1650 56 -350.94 -11.44
1660 56 -336.82 -2.32
1670 56 -322.71 6.79
1680 56 -308.5 15.8
1690 56 -293.5 23.8
1700 56 -278.5 31.8
1710 56 -263.5 39.8
1720 56 -249.03 47.67
1730 56 -239.28 54.33
1740 56 -229.54 61.0
1750 56 -219.79 67.67
1760 56 -210.91 73.34
1770 56 -205.49 75.06
1780 56 -200.06 76.77
1790 56 -194.63 78.49
1800 56 -192.76 78.28
1810 56 -192.41 77.24
1820 56 -192.07 76.21
1830 56 -191.72 75.17
1840 56 -191.38 74.14
1680 62 -352.48 -46.81
1690 62 -329.86 -45.86
1700 62 -307.24 -44.9
1710 62 -284.62 -43.95
1720 62 -262.0 -43.0
1730 62 -239.95 -40.69
1740 62 -217.9 -38.38
1750 62 -195.85 -36.08
1760 62 -173.86 -33.89
1770 62 -152.5 -32.75
1780 62 -131.14 -31.61
1790 62 -109.77 -30.48
1800 62 -88.41 -29.34
1810 62 -67.32 -29.17
1820 62 -46.34 -29.41
1830 62 -25.37 -29.66
1840 62 -4.39 -29.9
1850 62 16.57 -31.57
1860 62 37.52 -34.19
1870 62 58.48 -36.81
1680 63 -353.52 -80.34
1690 63 -331.1 -82.07
1700 63 -308.69 -83.79
1710 63 -286.23 -85.34
1720 63 -263.66 -86.49
1730 63 -241.09 -87.63
1740 63 -218.51 -88.77
1750 63 -196.5 -85.75
1760 63 -174.63 -81.69
1770 63 -152.75 -77.63
1780 63 -131.17 -74.14
1790 63 -109.79 -71.03
1800 63 -88.41 -67.93
1810 63 -67.56 -68.31
1820 63 -46.94 -70.19
1830 63 -26.31 -72.06
1840 63 -4.68 -73.44
1850 63 17.97 -74.32
1860 63 40.62 -75.21
1870 63 63.08 -76.25
1750 36 236.3 -29.23
1760 36 236.37 -29.21
1770 36 236.44 -29.19
1780 36 236.51 -29.16
1790 36 236.58 -29.14
1800 36 236.65 -29.12
1810 36 236.72 -29.09
1820 36 236.79 -29.07
1830 36 236.87 -29.04
1840 36 236.94 -29.02
1850 36 236.29 -29.87
1860 36 229.19 -38.58
1870 36 222.1 -47.29
1880 36 215.0 -56.0
1890 36 214.03 -83.42
1900 36 213.06 -110.84
1910 36 212.1 -138.26
1920 36 212.95 -175.58
1930 36 214.0 -214.0
1940 36 215.05 -252.42
1750 42 254.0 -36.17
1760 42 254.07 -36.16
1770 42 254.13 -36.14
1780 42 254.2 -36.13
1790 42 254.26 -36.12
1800 42 254.33 -36.11
1810 42 254.4 -36.1
1820 42 254.46 -36.09
1830 42 254.53 -36.08
1840 42 254.59 -36.07
1850 42 254.66 -36.06
1860 42 254.72 -36.05
1870 42 254.79 -36.04
1880 42 254.86 -36.02
1890 42 254.92 -36.01
1900 42 254.99 -36.0
1910 42 249.73 -32.1
1920 42 243.15 -27.22
1930 42 236.56 -22.34
1940 42 229.98 -17.46
1840 60 -228.41 62.26
1850 60 -226.56 62.44
1860 60 -224.7 62.63
1870 60 -222.85 62.81
1880 60 -221.0 63.0
1890 60 -216.88 61.82
1900 60 -212.76 60.65
1910 60 -208.65 59.47
1920 60 -204.53 58.29
1930 60 -200.41 57.12
1940 60 -190.22 55.24
1950 60 -179.35 53.28
1960 60 -168.48 51.33
1970 60 -157.61 49.37
1980 60 -146.68 47.3
1990 60 -135.62 44.96
2000 60 -124.55 42.62
2010 60 -113.49 40.28
2020 60 -102.43 37.94
2030 60 -89.96 36.88
1850 57 -191.03 73.1
1860 57 -190.69 72.07
1870 57 -190.34 71.03
1880 57 -190.0 70.0
1890 57 -184.34 69.43
1900 57 -178.68 68.87
1910 57 -173.02 68.3
1920 57 -167.36 67.74
1930 57 -161.7 67.17
1940 57 -152.4 64.2
1950 57 -141.54 60.2
1960 57 -130.69 56.2
1970 57 -119.27 52.0
1980 57 -105.64 47.0
1990 57 -92.0 42.0
2000 57 -78.36 37.0
2010 57 -64.73 32.0
2020 57 -49.83 29.33
2030 57 -34.63 27.25
2040 57 -19.42 25.17
1870 64 -355.29 14.95
1880 64 -338.18 14.42
1890 64 -321.08 13.89
1900 64 -303.97 13.37
1910 64 -286.29 13.15
1920 64 -267.27 13.63
1930 64 -248.24 14.12
1940 64 -229.22 14.61
1950 64 -210.51 13.67
1960 64 -193.08 7.0
1970 64 -175.64 0.33
1980 64 -158.21 -6.33
1990 64 -140.95 -13.45
2000 64 -124.11 -21.61
2010 64 -107.26 -29.76
2020 64 -90.42 -37.92
2030 64 -72.0 -44.64
2040 64 -52.0 -49.92
2050 64 -32.0 -55.19
2060 64 -12.0 -60.47
1890 66 -359.19 32.95
1900 66 -343.24 33.22
1910 66 -327.3 33.49
1920 66 -311.35 33.76
1930 66 -295.4 33.91
1940 66 -279.4 33.06
1950 66 -263.4 32.2
1960 66 -247.4 31.34
1970 66 -231.76 31.0
1980 66 -216.35 31.0
1990 66 -200.95 31.0
2000 66 -185.54 31.0
2010 66 -169.75 26.5
2020 66 -153.92 21.5
2030 66 -138.08 16.5
2040 66 -121.42 11.25
2050 66 -102.81 5.42
2060 66 -84.19 -0.42
2070 66 -65.58 -6.25
2080 66 -47.97 -11.06
1890 68 -368.0 -59.5
1900 68 -340.5 -60.75
1910 68 -313.0 -62.0
1920 68 -285.19 -64.16
1930 68 -256.16 -69.97
1940 68 -227.13 -75.77
1950 68 -198.25 -81.38
1960 68 -170.75 -85.13
1970 68 -143.25 -88.88
1980 68 -115.75 -92.63
1990 68 -88.18 -96.55
2000 68 -60.61 -100.48
2010 68 -33.03 -104.42
2020 68 -4.17 -109.26
2030 68 25.54 -114.69
2040 68 55.26 -120.11
2050 68 85.31 -125.21
2060 68 118.41 -127.28
2070 68 151.52 -129.34
2080 68 184.67 -130.8
1900 69 -348.19 -44.47
1910 69 -318.81 -46.03
1920 69 -289.44 -47.59
1930 69 -260.11 -49.54
1940 69 -231.18 -54.89
1950 69 -202.25 -60.25
1960 69 -173.6 -65.5
1970 69 -145.6 -70.5
1980 69 -117.6 -75.5
1990 69 -89.45 -79.91
2000 69 -60.97 -82.94
2010 69 -32.48 -85.97
2020 69 -4.0 -89.0
2030 69 24.18 -93.55
2040 69 52.36 -98.09
2050 69 80.55 -102.64
2060 69 111.75 -105.0
2070 69 144.25 -106.43
2080 69 176.75 -107.86
2090 69 207.93 -107.07
1900 70 -359.82 -16.32
1910 70 -343.76 -15.26
1920 70 -327.71 -14.21
1930 70 -311.66 -13.16
1940 70 -295.61 -12.11
1950 70 -278.68 -14.92
1960 70 -261.65 -18.16
1970 70 -244.62 -21.41
1980 70 -227.86 -24.86
1990 70 -212.14 -29.14
2000 70 -196.43 -33.43
2010 70 -180.54 -36.21
2020 70 -164.38 -36.72
2030 70 -148.23 -37.23
2040 70 -132.08 -37.74
2050 70 -114.28 -40.5
2060 70 -94.83 -45.5
2070 70 -75.39 -50.5
2080 70 -55.94 -55.5
2090 70 -36.55 -62.0
1910 72 -361.63 11.57
1920 72 -345.06 10.14
1930 72 -328.49 8.71
1940 72 -311.91 7.29
1950 72 -295.21 6.09
1960 72 -277.26 6.97
1970 72 -259.32 7.85
1980 72 -241.38 8.74
1990 72 -223.11 7.16
2000 72 -204.68 4.53
2010 72 -186.26 1.89
2020 72 -167.84 -0.74
2030 72 -151.19 -5.06
2040 72 -134.74 -9.58
2050 72 -118.29 -14.1
2060 72 -99.97 -19.85
2070 72 -81.18 -25.91
2080 72 -62.39 -31.97
2090 72 -44.21 -38.94
2100 72 -26.64 -46.82
1950 43 219.65 -14.38
1960 43 207.73 -12.08
1970 43 195.86 -9.78
1980 43 184.51 -7.62
1990 43 173.16 -5.46
2000 43 161.81 -3.3
2010 43 150.71 -0.05
2020 43 139.98 4.83
2030 43 129.24 9.71
2040 43 118.51 14.59
2050 43 107.09 20.64
2060 43 94.06 29.42
2070 43 81.03 38.21
2080 43 68.0 47.0
2090 43 53.88 51.71
2100 43 39.76 56.41
2110 43 25.65 61.12
2120 43 11.88 62.12
2130 43 -1.65 60.65
2140 43 -15.18 59.18
1950 73 -357.07 -50.52
1960 73 -336.33 -45.33
1970 73 -315.59 -40.15
1980 73 -295.24 -36.08
1990 73 -276.44 -36.48
2000 73 -257.64 -36.88
2010 73 -239.62 -36.73
2020 73 -221.92 -36.35
2030 73 -204.52 -35.32
2040 73 -189.72 -28.52
2050 73 -174.92 -21.72
2060 73 -158.09 -14.09
2070 73 -139.91 -5.91
2080 73 -121.0 1.72
2090 73 -101.0 8.52
2100 73 -81.0 15.32
2110 73 -58.95 17.23
2120 73 -36.68 18.59
2130 73 -16.35 17.6
2140 73 3.15 15.6
1970 74 -368.88 -70.68
1980 74 -341.68 -71.48
1990 74 -314.48 -72.28
2000 74 -287.24 -73.52
2010 74 -259.64 -78.72
2020 74 -232.04 -83.92
2030 74 -204.85 -88.31
2040 74 -177.92 -92.15
2050 74 -151.0 -96.0
2060 74 -122.07 -97.79
2070 74 -93.14 -99.57
2080 74 -64.46 -101.23
2090 74 -36.77 -102.38
2100 74 -9.08 -103.54
2110 74 19.8 -106.2
2120 74 49.47 -109.87
2130 74 79.13 -113.53
2140 74 108.6 -115.4
2150 74 137.93 -116.07
2160 74 167.27 -116.73
1980 75 356.0 -55.64
1990 75 336.0 -59.24
2000 75 316.0 -62.84
2010 75 293.39 -64.48
2020 75 266.87 -63.17
2030 75 240.54 -61.29
2040 75 215.89 -54.14
2050 75 191.25 -47.0
2060 75 167.0 -40.67
2070 75 143.67 -36.22
2080 75 120.33 -31.78
2090 75 98.08 -27.69
2100 75 76.54 -23.85
2110 75 55.0 -20.0
2120 75 32.0 -14.33
2130 75 9.0 -8.67
2140 75 -14.0 -3.0
2150 75 -37.79 -2.66
2160 75 -61.59 -2.31
2170 75 -85.57 -2.33
1980 76 358.65 -79.04
1990 76 332.13 -78.61
2000 76 305.61 -78.17
2010 76 279.16 -75.36
2020 76 252.76 -70.96
2030 76 226.59 -66.74
2040 76 202.52 -64.15
2050 76 178.44 -61.56
2060 76 155.41 -59.26
2070 76 133.93 -57.41
2080 76 112.44 -55.56
2090 76 93.17 -50.92
2100 76 74.83 -45.08
2110 76 57.07 -37.79
2120 76 40.64 -27.07
2130 76 24.6 -21.8
2140 76 4.64 -18.45
2150 76 -21.27 -17.09
2160 76 -47.6 -17.12
2170 76 -75.6 -22.72
2020 77 343.88 4.04
2030 77 317.63 6.13
2040 77 291.2 7.76
2050 77 263.2 5.36
2060 77 235.2 2.96
2070 77 207.15 2.92
2080 77 179.08 4.46
2090 77 151.0 6.0
2100 77 127.5 15.0
2110 77 104.0 24.0
2120 77 84.0 32.67
2130 77 63.09 39.05
2140 77 41.27 43.14
2150 77 19.5 44.75
2160 77 -2.17 40.58
2170 77 -23.83 36.42
2180 77 -49.88 32.88
2190 77 -76.42 29.42
2200 77 -103.9 27.1
2210 77 -133.55 27.45
2040 61 -76.56 36.68
2050 61 -63.16 36.48
2060 61 -49.76 36.28
2070 61 -36.36 36.08
2080 61 -21.1 35.1
2090 61 -4.6 33.6
2100 61 11.9 32.1
2110 61 28.4 30.6
2120 61 46.14 27.86
2130 61 64.71 24.29
2140 61 83.29 20.71
2150 61 101.86 17.14
2160 61 121.64 12.82
2170 61 143.23 7.36
2180 61 164.82 1.91
2190 61 186.41 -3.55
2200 61 208.0 -9.0
2210 61 230.25 -12.25
2220 61 252.5 -15.5
2230 61 274.75 -18.75
2050 58 -4.21 23.08
2060 58 11.0 21.0
2070 58 28.0 16.33
2080 58 45.0 11.67
2090 58 62.0 7.0
2100 58 80.81 4.14
2110 58 99.62 1.29
2120 58 118.43 -1.57
2130 58 137.24 -4.43
2140 58 156.78 -9.11
2150 58 176.51 -14.24
2160 58 196.24 -19.38
2170 58 216.0 -24.4
2180 58 236.0 -28.4
2190 58 256.0 -32.4
2200 58 276.0 -36.4
2210 58 296.0 -40.4
2220 58 315.79 -42.0
2230 58 335.43 -42.0
2240 58 355.07 -42.0
2070 65 7.7 -64.3
2080 65 27.37 -67.97
2090 65 47.03 -71.63
2100 65 67.75 -75.75
2110 65 88.58 -79.92
2120 65 109.42 -84.08
2130 65 129.38 -86.38
2140 65 147.32 -84.32
2150 65 165.26 -82.26
2160 65 183.21 -80.21
2170 65 198.07 -79.14
2180 65 212.6 -78.19
2190 65 227.12 -77.24
2200 65 241.64 -76.29
2210 65 258.8 -78.56
2220 65 277.1 -82.22
2230 65 295.39 -85.88
2240 65 313.68 -89.54
2250 65 333.67 -90.67
2260 65 354.78 -90.11
2090 67 -30.78 -15.44
2100 67 -13.59 -19.81
2110 67 -0.5 -28.0
2120 67 8.5 -40.0
2130 67 18.28 -48.78
2140 67 28.83 -54.33
2150 67 42.33 -53.0
2160 67 57.1 -48.71
2170 67 76.66 -45.14
2180 67 99.41 -42.03
2190 67 122.17 -38.93
2200 67 144.17 -39.17
2210 67 165.83 -40.83
2220 67 187.5 -42.5
2230 67 207.36 -42.36
2240 67 226.45 -41.45
2250 67 245.55 -40.55
2260 67 265.11 -40.44
2270 67 285.39 -41.56
2280 67 305.67 -42.67
2100 71 -17.15 -68.67
2110 71 2.24 -75.33
2120 71 22.0 -79.4
2130 71 42.0 -81.73
2140 71 62.0 -84.07
2150 71 82.0 -86.26
2160 71 102.0 -88.37
2170 71 122.0 -90.47
2180 71 142.0 -92.58
2190 71 160.92 -94.3
2200 71 179.57 -95.92
2210 71 198.22 -97.54
2220 71 216.95 -99.11
2230 71 236.42 -100.16
2240 71 255.89 -101.21
2250 71 275.37 -102.26
2260 71 294.31 -103.0
2270 71 312.0 -103.0
2280 71 329.69 -103.0
2290 71 347.38 -103.0
2150 44 -29.08 58.23
2160 44 -44.46 59.38
2170 44 -59.85 60.54
2180 44 -75.0 61.75
2190 44 -90.0 63.0
2200 44 -105.0 64.25
2210 44 -116.97 66.55
2220 44 -124.39 70.42
2230 44 -131.81 74.29
2240 44 -136.79 77.13
2250 44 -136.1 77.57
2260 44 -135.4 78.0
2270 44 -134.7 78.43
2280 44 -134.01 78.87
2290 44 -133.31 79.3
2300 44 -132.62 79.74
2310 44 -131.92 80.17
2320 44 -131.23 80.61
2330 44 -130.53 81.04
2340 44 -129.83 81.48
2350 45 -129.14 81.91
2360 45 -129.71 81.92
2370 45 -130.59 81.82
2380 45 -131.47 81.73
2390 45 -132.35 81.63
2400 45 -133.24 81.53
2410 45 -134.12 81.43
2420 45 -135.0 81.33
2430 45 -135.88 81.24
2440 45 -136.76 81.14
2450 45 -137.65 81.04
2460 45 -142.22 79.86
2470 45 -149.24 77.97
2480 45 -156.27 76.08
2490 45 -163.3 74.19
2500 45 -168.25 71.5
2510 45 -172.97 68.72
2520 45 -177.69 65.94
2530 45 -180.99 64.08
2540 45 -180.95 64.36
2490 78 -343.5 -98.67
2500 78 -309.75 -97.83
2510 78 -276.0 -97.0
2520 78 -244.13 -95.54
2530 78 -212.25 -94.08
2540 78 -180.38 -92.63
2550 78 -148.5 -91.17
2560 78 -116.44 -89.8
2570 78 -83.64 -88.8
2580 78 -50.84 -87.8
2590 78 -18.04 -86.8
2600 78 14.76 -85.8
2610 78 47.47 -85.3
2620 78 79.81 -86.79
2630 78 112.15 -88.28
2640 78 144.49 -89.77
2650 78 176.83 -91.26
2660 78 208.87 -92.58
2670 78 240.6 -93.73
2680 78 272.33 -94.88
2550 46 -180.92 64.64
2560 46 -180.89 64.92
2570 46 -180.85 65.19
2580 46 -180.82 65.47
2590 46 -180.78 65.75
2600 46 -180.75 66.03
2610 46 -180.71 66.31
2620 46 -180.68 66.58
2630 46 -180.64 66.86
2640 46 -180.61 67.14
2650 46 -180.57 67.42
2660 46 -180.54 67.69
2670 46 -180.5 67.97
2680 46 -180.47 68.25
2690 46 -180.43 68.53
2700 46 -180.4 68.81
2710 46 -180.36 69.08
2720 46 -180.33 69.36
2730 46 -180.3 69.64
2740 46 -180.26 69.92
2680 79 352.31 -46.77
2690 79 325.46 -44.49
2700 79 298.6 -42.2
2710 79 271.74 -39.91
2720 79 243.17 -38.31
2730 79 213.46 -37.17
2740 79 183.74 -36.03
2750 79 154.31 -35.11
2760 79 127.46 -36.26
2770 79 100.6 -37.4
2780 79 73.74 -38.54
2790 79 46.95 -39.98
2800 79 20.21 -41.6
2810 79 -6.53 -43.23
2820 79 -33.28 -44.86
2830 79 -59.19 -47.95
2840 79 -83.14 -54.47
2850 79 -107.09 -60.98
2860 79 -131.05 -67.49
2870 79 -155.0 -74.0
2720 80 -352.97 62.15
2730 80 -340.92 54.46
2740 80 -328.87 46.77
2750 80 -316.82 39.08
2760 80 -306.83 30.83
2770 80 -298.22 22.22
2780 80 -289.61 13.61
2790 80 -281.0 5.0
2800 80 -267.76 -2.57
2810 80 -254.51 -10.14
2820 80 -241.27 -17.7
2830 80 -229.81 -23.46
2840 80 -222.5 -25.0
2850 80 -215.19 -26.54
2860 80 -217.16 -26.13
2870 80 -223.09 -24.88
2880 80 -229.03 -23.63
2890 80 -234.97 -22.38
2900 80 -240.91 -21.13
2910 80 -246.84 -19.88
2750 47 -180.23 70.19
2760 47 -180.19 70.47
2770 47 -180.16 70.75
2780 47 -180.12 71.03
2790 47 -180.09 71.31
2800 47 -180.05 71.58
2810 47 -180.02 71.86
2820 47 -179.04 72.0
2830 47 -177.12 72.0
2840 47 -175.21 72.0
2850 47 -173.29 72.0
2860 47 -171.37 72.0
2870 47 -169.45 72.0
2880 47 -167.53 72.0
2890 47 -165.57 71.79
2900 47 -163.43 70.71
2910 47 -161.29 69.64
2920 47 -159.14 68.57
2930 47 -157.0 67.5
2940 47 -154.86 66.43
2790 81 -332.5 101.42
2800 81 -327.5 86.14
2810 81 -322.5 70.86
2820 81 -317.5 55.58
2830 81 -302.7 44.93
2840 81 -283.7 36.27
2850 81 -264.7 27.6
2860 81 -245.19 23.49
2870 81 -225.46 21.32
2880 81 -205.73 19.16
2890 81 -186.0 17.0
2900 81 -179.08 15.46
2910 81 -172.15 13.92
2920 81 -167.81 12.99
2930 81 -167.34 12.95
2940 81 -166.87 12.91
2950 81 -166.4 12.88
2960 81 -165.93 12.84
2970 81 -165.46 12.8
2980 81 -164.99 12.77
2890 85 354.1 -51.66
2900 85 325.14 -48.21
2910 85 296.17 -44.76
2920 85 267.28 -41.24
2930 85 238.66 -37.45
2940 85 210.03 -33.66
2950 85 182.18 -30.73
2960 85 156.12 -29.82
2970 85 130.06 -28.91
2980 85 104.0 -28.0
2990 85 78.05 -29.89
3000 85 52.11 -31.78
3010 85 26.16 -33.68
3020 85 -0.27 -35.91
3030 85 -27.85 -38.94
3040 85 -55.42 -41.97
3050 85 -83.0 -45.0
3060 85 -108.43 -45.29
3070 85 -133.86 -45.57
3080 85 -159.29 -45.86
2890 86 363.64 -86.61
2900 86 335.45 -83.58
2910 86 307.27 -80.55
2920 86 279.09 -77.52
2930 86 250.88 -73.79
2940 86 222.65 -69.38
2950 86 194.41 -64.97
2960 86 166.25 -60.84
2970 86 138.75 -59.28
2980 86 111.25 -57.72
2990 86 83.75 -56.16
3000 86 56.19 -57.7
3010 86 28.62 -59.59
3020 86 1.05 -61.49
3030 86 -26.06 -63.5
3040 86 -51.33 -66.0
3050 86 -76.61 -68.5
3060 86 -101.89 -71.0
3070 86 -126.48 -72.41
3080 86 -150.62 -73.1
2950 48 -152.71 65.36
2960 48 -150.57 64.29
2970 48 -148.43 63.21
2980 48 -133.65 57.59
2990 48 -115.71 50.82
3000 48 -97.76 44.06
3010 48 -78.71 35.0
3020 48 -58.0 22.5
3030 48 -37.29 10.0
3040 48 -22.31 -5.38
3050 48 -11.15 -22.69
3060 48 0.0 -40.0
3070 48 -1.74 -62.17
3080 48 -3.48 -84.35
3090 48 -8.67 -102.67
3100 48 -15.33 -119.33
3110 48 -22.0 -136.0
3120 48 -21.43 -138.29
3130 48 -20.86 -140.57
3140 48 -20.29 -142.86
2980 87 358.0 49.0
2990 87 337.55 39.91
3000 87 317.09 30.82
3010 87 294.54 24.69
3020 87 271.46 19.31
3030 87 247.97 14.46
3040 87 222.84 11.76
3050 87 197.7 9.05
3060 87 172.57 6.35
3070 87 147.31 4.36
3080 87 121.92 3.08
3090 87 96.54 1.79
3100 87 71.15 0.51
3110 87 47.05 -2.11
3120 87 23.81 -5.62
3130 87 0.57 -9.14
3140 87 -22.68 -12.65
3150 87 -44.91 -18.18
3160 87 -67.03 -23.94
3170 87 -89.15 -29.7
2980 88 354.07 -61.07
2990 88 324.81 -61.81
3000 88 295.56 -62.56
3010 88 266.0 -63.56
3020 88 236.0 -64.94
3030 88 206.0 -66.33
3040 88 176.0 -67.72
3050 88 147.23 -69.23
3060 88 118.77 -70.77
3070 88 90.07 -71.87
3080 88 60.4 -71.2
3090 88 30.73 -70.53
3100 88 1.67 -69.38
3110 88 -25.0 -66.31
3120 88 -51.67 -63.23
3130 88 -78.33 -60.15
3140 88 -104.71 -57.74
3150 88 -130.43 -56.89
3160 88 -156.14 -56.03
3170 88 -181.86 -55.17
2980 89 341.14 -99.0
2990 89 311.43 -99.0
3000 89 281.71 -99.0
3010 89 252.0 -99.0
3020 89 225.64 -99.23
3030 89 199.27 -99.45
3040 89 172.91 -99.68
3050 89 146.55 -99.91
3060 89 121.55 -100.55
3070 89 97.45 -101.45
3080 89 71.71 -102.0
3090 89 43.47 -102.0
3100 89 16.1 -101.77
3110 89 -10.9 -101.43
3120 89 -37.9 -101.1
3130 89 -63.92 -96.8
3140 89 -89.52 -90.8
3150 89 -115.2 -85.2
3160 89 -141.2 -81.2
3170 89 -167.81 -78.57
2990 82 -164.51 12.73
3000 82 -164.04 12.7
3010 82 -163.57 12.66
3020 82 -163.1 12.62
3030 82 -162.63 12.59
3040 82 -162.16 12.55
3050 82 -161.69 12.51
3060 82 -161.22 12.48
3070 82 -160.75 12.44
3080 82 -160.28 12.41
3090 82 -159.8 12.37
3100 82 -159.33 12.33
3110 82 -158.86 12.3
3120 82 -158.39 12.26
3130 82 -157.92 12.22
3140 82 -157.45 12.19
3150 82 -156.98 12.15
3160 82 -156.51 12.12
3170 82 -156.04 12.08
3180 82 -155.57 12.04
3050 90 -366.67 -66.5
3060 90 -345.0 -70.25
3070 90 -323.33 -74.0
3080 90 -301.58 -77.92
3090 90 -279.5 -82.5
3100 90 -257.42 -87.08
3110 90 -238.19 -90.07
3120 90 -219.67 -92.67
3130 90 -201.35 -95.13
3140 90 -184.83 -96.43
3150 90 -168.3 -97.74
3160 90 -147.32 -98.0
3170 90 -125.21 -98.0
3180 90 -98.1 -93.8
3190 90 -70.43 -89.13
3200 90 -42.77 -84.47
3210 90 -17.09 -82.09
3220 90 8.36 -79.97
3230 90 33.82 -77.85
3240 90 60.11 -77.0
3050 91 -366.2 -94.4
3060 91 -342.2 -93.07
3070 91 -318.52 -92.95
3080 91 -296.14 -97.71
3090 91 -273.68 -102.16
3100 91 -250.45 -103.77
3110 91 -227.23 -105.39
3120 91 -204.0 -107.0
3130 91 -181.24 -108.72
3140 91 -158.48 -110.45
3150 91 -136.03 -111.94
3160 91 -116.31 -111.39
3170 91 -96.58 -110.83
3180 91 -76.86 -110.28
3190 91 -54.74 -109.19
3200 91 -30.23 -107.58
3210 91 -5.71 -105.97
3220 91 19.53 -104.73
3230 91 45.87 -104.07
3240 91 72.2 -103.4
3140 92 -365.82 18.88
3150 92 -341.71 29.47
3160 92 -318.23 39.31
3170 92 -300.54 42.38
3180 92 -282.85 45.46
3190 92 -265.55 47.52
3200 92 -248.66 48.55
3210 92 -231.76 49.59
3220 92 -212.49 48.97
3230 92 -191.63 47.26
3240 92 -170.77 45.54
3250 92 -149.78 43.78
3260 92 -127.59 41.59
3270 92 -105.41 39.41
3280 92 -83.22 37.22
3290 92 -58.64 35.91
3300 92 -33.79 34.7
3310 92 -8.94 33.48
3320 92 15.9 30.72
3330 92 40.72 26.93
3150 49 -19.82 -143.51
3160 49 -19.45 -142.54
3170 49 -19.09 -141.56
3180 49 -18.72 -140.59
3190 49 -18.35 -139.61
3200 49 -17.99 -138.63
3210 49 -17.62 -137.66
3220 49 -17.26 -136.68
3230 49 -18.25 -134.83
3240 49 -22.42 -130.94
3250 49 -26.58 -127.06
3260 49 -30.75 -123.17
3270 49 -31.1 -121.44
3280 49 -29.81 -120.63
3290 49 -28.52 -119.82
3300 49 -27.23 -119.02
3310 49 -25.94 -118.21
3320 49 -24.65 -117.4
3330 49 -16.29 -115.33
3340 49 -0.88 -112.0
3190 83 -155.09 12.01
3200 83 -155.43 12.07
3210 83 -155.96 12.15
3220 83 -156.49 12.23
3230 83 -157.02 12.31
3240 83 -157.56 12.39
3250 83 -158.09 12.48
3260 83 -158.62 12.56
3270 83 -159.16 12.64
3280 83 -159.69 12.72
3290 83 -160.22 12.8
3300 83 -160.75 12.89
3310 83 -161.29 12.97
3320 83 -161.82 13.05
3330 83 -162.35 13.13
3340 83 -162.89 13.21
3350 83 -163.42 13.3
3360 83 -163.95 13.38
3370 83 -164.48 13.46
3380 83 -165.02 13.54
3190 93 -302.57 -266.43
3200 93 -307.81 -234.52
3210 93 -310.87 -203.09
3220 93 -305.22 -173.52
3230 93 -299.57 -143.96
3240 93 -287.35 -129.35
3250 93 -272.38 -117.77
3260 93 -249.31 -111.62
3270 93 -220.95 -109.11
3280 93 -192.0 -107.0
3290 93 -165.33 -107.95
3300 93 -138.67 -108.9
3310 93 -113.29 -113.71
3320 93 -88.05 -118.95
3330 93 -68.14 -122.67
3340 93 -49.57 -126.0
3350 93 -29.63 -125.16
3360 93 -9.11 -122.53
3370 93 8.33 -113.62
3380 93 25.0 -103.14
3260 95 -360.0 -111.0
3270 95 -335.83 -108.5
3280 95 -311.67 -106.0
3290 95 -288.0 -103.6
3300 95 -264.67 -101.27
3310 95 -241.33 -98.93
3320 95 -217.0 -96.13
3330 95 -192.0 -93.0
3340 95 -167.0 -89.88
3350 95 -142.35 -86.24
3360 95 -118.24 -81.82
3370 95 -94.12 -77.41
3380 95 -70.0 -73.0
3390 95 -44.72 -70.22
3400 95 -19.44 -67.44
3410 95 5.83 -64.67
3420 95 31.17 -62.2
3430 95 56.6 -60.2
3440 95 82.03 -58.2
3450 95 107.46 -56.2
3260 96 -367.52 -124.69
3270 96 -343.72 -122.97
3280 96 -319.93 -121.24
3290 96 -296.14 -119.52
3300 96 -272.2 -116.9
3310 96 -248.2 -113.9
3320 96 -224.2 -110.9
3330 96 -199.41 -109.43
3340 96 -174.27 -108.62
3350 96 -149.14 -107.81
3360 96 -124.0 -107.0
3370 96 -98.86 -103.29
3380 96 -73.71 -99.57
3390 96 -48.57 -95.86
3400 96 -23.6 -91.4
3410 96 1.2 -86.2
3420 96 26.0 -81.0
3430 96 52.67 -81.37
3440 96 79.33 -81.74
3450 96 105.94 -82.09
3350 50 14.53 -108.94
3360 50 29.84 -108.31
3370 50 45.16 -107.69
3380 50 60.47 -107.06
3390 50 68.14 -109.05
3400 50 74.95 -111.32
3410 50 77.07 -111.96
3420 50 77.18 -111.91
3430 50 77.28 -111.86
3440 50 77.38 -111.81
3450 50 77.49 -111.76
3460 50 77.59 -111.7
3470 50 77.69 -111.65
3480 50 77.8 -111.6
3490 50 77.9 -111.55
3500 50 78.01 -111.5
3510 50 78.11 -111.45
3520 50 78.21 -111.39
3530 50 78.32 -111.34
3540 50 78.42 -111.29
3370 97 -352.19 97.88
3380 97 -339.5 87.5
3390 97 -326.81 77.12
3400 97 -312.63 64.67
3410 97 -297.81 51.33
3420 97 -283.0 38.0
3430 97 -264.94 30.26
3440 97 -246.87 22.52
3450 97 -228.81 14.77
3460 97 -207.92 5.72
3470 97 -186.72 -3.48
3480 97 -165.23 -10.42
3490 97 -143.29 -13.97
3500 97 -121.35 -17.52
3510 97 -98.59 -21.41
3520 97 -73.88 -26.12
3530 97 -49.18 -30.82
3540 97 -24.47 -35.53
3550 97 1.14 -39.86
3560 97 26.86 -44.14
3390 84 -165.55 13.62
3400 84 -166.08 13.7
3410 84 -166.61 13.79
3420 84 -167.15 13.87
3430 84 -167.68 13.95
3440 84 -164.0 14.27
3450 84 -154.0 14.93
3460 84 -144.0 15.6
3470 84 -131.8 15.02
3480 84 -116.29 12.57
3490 84 -100.78 10.12
3500 84 -85.27 7.67
3510 84 -69.76 5.22
3520 84 -50.49 3.42
3530 84 -27.47 2.26
3540 84 -4.44 1.09
3550 84 18.58 -0.07
3560 84 41.32 -1.68
3570 84 62.91 -5.09
3580 84 84.5 -8.5
3390 94 38.84 -99.63
3400 94 51.47 -99.11
3410 94 54.08 -99.38
3420 94 54.19 -99.86
3430 94 54.3 -100.33
3440 94 54.4 -100.81
3450 94 54.51 -101.29
3460 94 54.61 -101.76
3470 94 54.72 -102.24
3480 94 54.83 -102.71
3490 94 54.93 -103.19
3500 94 55.04 -103.67
3510 94 55.14 -104.14
3520 94 55.25 -104.62
3530 94 55.35 -105.1
3540 94 55.46 -105.57
3550 94 55.57 -106.05
3560 94 55.67 -106.52
3570 94 55.78 -107.0
3580 94 55.88 -107.48
3400 98 -351.0 -90.77
3410 98 -321.0 -84.62
3420 98 -291.0 -78.46
3430 98 -260.54 -73.46
3440 98 -229.77 -69.23
3450 98 -199.0 -65.0
3460 98 -167.75 -61.25
3470 98 -136.5 -57.5
3480 98 -105.25 -53.75
3490 98 -73.93 -50.87
3500 98 -42.6 -48.2
3510 98 -11.27 -45.53
3520 98 17.44 -39.89
3530 98 45.5 -33.5
3540 98 73.56 -27.11
3550 98 101.03 -19.94
3560 98 126.17 -9.66
3570 98 151.31 0.63
3580 98 176.46 10.91
3590 98 195.85 26.38
3620 99 363.12 126.24
3630 99 352.82 125.64
3640 99 342.52 125.03
3650 99 332.21 124.42
3660 99 322.7 121.4
3670 99 315.03 112.73
3680 99 307.37 104.07
3690 99 299.33 95.0
3700 99 290.44 85.0
3710 99 281.56 75.0
3720 99 272.67 65.0
3730 99 258.27 52.92
3740 99 241.51 39.95
3750 99 224.76 26.97
3760 99 208.0 14.0
3770 99 186.4 6.4
3780 99 164.8 -1.2
3790 99 141.68 -4.46
3800 99 117.04 -3.39
3810 99 92.39 -2.32
3990 100 -350.55 -62.66
4000 100 -323.31 -60.93
4010 100 -296.07 -59.21
4020 100 -269.46 -57.91
4030 100 -244.31 -57.63
4040 100 -219.17 -57.34
4050 100 -194.03 -57.06
4060 100 -167.1 -56.62
4070 100 -139.71 -56.14
4080 100 -112.33 -55.67
4090 100 -84.95 -55.19
4100 100 -56.6 -54.25
4110 100 -27.6 -53.0
4120 100 1.4 -51.75
4130 100 30.4 -50.5
4140 100 57.41 -46.86
4150 100 83.09 -41.64
4160 100 108.77 -36.41
4170 100 134.45 -31.18
4180 100 159.94 -25.82
4030 101 357.0 51.0
4040 101 339.59 48.78
4050 101 322.19 46.56
4060 101 305.36 44.36
4070 101 289.91 42.24
4080 101 274.45 40.12
4090 101 259.0 38.0
4100 101 243.0 31.67
4110 101 227.0 25.33
4120 101 211.0 19.0
4130 101 195.55 14.45
4140 101 180.09 9.91
4150 101 164.64 5.36
4160 101 149.14 5.45
4170 101 133.62 7.52
4180 101 118.1 9.59
4190 101 102.5 12.0
4200 101 86.88 14.5
4210 101 71.25 17.0
4220 101 55.33 18.33
4120 103 345.25 -86.63
4130 103 315.88 -88.19
4140 103 286.5 -89.75
4150 103 257.28 -91.0
4160 103 228.66 -91.0
4170 103 200.03 -91.0
4180 103 171.26 -90.83
4190 103 142.11 -90.26
4200 103 112.97 -89.69
4210 103 83.83 -89.11
4220 103 53.38 -86.85
4230 103 22.62 -84.15
4240 103 -7.53 -81.94
4250 103 -35.18 -81.65
4260 103 -62.82 -81.35
4270 103 -90.47 -81.06
4280 103 -118.7 -82.08
4290 103 -147.08 -83.43
4300 103 -175.46 -84.78
4310 103 -203.67 -86.03
4120 104 343.6 -119.0
4130 104 314.8 -119.0
4140 104 286.0 -119.0
4150 104 258.65 -119.59
4160 104 231.29 -120.18
4170 104 203.94 -120.76
4180 104 174.06 -121.0
4190 104 142.5 -121.0
4200 104 110.94 -121.0
4210 104 80.13 -119.58
4220 104 50.45 -116.03
4230 104 20.77 -112.48
4240 104 -8.37 -110.0
4250 104 -36.26 -110.0
4260 104 -64.16 -110.0
4270 104 -92.05 -110.0
4280 104 -120.72 -109.86
4290 104 -150.17 -109.58
4300 104 -179.61 -109.31
4310 104 -209.06 -109.03
4190 105 349.96 -45.52
4200 105 326.48 -47.26
4210 105 303.0 -49.0
4220 105 277.69 -47.75
4230 105 252.38 -46.5
4240 105 227.06 -45.25
4250 105 203.82 -40.88
4260 105 181.09 -35.73
4270 105 158.36 -30.58
4280 105 136.03 -25.22
4290 105 114.08 -19.67
4300 105 92.14 -14.11
4310 105 70.19 -8.56
4320 105 49.25 -4.0
4330 105 28.42 0.44
4340 105 7.58 4.89
4350 105 -13.75 9.31
4360 105 -36.25 13.69
4370 105 -58.75 18.06
4380 105 -80.91 22.31
4190 106 361.29 -81.21
4200 106 334.86 -80.14
4210 106 308.43 -79.07
4220 106 282.0 -78.0
4230 106 256.69 -75.19
4240 106 231.38 -72.38
4250 106 206.06 -69.56
4260 106 181.36 -67.06
4270 106 156.82 -64.64
4280 106 132.27 -62.21
4290 106 109.09 -58.88
4300 106 87.27 -54.64
4310 106 65.45 -50.39
4320 106 43.35 -46.14
4330 106 20.11 -41.81
4340 106 -3.14 -37.49
4350 106 -26.38 -33.16
4360 106 -48.61 -28.73
4370 106 -69.82 -24.18
4380 106 -91.03 -19.64
4230 102 39.22 18.89
4240 102 23.11 19.44
4250 102 7.0 20.0
4260 102 -7.06 17.5
4270 102 -21.13 15.0
4280 102 -35.19 12.5
4290 102 -50.86 10.29
4300 102 -66.93 8.14
4310 102 -83.0 6.0
4320 102 -98.68 7.35
4330 102 -114.35 8.7
4340 102 -130.03 10.05
4350 102 -146.27 11.0
4360 102 -163.83 11.0
4370 102 -181.39 11.0
4380 102 -198.95 11.0
4390 102 -216.24 10.96
4400 102 -232.47 10.73
4410 102 -248.69 10.51
4420 102 -264.91 10.29
4250 107 346.55 -85.07
4260 107 321.72 -81.97
4270 107 296.9 -78.86
4280 107 271.03 -73.9
4290 107 243.61 -66.16
4300 107 216.19 -58.42
4310 107 188.83 -50.41
4320 107 161.59 -41.79
4330 107 134.34 -33.17
4340 107 108.71 -23.43
4350 107 85.5 -12.0
4360 107 62.29 -0.57
4370 107 40.04 11.2
4380 107 18.44 23.2
4390 107 -3.33 34.78
4400 107 -26.67 42.56
4410 107 -49.27 48.95
4420 107 -70.18 52.14
4430 107 -91.46 55.0
4440 107 -116.08 55.0
4290 108 349.16 -51.68
4300 108 326.36 -47.28
4310 108 303.56 -42.88
4320 108 281.4 -38.27
4330 108 259.4 -33.6
4340 108 237.4 -28.93
4350 108 215.79 -23.39
4360 108 194.27 -17.64
4370 108 172.76 -11.88
4380 108 151.86 -6.7
4390 108 131.59 -2.11
4400 108 111.32 2.49
4410 108 91.05 7.08
4420 108 71.0 10.6
4430 108 51.0 13.85
4440 108 31.0 17.1
4450 108 11.0 20.35
4460 108 -8.79 23.46
4470 108 -28.54 26.54
4480 108 -48.28 29.62
4300 110 363.74 -78.44
4310 110 340.04 -76.22
4320 110 316.33 -74.0
4330 110 292.59 -71.55
4340 110 268.45 -67.07
4350 110 244.31 -62.59
4360 110 220.13 -58.2
4370 110 195.8 -54.2
4380 110 171.47 -50.2
4390 110 147.88 -46.44
4400 110 127.25 -43.63
4410 110 106.63 -40.81
4420 110 86.0 -38.0
4430 110 67.11 -31.33
4440 110 48.22 -24.67
4450 110 29.33 -18.0
4460 110 10.55 -12.34
4470 110 -8.07 -8.21
4480 110 -26.69 -4.07
4490 110 -43.7 0.7
4310 112 353.71 -56.61
4320 112 330.86 -52.68
4330 112 308.0 -48.75
4340 112 285.09 -45.45
4350 112 262.06 -43.64
4360 112 239.03 -41.82
4370 112 216.0 -40.0
4380 112 196.59 -32.35
4390 112 177.18 -24.71
4400 112 157.76 -17.06
4410 112 138.0 -9.55
4420 112 118.0 -2.13
4430 112 98.0 5.29
4440 112 78.29 10.57
4450 112 58.86 13.71
4460 112 39.43 16.86
4470 112 20.0 20.0
4480 112 -0.56 23.61
4490 112 -21.11 27.22
4500 112 -41.67 30.83
4490 109 -68.03 32.69
4500 109 -86.38 36.69
4510 109 -104.59 40.79
4520 109 -122.79 44.9
4530 109 -141.0 49.0
4540 109 -156.11 49.67
4550 109 -171.22 50.33
4560 109 -186.33 51.0
4570 109 -201.44 51.67
4580 109 -215.56 52.47
4590 109 -228.69 53.41
4600 109 -241.81 54.34
4610 109 -255.24 55.71
4620 109 -269.35 58.06
4630 109 -283.47 60.41
4640 109 -297.59 62.76
4650 109 -310.17 70.45
4660 109 -322.59 78.72
4670 109 -335.0 87.0
4680 109 -341.49 96.46
4500 111 -59.11 6.11
4510 111 -74.51 11.51
4520 111 -89.92 16.92
4530 111 -105.34 21.43
4540 111 -120.77 25.71
4550 111 -136.2 30.0
4560 111 -151.41 33.97
4570 111 -166.12 37.21
4580 111 -180.82 40.44
4590 111 -195.53 43.68
4600 111 -208.52 44.0
4610 111 -221.32 44.0
4620 111 -233.69 44.34
4630 111 -245.4 45.2
4640 111 -257.11 46.06
4650 111 -268.83 46.91
4660 111 -285.0 48.09
4670 111 -301.67 49.3
4680 111 -318.33 50.52
4690 111 -333.35 56.48
4500 114 -363.08 -68.69
4510 114 -340.38 -69.46
4520 114 -317.69 -70.23
4530 114 -295.0 -71.0
4540 114 -271.58 -71.0
4550 114 -248.16 -71.0
4560 114 -224.74 -71.0
4570 114 -201.03 -71.22
4580 114 -176.16 -72.3
4590 114 -151.3 -73.38
4600 114 -126.43 -74.46
4610 114 -101.82 -72.44
4620 114 -77.46 -67.31
4630 114 -53.1 -62.18
4640 114 -28.74 -57.05
4650 114 -4.33 -52.83
4660 114 20.11 -49.22
4670 114 44.56 -45.61
4680 114 69.0 -42.0
4690 114 93.47 -40.16
4510 113 -60.29 34.26
4520 113 -76.0 37.4
4530 113 -91.71 40.54
4540 113 -107.43 43.69
4550 113 -123.52 46.45
4560 113 -139.66 49.18
4570 113 -155.8 51.91
4580 113 -171.93 54.64
4590 113 -186.33 57.0
4600 113 -199.0 59.0
4610 113 -211.67 61.0
4620 113 -224.67 62.69
4630 113 -238.0 64.08
4640 113 -251.33 65.47
4650 113 -264.67 66.86
4660 113 -278.38 68.69
4670 113 -292.13 70.56
4680 113 -305.88 72.44
4690 113 -317.0 77.2
4700 113 -326.19 83.63
4690 115 367.52 55.33
4700 115 343.71 52.0
4710 115 319.9 48.67
4720 115 296.59 43.88
4730 115 273.78 37.63
4740 115 250.97 31.38
4750 115 227.75 25.5
4760 115 203.58 20.5
4770 115 179.42 15.5
4780 115 153.52 15.39
4790 115 127.43 15.83
4800 115 103.55 18.55
4810 115 81.12 22.79
4820 115 58.7 27.03
4830 115 36.28 31.45
4840 115 13.86 36.28
4850 115 -8.55 41.1
4860 115 -31.13 45.25
4870 115 -53.94 48.38
4880 115 -76.75 51.5
4780 116 360.04 -62.07
4790 116 329.68 -61.36
4800 116 299.32 -60.64
4810 116 269.03 -59.74
4820 116 239.29 -57.11
4830 116 209.55 -54.47
4840 116 179.82 -51.84
4850 116 150.79 -50.08
4860 116 123.42 -50.34
4870 116 96.05 -50.61
4880 116 68.68 -50.87
4890 116 41.08 -50.46
4900 116 13.24 -49.38
4910 116 -14.59 -48.3
4920 116 -42.43 -47.22
4930 116 -69.56 -47.67
4940 116 -96.5 -48.5
4950 116 -123.44 -49.33
4960 116 -150.57 -49.62
4970 116 -178.41 -47.73
4860 117 -346.33 -114.5
4870 117 -327.0 -117.5
4880 117 -307.67 -120.5
4890 117 -288.68 -121.46
4900 117 -270.03 -120.38
4910 117 -251.38 -119.3
4920 117 -232.73 -118.22
4930 117 -211.0 -118.0
4940 117 -188.5 -118.0
4950 117 -166.0 -118.0
4960 117 -144.29 -118.71
4970 117 -123.12 -119.88
4980 117 -101.94 -121.06
4990 117 -80.24 -121.62
5000 117 -56.46 -119.73
5010 117 -32.68 -117.84
5020 117 -8.89 -115.95
5030 117 14.88 -116.0
5040 117 38.63 -118.0
5050 117 62.38 -120.0
4870 118 -348.2 -59.5
4880 118 -325.53 -57.83
4890 118 -302.87 -56.17
4900 118 -280.9 -55.1
4910 118 -260.58 -55.42
4920 118 -240.26 -55.74
4930 118 -220.08 -57.0
4940 118 -200.5 -62.0
4950 118 -180.92 -67.0
4960 118 -163.13 -71.73
4970 118 -144.55 -74.1
4980 118 -123.05 -71.1
4990 118 -99.81 -68.42
5000 118 -72.5 -66.5
5010 118 -45.19 -64.58
5020 118 -19.86 -64.72
5030 118 4.62 -65.76
5040 118 29.1 -66.79
5050 118 51.74 -68.04
5060 118 73.91 -69.35
4870 119 -346.0 -89.75
4880 119 -326.0 -88.92
4890 119 -306.0 -88.08
4900 119 -286.0 -87.25
4910 119 -265.6 -87.6
4920 119 -245.03 -88.46
4930 119 -224.46 -89.31
4940 119 -203.63 -90.38
4950 119 -181.75 -92.25
4960 119 -159.88 -94.13
4970 119 -138.0 -96.0
4980 119 -115.22 -95.72
4990 119 -92.44 -95.44
5000 119 -69.67 -95.17
5010 119 -46.74 -94.58
5020 119 -23.58 -93.53
5030 119 -0.42 -92.47
5040 119 22.74 -91.42
5050 119 46.06 -91.34
5060 119 69.49 -91.91
4870 120 -368.71 -12.57
4880 120 -341.93 -11.14
4890 120 -315.14 -9.71
4900 120 -288.36 -8.29
4910 120 -261.22 -6.44
4920 120 -234.0 -4.5
4930 120 -206.78 -2.56
4940 120 -179.55 -1.06
4950 120 -152.27 -1.36
4960 120 -125.0 -1.67
4970 120 -97.73 -1.97
4980 120 -69.0 -5.25
4990 120 -40.11 -8.86
5000 120 -11.22 -12.47
5010 120 16.8 -16.89
5020 120 42.8 -23.17
5030 120 68.8 -29.46
5040 120 94.8 -35.74
5050 120 121.44 -45.0
5060 120 148.24 -55.0
4910 121 -350.5 -91.63
4920 121 -325.5 -90.38
4930 121 -300.5 -89.13
4940 121 -276.73 -89.55
4950 121 -253.09 -90.15
4960 121 -229.45 -90.76
4970 121 -205.73 -90.35
4980 121 -181.95 -89.27
4990 121 -158.16 -88.19
5000 121 -134.38 -87.11
5010 121 -110.05 -87.0
5020 121 -85.66 -87.0
5030 121 -61.27 -87.0
5040 121 -36.88 -87.0
5050 121 -13.89 -89.53
5060 121 8.74 -92.68
5070 121 31.37 -95.84
5080 121 54.0 -99.0
5090 121 76.2 -97.0
5100 121 98.4 -95.0
4930 122 357.0 93.0
4940 122 347.0 91.89
4950 122 337.0 90.78
4960 122 326.42 88.42
4970 122 314.47 83.14
4980 122 302.53 77.86
4990 122 290.58 72.58
5000 122 280.66 64.22
5010 122 271.59 54.53
5020 122 262.53 44.84
5030 122 250.71 35.21
5040 122 236.13 25.63
5050 122 221.43 16.52
5060 122 205.71 11.76
5070 122 190.0 7.0
5080 122 173.33 7.0
5090 122 156.67 7.0
5100 122 140.0 7.0
5110 122 126.31 6.74
5120 122 113.91 6.37
5020 124 342.67 -62.17
5030 124 314.0 -62.5
5040 124 285.33 -62.83
5050 124 258.27 -61.64
5060 124 232.82 -58.91
5070 124 206.95 -55.58
5080 124 180.11 -50.84
5090 124 152.0 -48.42
5100 124 122.0 -49.47
5110 124 92.2 -52.0
5120 124 62.6 -56.0
5130 124 33.0 -60.0
5140 124 4.08 -61.62
5150 124 -24.84 -63.24
5160 124 -53.76 -64.86
5170 124 -82.79 -65.89
5180 124 -112.07 -65.54
5190 124 -141.36 -65.18
5200 124 -168.88 -62.12
5210 124 -194.64 -56.36
5130 123 101.5 6.0
5140 123 89.09 5.63
5150 123 76.69 5.26
5160 123 63.53 5.7
5170 123 48.65 8.02
5180 123 33.77 10.35
5190 123 18.88 12.67
5200 123 4.0 15.0
5210 123 -9.08 14.23
5220 123 -22.15 13.46
5230 123 -35.23 12.69
5240 123 -48.31 11.92
5250 123 -61.38 11.15
5260 123 -76.92 9.77
5270 123 -93.08 8.23
5280 123 -109.23 6.69
5290 123 -125.38 5.15
5300 123 -140.89 1.66
5310 123 -156.31 -2.06
5320 123 -171.74 -5.77
5140 125 -354.46 44.33
5150 125 -341.75 46.0
5160 125 -329.04 47.67
5170 125 -316.33 49.33
5180 125 -303.63 51.0
5190 125 -292.0 53.13
5200 125 -282.0 55.96
5210 125 -272.0 58.78
5220 125 -262.0 61.61
5230 125 -252.0 64.43
5240 125 -244.29 66.31
5250 125 -237.14 67.94
5260 125 -230.0 69.57
5270 125 -222.86 71.2
5280 125 -215.71 72.84
5290 125 -207.98 73.88
5300 125 -200.17 74.85
5310 125 -192.37 75.83
5320 125 -184.56 76.8
5330 125 -175.4 76.4
5180 136 295.05 221.14
5190 136 291.86 201.59
5200 136 288.46 182.04
5210 136 283.08 162.42
5220 136 277.69 142.81
5230 136 271.21 124.72
5240 136 263.62 108.17
5250 136 256.03 91.62
5260 136 245.67 75.22
5270 136 233.44 58.93
5280 136 221.22 42.63
5290 136 202.41 32.41
5300 136 182.86 22.86
5310 136 158.92 21.17
5320 136 133.08 22.83
5330 136 107.33 24.22
5340 136 81.78 24.96
5350 136 56.22 25.7
5360 136 29.6 26.8
5370 136 2.27 28.13
5200 137 -343.61 -63.39
5210 137 -320.13 -66.87
5220 137 -296.67 -70.27
5230 137 -273.33 -72.93
5240 137 -250.0 -75.6
5250 137 -226.38 -77.91
5260 137 -200.13 -76.97
5270 137 -173.88 -76.03
5280 137 -147.63 -75.09
5290 137 -121.82 -76.09
5300 137 -96.06 -77.3
5310 137 -70.3 -78.52
5320 137 -43.83 -79.83
5330 137 -16.89 -81.22
5340 137 10.06 -82.61
5350 137 37.0 -84.0
5360 137 64.81 -82.44
5370 137 92.63 -80.88
5380 137 120.44 -79.31
5390 137 148.2 -80.4
5200 138 -343.47 -95.67
5210 138 -322.13 -97.33
5220 138 -300.8 -99.0
5230 138 -278.16 -100.97
5240 138 -253.57 -103.41
5250 138 -228.97 -105.84
5260 138 -204.38 -108.27
5270 138 -178.97 -110.05
5280 138 -153.22 -111.55
5290 138 -127.47 -113.05
5300 138 -101.72 -114.55
5310 138 -76.22 -115.19
5320 138 -50.81 -115.46
5330 138 -25.41 -115.73
5340 138 0.0 -116.0
5350 138 26.58 -114.16
5360 138 53.16 -112.32
5370 138 79.74 -110.47
5380 138 106.23 -109.05
5390 138 132.38 -109.31
5340 126 -165.9 75.65
5350 126 -156.4 74.9
5360 126 -146.9 74.15
5370 126 -138.87 73.83
5380 126 -131.21 73.62
5390 126 -123.55 73.4
5400 126 -115.89 73.19
5410 126 -108.32 72.94
5420 126 -101.53 72.38
5430 126 -94.74 71.81
5440 126 -87.94 71.25
5450 126 -81.15 70.68
5460 126 -74.36 70.11
5470 126 -75.6 70.93
5480 126 -78.86 72.09
5490 126 -82.12 73.26
5500 126 -85.37 74.42
5510 126 -90.7 74.35
5520 126 -98.09 73.04
5530 126 -105.48 71.74
5360 139 -351.35 -69.57
5370 139 -323.09 -67.39
5380 139 -294.83 -65.22
5390 139 -266.54 -63.71
5400 139 -238.26 -62.29
5410 139 -209.97 -60.86
5420 139 -181.69 -60.11
5430 139 -153.4 -60.4
5440 139 -125.11 -60.69
5450 139 -96.83 -60.97
5460 139 -65.8 -56.8
5470 139 -34.47 -52.13
5480 139 -3.13 -47.47
5490 139 26.16 -42.22
5500 139 55.22 -36.91
5510 139 84.28 -31.59
5520 139 112.4 -26.8
5530 139 140.11 -22.23
5540 139 167.83 -17.66
5550 139 195.87 -14.27
5410 140 -354.16 89.28
5420 140 -341.36 76.88
5430 140 -328.56 64.48
5440 140 -311.07 53.73
5450 140 -292.4 43.4
5460 140 -273.73 33.07
5470 140 -255.21 26.15
5480 140 -236.73 20.09
5490 140 -218.24 14.03
5500 140 -199.14 8.57
5510 140 -179.43 3.71
5520 140 -159.71 -1.14
5530 140 -140.0 -6.0
5540 140 -125.48 -9.23
5550 140 -110.97 -12.45
5560 140 -96.45 -15.68
5570 140 -82.03 -17.32
5580 140 -67.62 -18.79
5590 140 -53.21 -20.26
5600 140 -37.29 -21.57
5440 141 -344.0 31.36
5450 141 -324.0 22.07
5460 141 -304.0 12.79
5470 141 -284.74 4.29
5480 141 -265.79 -3.87
5490 141 -246.84 -12.03
5500 141 -227.89 -20.18
5510 141 -207.16 -28.31
5520 141 -186.22 -36.44
5530 141 -165.28 -44.56
5540 141 -144.63 -48.84
5550 141 -124.11 -51.47
5560 141 -103.58 -54.11
5570 141 -83.05 -56.74
5580 141 -64.45 -56.42
5590 141 -46.06 -55.77
5600 141 -27.68 -55.13
5610 141 -11.06 -53.12
5620 141 5.12 -50.76
5630 141 21.29 -48.41
5520 142 366.5 -47.0
5530 142 337.75 -49.5
5540 142 309.0 -52.0
5550 142 279.9 -54.7
5560 142 249.4 -58.2
5570 142 219.18 -61.85
5580 142 190.09 -66.09
5590 142 161.0 -70.33
5600 142 131.91 -74.58
5610 142 101.31 -77.08
5620 142 70.54 -79.38
5630 142 40.24 -80.29
5640 142 11.03 -77.92
5650 142 -18.18 -75.55
5660 142 -47.39 -73.18
5670 142 -76.29 -72.0
5680 142 -104.86 -72.0
5690 142 -133.43 -72.0
5700 142 -162.0 -72.0
5710 142 -191.0 -72.88
5540 127 -112.87 70.43
5550 127 -120.26 69.13
5560 127 -126.95 70.45
5570 127 -133.55 72.05
5580 127 -140.16 73.66
5590 127 -146.77 75.27
5600 127 -153.38 76.88
5610 127 -160.26 77.61
5620 127 -167.8 76.3
5630 127 -175.34 74.98
5640 127 -182.89 73.67
5650 127 -190.43 72.36
5660 127 -197.97 71.05
5670 127 -205.45 69.56
5680 127 -212.73 67.38
5690 127 -220.0 65.2
5700 127 -227.27 63.02
5710 127 -234.55 60.84
5720 127 -241.82 58.65
5730 127 -249.14 57.78
5630 143 321.03 215.38
5640 143 318.62 198.83
5650 143 316.21 182.28
5660 143 313.17 166.33
5670 143 309.5 151.0
5680 143 305.83 135.67
5690 143 300.25 121.21
5700 143 292.75 107.64
5710 143 285.25 94.07
5720 143 277.65 80.12
5730 143 270.0 66.0
5740 143 262.35 51.88
5750 143 251.77 38.9
5760 143 234.35 28.58
5770 143 216.94 18.26
5780 143 201.43 8.7
5790 143 193.61 2.17
5800 143 185.78 -4.35
5810 143 196.0 -9.5
5820 143 209.0 -14.59
5630 144 290.27 219.67
5640 144 285.93 206.33
5650 144 281.6 193.0
5660 144 277.97 178.94
5670 144 275.4 163.8
5680 144 272.83 148.66
5690 144 270.26 133.51
5700 144 266.14 120.11
5710 144 261.86 106.89
5720 144 257.27 93.85
5730 144 249.96 82.31
5740 144 242.65 70.77
5750 144 235.0 61.0
5760 144 227.0 53.0
5770 144 222.79 46.29
5780 144 222.38 40.88
5790 144 222.39 35.61
5800 144 226.32 31.68
5810 144 230.25 27.75
5820 144 236.43 22.54
5730 145 329.41 230.38
5740 145 331.48 217.28
5750 145 333.55 204.17
5760 145 335.39 191.32
5770 145 336.68 179.06
5780 145 337.97 166.81
5790 145 338.67 154.27
5800 145 337.0 140.6
5810 145 335.33 126.93
5820 145 333.83 113.78
5830 145 333.0 102.67
5840 145 332.17 91.56
5850 145 331.33 80.44
5860 145 331.5 69.33
5870 145 332.33 58.22
5880 145 333.17 47.11
5890 145 334.0 36.0
5900 145 339.12 24.78
5910 145 344.24 13.56
5920 145 349.37 2.34
5740 128 -256.48 57.47
5750 128 -263.83 57.16
5760 128 -271.17 56.84
5770 128 -278.52 56.53
5780 128 -285.86 56.22
5790 128 -292.87 56.0
5800 128 -299.1 56.0
5810 128 -305.33 56.0
5820 128 -311.56 56.0
5830 128 -317.79 56.0
5840 128 -324.02 56.0
5850 128 -328.37 55.68
5860 128 -325.21 54.11
5870 128 -322.05 52.53
5880 128 -318.89 50.95
5890 128 -315.74 49.37
5900 128 -312.58 47.79
5910 128 -306.98 47.2
5920 128 -298.94 47.59
5930 128 -290.9 47.98
5940 129 -282.86 48.37
5950 129 -274.82 48.76
5960 129 -266.0 49.74
5970 129 -256.0 51.6
5980 129 -246.0 53.47
5990 129 -236.0 55.33
6000 129 -226.27 57.1
6010 129 -218.92 58.12
6020 129 -211.57 59.14
6030 129 -204.22 60.16
6040 129 -196.88 61.18
6050 129 -189.31 62.0
6060 129 -180.88 62.0
6070 129 -172.45 62.0
6080 129 -164.02 62.0
6090 129 -155.59 62.0
6100 129 -147.22 61.98
6110 129 -139.44 61.8
6120 129 -131.67 61.61
6130 129 -123.89 61.43
6020 146 351.65 -101.87
6030 146 324.87 -101.23
6040 146 298.1 -100.58
6050 146 271.43 -99.62
6060 146 245.76 -95.84
6070 146 220.08 -92.05
6080 146 194.41 -88.27
6090 146 170.56 -83.22
6100 146 149.44 -76.28
6110 146 128.33 -69.33
6120 146 107.22 -62.39
6130 146 94.0 -58.33
6140 146 82.75 -55.0
6150 146 73.09 -53.0
6160 146 65.82 -53.0
6170 146 55.88 -52.15
6180 146 35.27 -47.91
6190 146 14.67 -43.67
6200 146 -5.94 -39.42
6210 146 -28.91 -36.35
6050 147 364.22 -101.11
6060 147 340.15 -97.41
6070 147 316.07 -93.7
6080 147 292.0 -90.0
6090 147 267.81 -85.48
6100 147 243.61 -80.97
6110 147 219.42 -76.45
6120 147 195.56 -72.56
6130 147 171.74 -68.74
6140 147 147.91 -64.91
6150 147 127.04 -60.92
6160 147 109.13 -56.75
6170 147 91.13 -52.39
6180 147 72.42 -46.26
6190 147 53.71 -40.13
6200 147 35.0 -34.0
6210 147 13.13 -29.0
6220 147 -8.75 -24.0
6230 147 -30.63 -19.0
6240 147 -53.58 -13.87
6060 148 348.71 -62.57
6070 148 325.5 -59.0
6080 148 302.29 -55.43
6090 148 276.76 -52.06
6100 148 249.71 -48.82
6110 148 222.65 -45.59
6120 148 196.18 -42.65
6130 148 172.06 -40.88
6140 148 147.94 -39.12
6150 148 123.82 -37.35
6160 148 100.16 -32.87
6170 148 76.61 -27.71
6180 148 53.06 -22.55
6190 148 29.9 -17.73
6200 148 6.9 -13.07
6210 148 -16.1 -8.4
6220 148 -37.58 -3.69
6230 148 -58.42 1.03
6240 148 -79.25 5.75
6250 148 -100.09 10.7
6140 130 -116.11 61.24
6150 130 -108.33 61.06
6160 130 -103.83 61.83
6170 130 -100.74 63.02
6180 130 -97.64 64.21
6190 130 -94.55 65.4
6200 130 -93.98 66.05
6210 130 -95.94 66.15
6220 130 -97.9 66.26
6230 130 -99.86 66.36
6240 130 -101.81 66.46
6250 130 -103.77 66.57
6260 130 -105.73 66.67
6270 130 -107.69 66.77
6280 130 -109.65 66.88
6290 130 -111.61 66.98
6300 130 -118.04 67.45
6310 130 -125.58 68.02
6320 130 -133.13 68.58
6330 130 -140.68 69.15
6210 149 350.15 99.54
6220 149 335.54 88.38
6230 149 320.92 77.23
6240 149 305.03 68.93
6250 149 288.83 61.34
6260 149 272.62 53.76
6270 149 255.03 45.16
6280 149 237.29 36.45
6290 149 219.55 27.74
6300 149 202.0 23.71
6310 149 184.5 20.86
6320 149 167.0 18.0
6330 149 149.8 20.4
6340 149 132.6 22.8
6350 149 115.25 25.61
6360 149 97.75 28.82
6370 149 80.25 32.04
6380 149 66.5 36.75
6390 149 54.36 42.11
6400 149 42.21 47.46
6210 153 -363.21 13.05
6220 153 -345.84 16.21
6230 153 -328.47 19.37
6240 153 -312.52 20.0
6250 153 -296.92 20.0
6260 153 -281.36 19.82
6270 153 -265.91 19.21
6280 153 -250.45 18.61
6290 153 -235.0 18.0
6300 153 -217.92 18.0
6310 153 -200.83 18.0
6320 153 -183.45 20.48
6330 153 -165.86 24.62
6340 153 -148.28 28.76
6350 153 -129.64 33.82
6360 153 -110.55 39.27
6370 153 -91.45 44.73
6380 153 -71.0 50.83
6390 153 -48.5 57.92
6400 153 -26.0 65.0
6210 154 -362.0 -37.22
6220 154 -342.0 -31.13
6230 154 -322.0 -25.04
6240 154 -302.2 -20.2
6250 154 -282.6 -16.6
6260 154 -263.0 -13.0
6270 154 -246.33 -10.78
6280 154 -229.67 -8.56
6290 154 -213.08 -6.75
6300 154 -196.69 -5.92
6310 154 -180.31 -5.08
6320 154 -163.92 -4.25
6330 154 -146.7 -2.86
6340 154 -129.14 -1.24
6350 154 -111.57 0.38
6360 154 -94.0 2.0
6370 154 -76.29 -0.57
6380 154 -58.57 -3.14
6390 154 -40.86 -5.71
6400 154 -22.67 -9.0
6220 151 360.56 60.92
6230 151 345.36 54.52
6240 151 330.16 48.12
6250 151 315.27 41.27
6260 151 301.6 32.6
6270 151 287.93 23.93
6280 151 272.64 15.5
6290 151 250.86 8.0
6300 151 229.07 0.5
6310 151 207.43 -5.0
6320 151 186.0 -7.5
6330 151 164.57 -10.0
6340 151 144.75 -8.38
6350 151 126.0 -4.0
6360 151 107.25 0.38
6370 151 89.33 4.73
6380 151 72.67 9.07
6390 151 56.0 13.4
6400 151 40.06 16.91
6410 151 25.2 19.2
6310 156 353.17 -81.04
6320 156 334.04 -76.26
6330 156 314.91 -71.48
6340 156 293.0 -69.0
6350 156 270.78 -66.78
6360 156 248.88 -64.81
6370 156 228.25 -63.88
6380 156 207.63 -62.94
6390 156 187.0 -62.0
6400 156 167.0 -60.75
6410 156 147.0 -59.5
6420 156 127.0 -58.25
6430 156 107.29 -57.71
6440 156 87.64 -57.36
6450 156 68.0 -57.0
6460 156 50.31 -55.46
6470 156 32.62 -53.92
6480 156 14.92 -52.38
6490 156 -2.56 -50.44
6500 156 -18.11 -44.89
6310 161 362.71 -31.29
6320 161 343.67 -30.33
6330 161 324.62 -29.38
6340 161 305.86 -26.14
6350 161 287.29 -21.38
6360 161 269.0 -16.6
6370 161 251.0 -11.8
6380 161 233.0 -7.0
6390 161 218.2 -9.8
6400 161 203.4 -12.6
6410 161 195.32 -14.24
6420 161 193.97 -14.71
6430 161 192.62 -15.18
6440 161 191.27 -15.66
6450 161 189.92 -16.13
6460 161 188.57 -16.6
6470 161 187.22 -17.07
6480 161 185.86 -17.55
6490 161 184.51 -18.02
6500 161 183.16 -18.49
6340 131 -148.23 69.72
6350 131 -155.75 69.55
6360 131 -163.25 68.66
6370 131 -170.75 67.77
6380 131 -178.25 66.88
6390 131 -185.75 65.98
6400 131 -193.25 65.09
6410 131 -199.4 65.18
6420 131 -205.4 65.38
6430 131 -211.4 65.58
6440 131 -217.4 65.78
6450 131 -223.4 65.98
6460 131 -220.71 67.76
6470 131 -217.05 69.71
6480 131 -213.39 71.66
6490 131 -209.73 73.61
6500 131 -203.83 73.33
6510 131 -197.38 72.5
6520 131 -190.92 71.67
6530 131 -184.46 70.83
6410 150 27.5 49.38
6420 150 12.5 50.92
6430 150 -3.17 52.31
6440 150 -20.41 53.34
6450 150 -37.66 54.38
6460 150 -55.5 54.63
6470 150 -74.25 53.69
6480 150 -93.0 52.75
6490 150 -111.65 51.71
6500 150 -129.88 50.24
6510 150 -148.12 48.76
6520 150 -166.35 47.29
6530 150 -186.0 47.18
6540 150 -206.0 47.4
6550 150 -226.0 47.62
6560 150 -246.0 47.84
6570 150 -266.1 49.35
6580 150 -286.42 53.87
6590 150 -306.74 58.39
6600 150 -325.4 63.53
6410 155 -4.0 -13.0
6420 155 14.67 -17.0
6430 155 32.94 -20.52
6440 155 50.82 -23.55
6450 155 68.7 -26.58
6460 155 86.33 -30.53
6470 155 103.0 -38.2
6480 155 119.67 -45.87
6490 155 137.21 -52.55
6500 155 158.24 -55.31
6510 155 179.28 -58.07
6520 155 200.24 -58.56
6530 155 221.04 -53.76
6540 155 241.84 -48.96
6550 155 263.66 -46.62
6560 155 285.72 -44.9
6570 155 307.79 -43.17
6580 155 327.0 -43.33
6590 155 345.89 -43.7
6600 155 364.78 -44.07
6420 152 10.34 21.49
6430 152 -4.51 23.77
6440 152 -20.57 25.07
6450 152 -36.76 26.26
6460 152 -52.95 27.45
6470 152 -69.14 28.64
6480 152 -88.17 27.6
6490 152 -108.42 25.6
6500 152 -128.68 23.6
6510 152 -148.93 21.6
6520 152 -169.78 21.19
6530 152 -190.89 21.47
6540 152 -212.0 21.75
6550 152 -233.03 22.23
6560 152 -253.35 24.48
6570 152 -273.68 26.74
6580 152 -294.0 29.0
6590 152 -313.67 35.67
6600 152 -333.33 42.33
6610 152 -353.0 49.0
6510 157 -33.67 -39.33
6520 157 -49.22 -33.78
6530 157 -63.56 -27.09
6540 157 -76.69 -19.28
6550 157 -89.81 -11.47
6560 157 -102.26 -4.24
6570 157 -113.15 1.65
6580 157 -124.03 7.53
6590 157 -134.91 13.41
6600 157 -145.0 18.5
6610 157 -155.0 23.5
6620 157 -158.21 25.18
6630 157 -158.5 25.43
6640 157 -158.79 25.68
6650 157 -159.08 25.93
6660 157 -159.38 26.18
6670 157 -159.67 26.43
6680 157 -159.96 26.68
6690 157 -160.26 26.93
6700 157 -160.55 27.18
6510 162 181.81 -18.97
6520 162 180.46 -19.44
6530 162 179.11 -19.91
6540 162 177.76 -20.39
6550 162 176.41 -20.86
6560 162 175.29 -21.2
6570 162 174.29 -21.49
6580 162 173.28 -21.78
6590 162 172.27 -22.06
6600 162 171.27 -22.35
6610 162 170.26 -22.64
6620 162 169.25 -22.93
6630 162 168.24 -23.22
6640 162 167.24 -23.5
6650 162 166.23 -23.79
6660 162 165.22 -24.08
6670 162 164.22 -24.37
6680 162 163.21 -24.65
6690 162 162.2 -24.94
6700 162 157.64 -24.27
6530 166 -355.0 -80.0
6540 166 -328.81 -77.62
6550 166 -302.62 -75.24
6560 166 -278.57 -73.71
6570 166 -254.76 -72.29
6580 166 -229.13 -72.0
6590 166 -203.04 -72.0
6600 166 -178.09 -71.26
6610 166 -154.26 -69.79
6620 166 -130.44 -68.32
6630 166 -106.53 -66.72
6640 166 -81.84 -63.91
6650 166 -57.16 -61.09
6660 166 -32.47 -58.28
6670 166 -10.27 -55.23
6680 166 11.65 -52.15
6690 166 33.0 -50.14
6700 166 53.0 -50.62
6710 166 73.43 -51.93
6720 166 95.57 -56.57
6530 167 -357.0 -58.0
6540 167 -332.22 -54.96
6550 167 -307.43 -51.91
6560 167 -282.86 -48.59
6570 167 -258.38 -45.14
6580 167 -233.9 -41.69
6590 167 -209.0 -41.0
6600 167 -184.0 -41.0
6610 167 -159.0 -41.0
6620 167 -134.78 -42.11
6630 167 -111.07 -43.96
6640 167 -87.37 -45.81
6650 167 -65.71 -44.71
6660 167 -44.29 -43.29
6670 167 -21.57 -40.57
6680 167 1.48 -37.52
6690 167 23.91 -34.18
6700 167 45.73 -30.55
6710 167 67.36 -29.68
6720 167 88.56 -35.28
6540 132 -178.0 70.0
6550 132 -171.73 66.67
6560 132 -165.45 63.33
6570 132 -159.18 60.0
6580 132 -152.9 56.67
6590 132 -146.63 53.33
6600 132 -146.57 52.72
6610 132 -147.2 52.4
6620 132 -147.83 52.08
6630 132 -148.47 51.77
6640 132 -149.1 51.45
6650 132 -149.73 51.13
6660 132 -150.36 50.82
6670 132 -151.0 50.5
6680 132 -151.63 50.19
6690 132 -152.26 49.87
6700 132 -152.89 49.55
6710 132 -153.53 49.24
6720 132 -154.16 48.92
6730 132 -154.79 48.6
6570 168 342.5 -66.0
6580 168 317.5 -66.0
6590 168 292.61 -65.9
6600 168 268.74 -64.94
6610 168 244.87 -63.97
6620 168 221.0 -63.0
6630 168 195.44 -62.63
6640 168 169.89 -62.26
6650 168 145.38 -62.21
6660 168 123.31 -62.9
6670 168 101.24 -63.59
6680 168 78.48 -63.72
6690 168 54.69 -63.03
6700 168 30.9 -62.34
6710 168 7.14 -61.0
6720 168 -16.57 -59.0
6730 168 -40.29 -57.0
6740 168 -64.0 -55.0
6750 168 -85.32 -55.0
6760 168 -106.63 -55.0
6570 169 351.07 -92.79
6580 169 326.43 -91.71
6590 169 301.79 -90.64
6600 169 277.13 -89.75
6610 169 252.44 -89.13
6620 169 227.75 -88.5
6630 169 203.19 -87.81
6640 169 179.13 -86.88
6650 169 155.06 -85.94
6660 169 131.0 -85.0
6670 169 108.33 -86.33
6680 169 85.67 -87.67
6690 169 63.0 -89.0
6700 169 39.67 -87.0
6710 169 16.33 -85.0
6720 169 -7.0 -83.0
6730 169 -30.13 -83.63
6740 169 -53.25 -84.25
6750 169 -76.38 -84.88
6760 169 -97.89 -84.11
6580 170 -361.96 -80.7
6590 170 -332.39 -83.74
6600 170 -302.83 -86.78
6610 170 -275.6 -89.4
6620 170 -249.93 -91.73
6630 170 -224.27 -94.07
6640 170 -197.2 -96.4
6650 170 -169.2 -98.73
6660 170 -141.2 -101.07
6670 170 -112.96 -102.24
6680 170 -84.56 -102.64
6690 170 -56.59 -103.22
6700 170 -32.52 -105.44
6710 170 -8.44 -107.67
6720 170 16.29 -111.67
6730 170 42.0 -118.33
6740 170 64.58 -129.95
6750 170 79.84 -153.11
6760 170 91.2 -175.6
6770 170 96.7 -197.1
6580 171 -358.5 -102.58
6590 171 -333.5 -106.75
6600 171 -308.5 -110.92
6610 171 -283.68 -114.43
6620 171 -259.04 -117.29
6630 171 -234.39 -120.14
6640 171 -206.82 -121.82
6650 171 -178.0 -123.0
6660 171 -149.18 -124.18
6670 171 -121.64 -126.0
6680 171 -97.09 -129.33
6690 171 -72.55 -132.67
6700 171 -48.0 -136.0
6710 171 -28.0 -145.5
6720 171 -8.0 -155.0
6730 171 14.78 -168.33
6740 171 35.1 -181.0
6750 171 45.57 -191.0
6760 171 55.52 -200.91
6770 171 60.74 -210.04
6710 158 -160.84 27.44
6720 158 -161.13 27.69
6730 158 -161.43 27.94
6740 158 -161.72 28.19
6750 158 -162.01 28.44
6760 158 -162.31 28.69
6770 158 -162.6 28.94
6780 158 -162.89 29.19
6790 158 -163.18 29.44
6800 158 -163.48 29.69
6810 158 -163.77 29.95
6820 158 -164.06 30.2
6830 158 -164.36 30.45
6840 158 -164.65 30.7
6850 158 -164.94 30.95
6860 158 -164.33 30.83
6870 158 -163.5 30.63
6880 158 -162.67 30.42
6890 158 -161.83 30.21
6900 158 -161.0 30.0
6710 163 152.18 -23.36
6720 163 146.73 -22.45
6730 163 143.76 -21.92
6740 163 143.28 -21.76
6750 163 142.8 -21.6
6760 163 142.33 -21.44
6770 163 141.85 -21.28
6780 163 141.37 -21.12
6790 163 140.89 -20.96
6800 163 140.41 -20.8
6810 163 139.94 -20.65
6820 163 139.46 -20.49
6830 163 138.98 -20.33
6840 163 138.5 -20.17
6850 163 138.02 -20.01
6860 163 137.55 -19.85
6870 163 137.07 -19.69
6880 163 136.59 -19.53
6890 163 136.11 -19.37
6900 163 135.63 -19.21
6720 172 -343.55 -119.59
6730 172 -322.64 -122.77
6740 172 -301.79 -125.31
6750 172 -281.1 -126.34
6760 172 -260.41 -127.38
6770 172 -239.03 -128.14
6780 172 -216.62 -128.48
6790 172 -194.21 -128.83
6800 172 -172.53 -128.06
6810 172 -151.59 -126.19
6820 172 -130.66 -124.31
6830 172 -109.93 -122.28
6840 172 -89.72 -119.89
6850 172 -69.5 -117.5
6860 172 -49.28 -115.11
6870 172 -29.07 -112.72
6880 172 -10.29 -111.82
6890 172 7.87 -111.55
6900 172 26.03 -111.29
6910 172 44.18 -111.03
6740 133 -155.42 48.29
6750 133 -156.06 47.97
6760 133 -156.69 47.66
6770 133 -157.32 47.34
6780 133 -157.95 47.02
6790 133 -158.58 46.71
6800 133 -159.22 46.39
6810 133 -159.85 46.08
6820 133 -160.48 45.76
6830 133 -161.11 45.44
6840 133 -161.75 45.13
6850 133 -162.14 45.14
6860 133 -162.39 45.39
6870 133 -162.63 45.63
6880 133 -162.87 45.87
6890 133 -163.11 46.11
6900 133 -163.35 46.35
6910 133 -163.59 46.59
6920 133 -163.83 46.83
6930 133 -164.07 47.07
6740 173 -356.92 -86.19
6750 173 -337.69 -84.27
6760 173 -318.46 -82.35
6770 173 -300.0 -81.5
6780 173 -283.33 -83.17
6790 173 -266.67 -84.83
6800 173 -249.25 -96.25
6810 173 -231.75 -108.75
6820 173 -216.2 -117.8
6830 173 -199.2 -122.2
6840 173 -179.7 -120.2
6850 173 -159.7 -117.96
6860 173 -138.96 -115.37
6870 173 -118.22 -112.78
6880 173 -98.2 -109.8
6890 173 -78.49 -106.66
6900 173 -58.77 -103.51
6910 173 -39.05 -101.1
6920 173 -19.29 -101.59
6930 173 0.46 -102.07
6750 174 -348.13 -52.63
6760 174 -328.44 -54.19
6770 174 -308.75 -55.75
6780 174 -290.27 -57.36
6790 174 -276.64 -59.18
6800 174 -263.0 -61.0
6810 174 -248.88 -52.18
6820 174 -233.5 -45.5
6830 174 -215.17 -43.83
6840 174 -196.45 -43.68
6850 174 -177.36 -45.05
6860 174 -158.0 -47.22
6870 174 -138.0 -51.3
6880 174 -118.0 -55.37
6890 174 -97.14 -57.21
6900 174 -75.71 -57.57
6910 174 -54.29 -57.93
6920 174 -34.48 -58.24
6930 174 -15.09 -58.55
6940 174 4.3 -58.85
6880 175 353.38 -82.0
6890 175 327.23 -82.0
6900 175 301.08 -82.0
6910 175 275.83 -80.0
6920 175 251.5 -76.0
6930 175 227.17 -72.0
6940 175 204.29 -67.68
6950 175 182.86 -63.04
6960 175 161.43 -58.39
6970 175 139.25 -52.25
6980 175 116.75 -45.46
6990 175 94.25 -38.68
7000 175 70.59 -32.72
7010 175 46.79 -26.86
7020 175 23.0 -21.0
7030 175 3.0 -18.95
7040 175 -17.0 -16.9
7050 175 -37.0 -14.85
7060 175 -56.08 -13.33
7070 175 -66.92 -16.67
6880 177 363.43 -107.13
6890 177 338.65 -106.7
6900 177 313.87 -106.26
6910 177 289.07 -104.62
6920 177 264.24 -101.17
6930 177 239.41 -97.72
6940 177 216.86 -93.29
6950 177 196.57 -87.86
6960 177 176.29 -82.43
6970 177 156.0 -77.0
6980 177 136.83 -71.44
6990 177 117.67 -65.89
7000 177 98.5 -60.33
7010 177 77.56 -56.78
7020 177 53.94 -56.22
7030 177 30.33 -55.67
7040 177 6.72 -55.11
7050 177 -16.32 -53.71
7060 177 -39.23 -52.1
7070 177 -62.13 -50.48
6910 159 -160.17 29.79
6920 159 -159.33 29.58
6930 159 -158.5 29.38
6940 159 -157.67 29.17
6950 159 -156.83 28.96
6960 159 -156.0 28.75
6970 159 -155.17 28.54
6980 159 -154.33 28.33
6990 159 -153.5 28.13
7000 159 -153.63 28.0
7010 159 -155.19 28.0
7020 159 -156.75 28.0
7030 159 -158.31 28.0
7040 159 -159.88 28.0
7050 159 -161.44 28.0
7060 159 -163.0 28.0
7070 159 -164.56 28.0
7080 159 -166.13 28.0
7090 159 -167.69 28.0
7100 159 -169.25 28.0
6910 164 135.16 -19.05
6920 164 134.68 -18.89
6930 164 134.2 -18.73
6940 164 133.72 -18.57
6950 164 133.24 -18.41
6960 164 132.76 -18.25
6970 164 132.29 -18.1
6980 164 125.27 -15.64
6990 164 108.45 -9.73
7000 164 91.38 -3.69
7010 164 73.31 2.85
7020 164 55.23 9.38
7030 164 37.35 13.94
7040 164 19.61 17.16
7050 164 1.87 20.39
7060 164 -15.0 23.0
7070 164 -31.0 25.0
7080 164 -47.0 27.0
7090 164 -61.86 28.57
7100 164 -75.57 29.71
6940 134 -164.32 47.32
6950 134 -164.56 47.56
6960 134 -164.8 47.8
6970 134 -165.04 48.04
6980 134 -165.28 48.28
6990 134 -165.52 48.52
7000 134 -165.76 48.76
7010 134 -166.0 49.0
7020 134 -166.25 49.25
7030 134 -166.49 49.49
7040 134 -166.73 49.73
7050 134 -166.97 49.97
7060 134 -167.21 50.21
7070 134 -167.45 50.45
7080 134 -167.69 50.69
7090 134 -167.93 50.93
7100 134 -168.18 51.18
7110 134 -168.42 51.42
7120 134 -168.66 51.66
7130 134 -168.9 51.9
6940 182 361.48 49.16
6950 182 339.88 41.96
6960 182 318.28 34.76
6970 182 295.79 28.21
6980 182 269.71 24.29
6990 182 243.64 20.36
7000 182 217.19 17.7
7010 182 190.15 16.96
7020 182 163.11 16.22
7030 182 137.5 16.0
7040 182 112.5 16.0
7050 182 87.5 16.0
7060 182 63.79 13.43
7070 182 40.21 10.57
7080 182 16.32 7.57
7090 182 -10.46 3.29
7100 182 -37.25 -1.0
7110 182 -64.28 -3.76
7120 182 -91.88 -2.96
7130 182 -119.48 -2.16
7060 179 319.13 219.52
7070 179 316.96 200.83
7080 179 314.63 182.08
7090 179 310.88 162.92
7100 179 307.13 143.75
7110 179 299.23 125.17
7120 179 289.57 106.83
7130 179 279.9 88.5
7140 179 264.06 71.97
7150 179 245.58 56.21
7160 179 227.09 40.45
7170 179 205.69 28.23
7180 179 179.92 21.31
7190 179 154.15 14.38
7200 179 126.66 13.83
7210 179 98.72 14.86
7220 179 70.79 15.9
7230 179 43.0 15.33
7240 179 15.22 14.59
7250 179 -12.03 14.23
7080 176 -77.75 -20.0
7090 176 -85.52 -22.58
7100 176 -91.97 -24.84
7110 176 -98.42 -27.1
7120 176 -109.57 -26.57
7130 176 -123.86 -24.19
7140 176 -138.69 -20.88
7150 176 -154.08 -16.65
7160 176 -169.46 -12.42
7170 176 -177.48 -8.4
7180 176 -184.68 -4.4
7190 176 -193.97 -0.16
7200 176 -206.41 4.43
7210 176 -218.84 9.03
7220 176 -231.27 13.62
7230 176 -242.0 18.06
7240 176 -252.0 22.44
7250 176 -262.0 26.81
7260 176 -273.71 32.57
7270 176 -287.14 39.71
7080 178 -82.77 -47.2
7090 178 -102.43 -43.2
7100 178 -122.1 -39.2
7110 178 -133.88 -36.6
7120 178 -142.28 -34.6
7130 178 -149.86 -33.43
7140 178 -154.14 -35.57
7150 178 -158.43 -37.71
7160 178 -163.48 -38.03
7170 178 -169.69 -35.62
7180 178 -175.9 -33.21
7190 178 -184.66 -30.03
7200 178 -195.97 -26.08
7210 178 -207.29 -22.13
7220 178 -218.61 -18.18
7230 178 -233.41 -10.52
7240 178 -249.7 -1.26
7250 178 -266.0 8.0
7260 178 -282.13 14.13
7270 178 -298.26 20.26
7110 160 -170.81 28.0
7120 160 -172.38 28.0
7130 160 -176.0 29.4
7140 160 -181.0 31.73
7150 160 -186.0 34.07
7160 160 -189.64 37.18
7170 160 -192.36 40.82
7180 160 -195.09 44.45
7190 160 -196.6 47.93
7200 160 -195.27 51.04
7210 160 -193.93 54.16
7220 160 -192.6 57.27
7230 160 -191.27 60.38
7240 160 -192.27 60.62
7250 160 -193.86 60.14
7260 160 -195.44 59.67
7270 160 -197.03 59.19
7280 160 -198.62 58.71
7290 160 -200.21 58.24
7300 160 -205.05 56.81
7110 165 -89.29 30.86
7120 165 -103.0 32.0
7130 165 -110.5 32.42
7140 165 -118.0 32.83
7150 165 -123.67 32.56
7160 165 -128.11 31.81
7170 165 -132.56 31.07
7180 165 -136.0 30.65
7190 165 -139.33 30.25
7200 165 -142.67 29.86
7210 165 -146.0 29.47
7220 165 -149.33 29.08
7230 165 -157.2 26.87
7240 165 -166.2 24.2
7250 165 -175.2 21.53
7260 165 -185.0 21.28
7270 165 -195.0 21.62
7280 165 -205.0 21.97
7290 165 -215.26 23.54
7300 165 -225.54 25.26
7140 135 -169.14 52.14
7150 135 -169.38 52.38
7160 135 -169.62 52.62
7170 135 -169.86 52.86
7180 135 -170.11 53.11
7190 135 -170.35 53.35
7200 135 -170.59 53.59
7210 135 -170.83 53.83
7220 135 -171.07 54.07
7230 135 -171.31 54.31
7240 135 -171.55 54.55
7250 135 -171.79 54.79
7260 135 -172.04 55.04
7270 135 -172.28 55.28
7280 135 -172.52 55.52
7290 135 -172.76 55.76
7300 135 -173.0 56.0
7310 135 -177.42 56.77
7320 135 -181.85 57.54
7330 135 -186.27 58.31
7170 181 -354.97 78.19
7180 181 -346.9 66.58
7190 181 -338.84 54.97
7200 181 -330.3 41.78
7210 181 -321.04 26.22
7220 181 -311.78 10.67
7230 181 -300.19 -5.67
7240 181 -287.59 -22.33
7250 181 -275.0 -39.0
7260 181 -253.97 -47.97
7270 181 -232.93 -56.93
7280 181 -211.24 -65.32
7290 181 -183.64 -68.52
7300 181 -156.04 -71.72
7310 181 -127.6 -75.0
7320 181 -98.6 -78.33
7330 181 -69.6 -81.67
7340 181 -41.0 -85.4
7350 181 -12.67 -89.4
7360 181 15.67 -93.4
7220 183 -363.4 -3.6
7230 183 -345.4 -21.6
7240 183 -327.4 -39.6
7250 183 -308.0 -53.75
7260 183 -288.0 -66.25
7270 183 -265.75 -76.93
7280 183 -238.25 -83.36
7290 183 -210.75 -89.79
7300 183 -181.81 -94.85
7310 183 -151.44 -98.56
7320 183 -121.07 -102.26
7330 183 -91.77 -105.32
7340 183 -62.74 -108.23
7350 183 -33.71 -111.13
7360 183 -3.28 -115.38
7370 183 27.76 -120.21
7380 183 58.79 -125.03
7390 183 90.87 -127.33
7400 183 123.2 -129.0
7410 183 155.53 -130.67
7250 184 -356.78 -94.74
7260 184 -334.61 -92.13
7270 184 -312.43 -89.52
7280 184 -289.67 -82.33
7290 184 -266.75 -74.0
7300 184 -241.17 -67.67
7310 184 -211.58 -64.33
7320 184 -182.0 -61.0
7330 184 -154.14 -60.64
7340 184 -126.29 -60.29
7350 184 -98.93 -60.87
7360 184 -73.6 -65.2
7370 184 -48.27 -69.53
7380 184 -22.87 -74.04
7390 184 2.78 -79.26
7400 184 28.43 -84.48
7410 184 57.36 -88.86
7420 184 86.64 -93.14
7430 184 116.0 -97.03
7440 184 146.0 -97.38
7260 180 -37.17 15.37
7270 180 -62.31 16.51
7280 180 -87.46 17.66
7290 180 -112.28 16.69
7300 180 -136.97 14.81
7310 180 -161.66 12.94
7320 180 -184.14 12.28
7330 180 -204.42 12.83
7340 180 -224.69 13.39
7350 180 -244.97 13.94
7360 180 -258.38 20.09
7370 180 -271.03 26.85
7380 180 -283.68 33.62
7390 180 -295.14 40.38
7400 180 -305.41 47.14
7410 180 -315.68 53.89
7420 180 -325.95 60.65
7430 180 -332.5 67.17
7440 180 -338.13 73.63
7450 180 -343.75 80.08
7290 185 347.04 -109.56
7300 185 314.64 -105.96
7310 185 282.24 -102.36
7320 185 251.31 -98.54
7330 185 220.54 -94.69
7340 185 190.12 -89.6
7350 185 160.52 -81.6
7360 185 130.92 -73.6
7370 185 104.48 -66.43
7380 185 78.83 -59.48
7390 185 51.69 -55.48
7400 185 23.07 -54.45
7410 185 -5.55 -53.41
7420 185 -34.11 -53.44
7430 185 -62.63 -54.19
7440 185 -91.15 -54.93
7450 185 -120.71 -55.87
7460 185 -150.39 -56.84
7470 185 -180.06 -57.81
7480 185 -208.71 -60.58