0.000000 1.000000 0.295000 8.091000
10.000000 1.000000 1.031000 7.852000
20.000000 1.000000 1.768000 7.613000
30.000000 1.000000 2.515000 7.364000
40.000000 1.000000 3.279000 7.099000
50.000000 1.000000 4.043000 6.834000
60.000000 1.000000 4.851000 6.618000
70.000000 1.000000 5.677000 6.424000
80.000000 1.000000 6.186833 6.179000
90.000000 1.000000 6.923333 5.940000
100.000000 1.000000 7.659833 5.701000
110.000000 1.000000 8.396333 5.462000
120.000000 1.000000 9.132833 5.223000
130.000000 1.000000 9.869333 4.984000
140.000000 1.000000 10.605833 4.745000
150.000000 1.000000 11.342333 4.506000
160.000000 1.000000 12.078833 4.267000
170.000000 1.000000 12.815333 4.028000
180.000000 1.000000 13.551833 3.789000
190.000000 1.000000 14.288333 3.550000
10.000000 2.000000 0.279000 9.989000
20.000000 2.000000 1.064000 9.859000
30.000000 2.000000 1.848000 9.729000
40.000000 2.000000 2.611000 9.567000
50.000000 2.000000 3.363000 9.393000
60.000000 2.000000 4.112000 9.202000
70.000000 2.000000 4.821000 8.857000
80.000000 2.000000 5.531000 8.512000
90.000000 2.000000 6.555167 8.949000
100.000000 2.000000 7.339667 8.819000
110.000000 2.000000 8.124167 8.689000
120.000000 2.000000 8.908667 8.559000
130.000000 2.000000 9.693167 8.429000
140.000000 2.000000 10.477667 8.299000
150.000000 2.000000 11.262167 8.169000
160.000000 2.000000 12.046667 8.039000
170.000000 2.000000 12.831167 7.909000
180.000000 2.000000 13.615667 7.779000
190.000000 2.000000 14.400167 7.649000
200.000000 2.000000 15.184667 7.519000
230.000000 4.000000 15.294000 9.097000
240.000000 4.000000 14.615000 9.162000
250.000000 4.000000 13.936000 9.228000
260.000000 4.000000 13.240000 9.338000
270.000000 4.000000 12.529000 9.495000
280.000000 4.000000 11.818000 9.651000
290.000000 4.000000 11.139000 9.851000
300.000000 4.000000 10.483000 10.080000
310.000000 4.000000 9.862000 9.620833
320.000000 4.000000 9.183000 9.686333
330.000000 4.000000 8.504000 9.751833
340.000000 4.000000 7.825000 9.817333
350.000000 4.000000 7.146000 9.882833
360.000000 4.000000 6.467000 9.948333
370.000000 4.000000 5.788000 10.013833
380.000000 4.000000 5.109000 10.079333
390.000000 4.000000 4.430000 10.144833
400.000000 4.000000 3.751000 10.210333
410.000000 4.000000 3.072000 10.275833
420.000000 4.000000 2.393000 10.341333
240.000000 5.000000 15.042000 8.569000
250.000000 5.000000 14.351000 8.580000
260.000000 5.000000 13.659000 8.592000
270.000000 5.000000 12.948000 8.773000
280.000000 5.000000 12.237000 8.954000
290.000000 5.000000 11.525000 9.134000
300.000000 5.000000 10.804000 9.309000
310.000000 5.000000 10.084000 9.483000
320.000000 5.000000 9.510167 8.660833
330.000000 5.000000 8.818667 8.672333
340.000000 5.000000 8.127167 8.683833
350.000000 5.000000 7.435667 8.695333
360.000000 5.000000 6.744167 8.706833
370.000000 5.000000 6.052667 8.718333
380.000000 5.000000 5.361167 8.729833
390.000000 5.000000 4.669667 8.741333
400.000000 5.000000 3.978167 8.752833
410.000000 5.000000 3.286667 8.764333
420.000000 5.000000 2.595167 8.775833
430.000000 5.000000 1.903667 8.787333
500.000000 6.000000 15.005000 9.014000
510.000000 6.000000 14.576000 8.981000
520.000000 6.000000 14.148000 8.946000
530.000000 6.000000 13.712000 8.922000
540.000000 6.000000 13.265000 8.912000
550.000000 6.000000 12.817000 8.902000
560.000000 6.000000 12.329000 9.004000
570.000000 6.000000 11.840000 9.107000
580.000000 6.000000 11.576833 8.742333
590.000000 6.000000 11.148333 8.708333
600.000000 6.000000 10.719833 8.674333
610.000000 6.000000 10.291333 8.640333
620.000000 6.000000 9.862833 8.606333
630.000000 6.000000 9.434333 8.572333
640.000000 6.000000 9.005833 8.538333
650.000000 6.000000 8.577333 8.504333
660.000000 6.000000 8.148833 8.470333
670.000000 6.000000 7.720333 8.436333
680.000000 6.000000 7.291833 8.402333
690.000000 6.000000 6.863333 8.368333
610.000000 7.000000 11.282000 8.098000
620.000000 7.000000 10.821000 8.258000
630.000000 7.000000 10.393000 8.445000
640.000000 7.000000 10.014000 8.676000
650.000000 7.000000 9.635000 8.907000
660.000000 7.000000 9.253000 9.150000
670.000000 7.000000 8.865000 9.411000
680.000000 7.000000 8.476000 9.672000
690.000000 7.000000 7.720500 9.481500
700.000000 7.000000 7.276000 9.655000
710.000000 7.000000 6.831500 9.828500
720.000000 7.000000 6.387000 10.002000
730.000000 7.000000 5.942500 10.175500
740.000000 7.000000 5.498000 10.349000
750.000000 7.000000 5.053500 10.522500
760.000000 7.000000 4.609000 10.696000
770.000000 7.000000 4.164500 10.869500
780.000000 7.000000 3.720000 11.043000
790.000000 7.000000 3.275500 11.216500
800.000000 7.000000 2.831000 11.390000
610.000000 8.000000 0.183000 11.741000
620.000000 8.000000 0.780000 11.617000
630.000000 8.000000 1.378000 11.493000
640.000000 8.000000 1.969000 11.410000
650.000000 8.000000 2.557000 11.344000
660.000000 8.000000 3.145000 11.278000
670.000000 8.000000 3.740000 11.234000
680.000000 8.000000 4.338000 11.196000
690.000000 8.000000 4.962833 10.749000
700.000000 8.000000 5.560333 10.625000
710.000000 8.000000 6.157833 10.501000
720.000000 8.000000 6.755333 10.377000
730.000000 8.000000 7.352833 10.253000
740.000000 8.000000 7.950333 10.129000
750.000000 8.000000 8.547833 10.005000
760.000000 8.000000 9.145333 9.881000
770.000000 8.000000 9.742833 9.757000
780.000000 8.000000 10.340333 9.633000
790.000000 8.000000 10.937833 9.509000
800.000000 8.000000 11.535333 9.385000
680.000000 9.000000 15.115000 9.127000
690.000000 9.000000 14.450000 9.261000
700.000000 9.000000 13.785000 9.395000
710.000000 9.000000 13.126000 9.534000
720.000000 9.000000 12.479000 9.681000
730.000000 9.000000 11.831000 9.827000
740.000000 9.000000 11.164000 9.893000
750.000000 9.000000 10.493000 9.939000
760.000000 9.000000 9.795000 10.199000
770.000000 9.000000 9.130000 10.333000
780.000000 9.000000 8.465000 10.467000
790.000000 9.000000 7.800000 10.601000
800.000000 9.000000 7.135000 10.735000
810.000000 9.000000 6.470000 10.869000
820.000000 9.000000 5.805000 11.003000
830.000000 9.000000 5.140000 11.137000
840.000000 9.000000 4.475000 11.271000
850.000000 9.000000 3.810000 11.405000
860.000000 9.000000 3.145000 11.539000
870.000000 9.000000 2.480000 11.673000
680.000000 10.000000 15.159000 8.389000
690.000000 10.000000 14.472000 8.508000
700.000000 10.000000 13.784000 8.628000
710.000000 10.000000 13.097000 8.747000
720.000000 10.000000 12.438000 8.846000
730.000000 10.000000 11.784000 8.944000
740.000000 10.000000 11.122000 9.037000
750.000000 10.000000 10.435000 9.117000
760.000000 10.000000 9.659167 9.344833
770.000000 10.000000 8.971667 9.464333
780.000000 10.000000 8.284167 9.583833
790.000000 10.000000 7.596667 9.703333
800.000000 10.000000 6.909167 9.822833
810.000000 10.000000 6.221667 9.942333
820.000000 10.000000 5.534167 10.061833
830.000000 10.000000 4.846667 10.181333
840.000000 10.000000 4.159167 10.300833
850.000000 10.000000 3.471667 10.420333
860.000000 10.000000 2.784167 10.539833
870.000000 10.000000 2.096667 10.659333
680.000000 12.000000 10.430000 6.345000
690.000000 12.000000 10.264000 6.005000
700.000000 12.000000 10.099000 5.665000
710.000000 12.000000 9.933000 5.325000
720.000000 12.000000 9.741000 4.920000
730.000000 12.000000 9.524000 4.451000
740.000000 12.000000 9.306000 3.982000
750.000000 12.000000 9.122000 3.556000
760.000000 12.000000 9.105833 3.625000
770.000000 12.000000 8.940333 3.285000
780.000000 12.000000 8.774833 2.945000
790.000000 12.000000 8.609333 2.605000
800.000000 12.000000 8.443833 2.265000
810.000000 12.000000 8.278333 1.925000
820.000000 12.000000 8.112833 1.585000
830.000000 12.000000 7.947333 1.245000
840.000000 12.000000 7.781833 0.905000
850.000000 12.000000 7.616333 0.565000
860.000000 12.000000 7.450833 0.225000
870.000000 12.000000 7.285333 -0.115000
750.000000 11.000000 0.088000 7.704000
760.000000 11.000000 0.636000 7.441000
770.000000 11.000000 1.183000 7.179000
780.000000 11.000000 1.733000 6.910000
790.000000 11.000000 2.297000 6.618000
800.000000 11.000000 2.860000 6.325000
810.000000 11.000000 3.427000 6.039000
820.000000 11.000000 4.023000 5.807000
830.000000 11.000000 4.468167 5.603833
840.000000 11.000000 5.015667 5.341333
850.000000 11.000000 5.563167 5.078833
860.000000 11.000000 6.110667 4.816333
870.000000 11.000000 6.658167 4.553833
880.000000 11.000000 7.205667 4.291333
890.000000 11.000000 7.753167 4.028833
900.000000 11.000000 8.300667 3.766333
910.000000 11.000000 8.848167 3.503833
920.000000 11.000000 9.395667 3.241333
930.000000 11.000000 9.943167 2.978833
940.000000 11.000000 10.490667 2.716333
890.000000 13.000000 15.111000 8.759000
900.000000 13.000000 14.495000 8.776000
910.000000 13.000000 13.879000 8.793000
920.000000 13.000000 13.255000 8.833000
930.000000 13.000000 12.602000 8.965000
940.000000 13.000000 11.949000 9.096000
950.000000 13.000000 11.298000 9.246000
960.000000 13.000000 10.653000 9.439000
970.000000 13.000000 10.183000 8.895000
980.000000 13.000000 9.567000 8.912000
990.000000 13.000000 8.951000 8.929000
1000.000000 13.000000 8.335000 8.946000
1010.000000 13.000000 7.719000 8.963000
1020.000000 13.000000 7.103000 8.980000
1030.000000 13.000000 6.487000 8.997000
1040.000000 13.000000 5.871000 9.014000
1050.000000 13.000000 5.255000 9.031000
1060.000000 13.000000 4.639000 9.048000
1070.000000 13.000000 4.023000 9.065000
1080.000000 13.000000 3.407000 9.082000
1130.000000 18.000000 15.426000 8.393000
1140.000000 18.000000 14.639000 8.472000
1150.000000 18.000000 13.852000 8.552000
1160.000000 18.000000 13.064000 8.632000
1170.000000 18.000000 12.270000 8.799000
1180.000000 18.000000 11.475000 8.975000
1190.000000 18.000000 10.682000 9.135000
1200.000000 18.000000 9.898000 9.225000
1210.000000 18.000000 9.130000 9.028833
1220.000000 18.000000 8.343000 9.108333
1230.000000 18.000000 7.556000 9.187833
1240.000000 18.000000 6.769000 9.267333
1250.000000 18.000000 5.982000 9.346833
1260.000000 18.000000 5.195000 9.426333
1270.000000 18.000000 4.408000 9.505833
1280.000000 18.000000 3.621000 9.585333
1290.000000 18.000000 2.834000 9.664833
1300.000000 18.000000 2.047000 9.744333
1310.000000 18.000000 1.260000 9.823833
1320.000000 18.000000 0.473000 9.903333
1140.000000 21.000000 1.136000 7.652000
1150.000000 21.000000 1.552000 7.805000
1160.000000 21.000000 1.967000 7.958000
1170.000000 21.000000 2.383000 8.111000
1180.000000 21.000000 2.813000 8.267000
1190.000000 21.000000 3.304000 8.434000
1200.000000 21.000000 3.795000 8.601000
1210.000000 21.000000 4.281000 8.754000
1220.000000 21.000000 4.460167 8.876000
1230.000000 21.000000 4.875667 9.029000
1240.000000 21.000000 5.291167 9.182000
1250.000000 21.000000 5.706667 9.335000
1260.000000 21.000000 6.122167 9.488000
1270.000000 21.000000 6.537667 9.641000
1280.000000 21.000000 6.953167 9.794000
1290.000000 21.000000 7.368667 9.947000
1300.000000 21.000000 7.784167 10.100000
1310.000000 21.000000 8.199667 10.253000
1320.000000 21.000000 8.615167 10.406000
1330.000000 21.000000 9.030667 10.559000
1160.000000 19.000000 12.242000 7.491000
1170.000000 19.000000 11.891000 7.520000
1180.000000 19.000000 11.540000 7.549000
1190.000000 19.000000 11.190000 7.578000
1200.000000 19.000000 10.763000 7.634000
1210.000000 19.000000 10.285000 7.707000
1220.000000 19.000000 9.808000 7.780000
1230.000000 19.000000 9.168000 7.962000
1240.000000 19.000000 9.434000 7.723000
1250.000000 19.000000 9.083000 7.752000
1260.000000 19.000000 8.732000 7.781000
1270.000000 19.000000 8.381000 7.810000
1280.000000 19.000000 8.030000 7.839000
1290.000000 19.000000 7.679000 7.868000
1300.000000 19.000000 7.328000 7.897000
1310.000000 19.000000 6.977000 7.926000
1320.000000 19.000000 6.626000 7.955000
1330.000000 19.000000 6.275000 7.984000
1340.000000 19.000000 5.924000 8.013000
1350.000000 19.000000 5.573000 8.042000
1200.000000 20.000000 11.991000 8.161000
1210.000000 20.000000 11.435000 8.276000
1220.000000 20.000000 10.879000 8.390000
1230.000000 20.000000 10.358000 8.493000
1240.000000 20.000000 9.851000 8.590000
1250.000000 20.000000 9.345000 8.687000
1260.000000 20.000000 8.766000 8.735000
1270.000000 20.000000 8.187000 8.783000
1280.000000 20.000000 7.543000 9.077167
1290.000000 20.000000 6.987000 9.191667
1300.000000 20.000000 6.431000 9.306167
1310.000000 20.000000 5.875000 9.420667
1320.000000 20.000000 5.319000 9.535167
1330.000000 20.000000 4.763000 9.649667
1340.000000 20.000000 4.207000 9.764167
1350.000000 20.000000 3.651000 9.878667
1360.000000 20.000000 3.095000 9.993167
1370.000000 20.000000 2.539000 10.107667
1380.000000 20.000000 1.983000 10.222167
1390.000000 20.000000 1.427000 10.336667
1230.000000 25.000000 3.849000 4.590000
1240.000000 25.000000 4.039000 4.668000
1250.000000 25.000000 4.229000 4.747000
1260.000000 25.000000 4.419000 4.825000
1270.000000 25.000000 4.609000 4.903000
1280.000000 25.000000 4.798000 4.981000
1290.000000 25.000000 4.988000 5.060000
1300.000000 25.000000 5.225000 5.100000
1310.000000 25.000000 5.369000 5.217833
1320.000000 25.000000 5.559000 5.296333
1330.000000 25.000000 5.749000 5.374833
1340.000000 25.000000 5.939000 5.453333
1350.000000 25.000000 6.129000 5.531833
1360.000000 25.000000 6.319000 5.610333
1370.000000 25.000000 6.509000 5.688833
1380.000000 25.000000 6.699000 5.767333
1390.000000 25.000000 6.889000 5.845833
1400.000000 25.000000 7.079000 5.924333
1410.000000 25.000000 7.269000 6.002833
1420.000000 25.000000 7.459000 6.081333
1310.000000 22.000000 14.781000 5.883000
1320.000000 22.000000 14.322000 5.852000
1330.000000 22.000000 13.863000 5.821000
1340.000000 22.000000 13.405000 5.791000
1350.000000 22.000000 12.965000 5.789000
1360.000000 22.000000 12.544000 5.817000
1370.000000 22.000000 12.123000 5.845000
1380.000000 22.000000 11.702000 5.873000
1390.000000 22.000000 11.109000 5.635000
1400.000000 22.000000 10.650000 5.604000
1410.000000 22.000000 10.191000 5.573000
1420.000000 22.000000 9.732000 5.542000
1430.000000 22.000000 9.273000 5.511000
1440.000000 22.000000 8.814000 5.480000
1450.000000 22.000000 8.355000 5.449000
1460.000000 22.000000 7.896000 5.418000
1470.000000 22.000000 7.437000 5.387000
1480.000000 22.000000 6.978000 5.356000
1490.000000 22.000000 6.519000 5.325000
1500.000000 22.000000 6.060000 5.294000
1310.000000 23.000000 14.939000 5.155000
1320.000000 23.000000 14.500000 5.155000
1330.000000 23.000000 14.060000 5.155000
1340.000000 23.000000 13.621000 5.155000
1350.000000 23.000000 13.176000 5.166000
1360.000000 23.000000 12.731000 5.180000
1370.000000 23.000000 12.285000 5.194000
1380.000000 23.000000 11.849000 5.189000
1390.000000 23.000000 11.423167 5.155000
1400.000000 23.000000 10.983667 5.155000
1410.000000 23.000000 10.544167 5.155000
1420.000000 23.000000 10.104667 5.155000
1430.000000 23.000000 9.665167 5.155000
1440.000000 23.000000 9.225667 5.155000
1450.000000 23.000000 8.786167 5.155000
1460.000000 23.000000 8.346667 5.155000
1470.000000 23.000000 7.907167 5.155000
1480.000000 23.000000 7.467667 5.155000
1490.000000 23.000000 7.028167 5.155000
1500.000000 23.000000 6.588667 5.155000
1310.000000 24.000000 14.936000 4.413000
1320.000000 24.000000 14.479000 4.399000
1330.000000 24.000000 14.022000 4.385000
1340.000000 24.000000 13.565000 4.372000
1350.000000 24.000000 13.126000 4.347000
1360.000000 24.000000 12.695000 4.318000
1370.000000 24.000000 12.263000 4.289000
1380.000000 24.000000 11.832000 4.260000
1390.000000 24.000000 11.280000 4.301000
1400.000000 24.000000 10.823000 4.287000
1410.000000 24.000000 10.366000 4.273000
1420.000000 24.000000 9.909000 4.259000
1430.000000 24.000000 9.452000 4.245000
1440.000000 24.000000 8.995000 4.231000
1450.000000 24.000000 8.538000 4.217000
1460.000000 24.000000 8.081000 4.203000
1470.000000 24.000000 7.624000 4.189000
1480.000000 24.000000 7.167000 4.175000
1490.000000 24.000000 6.710000 4.161000
1500.000000 24.000000 6.253000 4.147000
1370.000000 27.000000 6.367000 0.491000
1380.000000 27.000000 6.390000 1.139000
1390.000000 27.000000 6.412000 1.787000
1400.000000 27.000000 6.428000 2.382000
1410.000000 27.000000 6.440000 2.955000
1420.000000 27.000000 6.452000 3.527000
1430.000000 27.000000 6.461000 4.085000
1440.000000 27.000000 6.461000 4.580000
1450.000000 27.000000 6.547167 5.675000
1460.000000 27.000000 6.569667 6.323000
1470.000000 27.000000 6.592167 6.971000
1480.000000 27.000000 6.614667 7.619000
1490.000000 27.000000 6.637167 8.267000
1500.000000 27.000000 6.659667 8.915000
1510.000000 27.000000 6.682167 9.563000
1520.000000 27.000000 6.704667 10.211000
1530.000000 27.000000 6.727167 10.859000
1540.000000 27.000000 6.749667 11.507000
1550.000000 27.000000 6.772167 12.155000
1560.000000 27.000000 6.794667 12.803000
1430.000000 26.000000 8.171000 6.327000
1440.000000 26.000000 8.321000 6.402000
1450.000000 26.000000 8.470000 6.478000
1460.000000 26.000000 8.611000 6.546000
1470.000000 26.000000 8.743000 6.607000
1480.000000 26.000000 8.875000 6.668000
1490.000000 26.000000 9.007000 6.729000
1500.000000 26.000000 9.101000 6.781000
1510.000000 26.000000 9.367167 6.930833
1520.000000 26.000000 9.516667 7.006333
1530.000000 26.000000 9.666167 7.081833
1540.000000 26.000000 9.815667 7.157333
1550.000000 26.000000 9.965167 7.232833
1560.000000 26.000000 10.114667 7.308333
1570.000000 26.000000 10.264167 7.383833
1580.000000 26.000000 10.413667 7.459333
1590.000000 26.000000 10.563167 7.534833
1600.000000 26.000000 10.712667 7.610333
1610.000000 26.000000 10.862167 7.685833
1620.000000 26.000000 11.011667 7.761333
1560.000000 28.000000 9.766000 9.217000
1570.000000 28.000000 9.769000 9.169000
1580.000000 28.000000 9.771000 9.120000
1590.000000 28.000000 9.774000 9.072000
1600.000000 28.000000 9.776000 9.024000
1610.000000 28.000000 9.778000 8.976000
1620.000000 28.000000 9.781000 8.927000
1630.000000 28.000000 9.783000 8.879000
1640.000000 28.000000 9.786167 8.829167
1650.000000 28.000000 9.788667 8.780667
1660.000000 28.000000 9.791167 8.732167
1670.000000 28.000000 9.793667 8.683667
1680.000000 28.000000 9.796167 8.635167
1690.000000 28.000000 9.798667 8.586667
1700.000000 28.000000 9.801167 8.538167
1710.000000 28.000000 9.803667 8.489667
1720.000000 28.000000 9.806167 8.441167
1730.000000 28.000000 9.808667 8.392667
1740.000000 28.000000 9.811167 8.344167
1750.000000 28.000000 9.813667 8.295667
1560.000000 29.000000 0.844000 7.509000
1570.000000 29.000000 1.049000 7.352000
1580.000000 29.000000 1.254000 7.195000
1590.000000 29.000000 1.459000 7.038000
1600.000000 29.000000 1.664000 6.881000
1610.000000 29.000000 1.967000 6.760000
1620.000000 29.000000 2.295000 6.647000
1630.000000 29.000000 2.623000 6.535000
1640.000000 29.000000 2.484000 6.253000
1650.000000 29.000000 2.689000 6.096000
1660.000000 29.000000 2.894000 5.939000
1670.000000 29.000000 3.099000 5.782000
1680.000000 29.000000 3.304000 5.625000
1690.000000 29.000000 3.509000 5.468000
1700.000000 29.000000 3.714000 5.311000
1710.000000 29.000000 3.919000 5.154000
1720.000000 29.000000 4.124000 4.997000
1730.000000 29.000000 4.329000 4.840000
1740.000000 29.000000 4.534000 4.683000
1750.000000 29.000000 4.739000 4.526000
1780.000000 30.000000 12.813000 9.162000
1790.000000 30.000000 12.238000 9.393000
1800.000000 30.000000 11.663000 9.623000
1810.000000 30.000000 11.091000 9.861000
1820.000000 30.000000 10.527000 10.115000
1830.000000 30.000000 9.964000 10.369000
1840.000000 30.000000 9.398000 10.622000
1850.000000 30.000000 8.823000 10.869000
1860.000000 30.000000 8.213000 11.006167
1870.000000 30.000000 7.638000 11.236667
1880.000000 30.000000 7.063000 11.467167
1890.000000 30.000000 6.488000 11.697667
1900.000000 30.000000 5.913000 11.928167
1910.000000 30.000000 5.338000 12.158667
1920.000000 30.000000 4.763000 12.389167
1930.000000 30.000000 4.188000 12.619667
1940.000000 30.000000 3.613000 12.850167
1950.000000 30.000000 3.038000 13.080667
1960.000000 30.000000 2.463000 13.311167
1970.000000 30.000000 1.888000 13.541667
1780.000000 31.000000 1.784000 11.060000
1790.000000 31.000000 2.400000 10.857000
1800.000000 31.000000 3.016000 10.654000
1810.000000 31.000000 3.591000 10.450000
1820.000000 31.000000 4.140000 10.245000
1830.000000 31.000000 4.689000 10.041000
1840.000000 31.000000 5.321000 9.899000
1850.000000 31.000000 5.975000 9.774000
1860.000000 31.000000 6.712000 9.436000
1870.000000 31.000000 7.328000 9.233000
1880.000000 31.000000 7.944000 9.030000
1890.000000 31.000000 8.560000 8.827000
1900.000000 31.000000 9.176000 8.624000
1910.000000 31.000000 9.792000 8.421000
1920.000000 31.000000 10.408000 8.218000
1930.000000 31.000000 11.024000 8.015000
1940.000000 31.000000 11.640000 7.812000
1950.000000 31.000000 12.256000 7.609000
1960.000000 31.000000 12.872000 7.406000
1970.000000 31.000000 13.488000 7.203000
2040.000000 33.000000 0.146000 10.352000
2050.000000 33.000000 0.763000 10.294000
2060.000000 33.000000 1.380000 10.237000
2070.000000 33.000000 1.996000 10.154000
2080.000000 33.000000 2.613000 9.974000
2090.000000 33.000000 3.230000 9.792000
2100.000000 33.000000 3.825000 9.619000
2110.000000 33.000000 4.370000 9.462000
2120.000000 33.000000 5.082000 9.891833
2130.000000 33.000000 5.699000 9.834333
2140.000000 33.000000 6.316000 9.776833
2150.000000 33.000000 6.933000 9.719333
2160.000000 33.000000 7.550000 9.661833
2170.000000 33.000000 8.167000 9.604333
2180.000000 33.000000 8.784000 9.546833
2190.000000 33.000000 9.401000 9.489333
2200.000000 33.000000 10.018000 9.431833
2210.000000 33.000000 10.635000 9.374333
2220.000000 33.000000 11.252000 9.316833
2230.000000 33.000000 11.869000 9.259333
2110.000000 35.000000 0.182000 8.361000
2120.000000 35.000000 0.638000 8.321000
2130.000000 35.000000 1.094000 8.281000
2140.000000 35.000000 1.560000 8.228000
2150.000000 35.000000 2.040000 8.153000
2160.000000 35.000000 2.520000 8.079000
2170.000000 35.000000 2.993000 8.024000
2180.000000 35.000000 3.437000 8.050000
2190.000000 35.000000 3.830000 8.041000
2200.000000 35.000000 4.286000 8.001000
2210.000000 35.000000 4.742000 7.961000
2220.000000 35.000000 5.198000 7.921000
2230.000000 35.000000 5.654000 7.881000
2240.000000 35.000000 6.110000 7.841000
2250.000000 35.000000 6.566000 7.801000
2260.000000 35.000000 7.022000 7.761000
2270.000000 35.000000 7.478000 7.721000
2280.000000 35.000000 7.934000 7.681000
2290.000000 35.000000 8.390000 7.641000
2300.000000 35.000000 8.846000 7.601000
2150.000000 36.000000 14.859000 6.125000
2160.000000 36.000000 14.227000 6.202000
2170.000000 36.000000 13.596000 6.278000
2180.000000 36.000000 12.975000 6.344000
2190.000000 36.000000 12.369000 6.391000
2200.000000 36.000000 11.762000 6.439000
2210.000000 36.000000 11.103000 6.487000
2220.000000 36.000000 10.438000 6.535000
2230.000000 36.000000 9.806833 6.737167
2240.000000 36.000000 9.175333 6.813667
2250.000000 36.000000 8.543833 6.890167
2260.000000 36.000000 7.912333 6.966667
2270.000000 36.000000 7.280833 7.043167
2280.000000 36.000000 6.649333 7.119667
2290.000000 36.000000 6.017833 7.196167
2300.000000 36.000000 5.386333 7.272667
2310.000000 36.000000 4.754833 7.349167
2320.000000 36.000000 4.123333 7.425667
2330.000000 36.000000 3.491833 7.502167
2340.000000 36.000000 2.860333 7.578667
2200.000000 37.000000 6.003000 12.440000
2210.000000 37.000000 6.024000 12.111000
2220.000000 37.000000 6.046000 11.782000
2230.000000 37.000000 6.072000 11.445000
2240.000000 37.000000 6.109000 11.091000
2250.000000 37.000000 6.145000 10.737000
2260.000000 37.000000 6.175000 10.379000
2270.000000 37.000000 6.196000 10.012000
2280.000000 37.000000 6.174833 9.808000
2290.000000 37.000000 6.196333 9.479000
2300.000000 37.000000 6.217833 9.150000
2310.000000 37.000000 6.239333 8.821000
2320.000000 37.000000 6.260833 8.492000
2330.000000 37.000000 6.282333 8.163000
2340.000000 37.000000 6.303833 7.834000
2350.000000 37.000000 6.325333 7.505000
2360.000000 37.000000 6.346833 7.176000
2370.000000 37.000000 6.368333 6.847000
2380.000000 37.000000 6.389833 6.518000
2390.000000 37.000000 6.411333 6.189000
2440.000000 40.000000 14.886000 6.563000
2450.000000 40.000000 14.182000 6.802000
2460.000000 40.000000 13.477000 7.040000
2470.000000 40.000000 12.735000 7.240000
2480.000000 40.000000 11.989000 7.435000
2490.000000 40.000000 11.280000 7.612000
2500.000000 40.000000 10.587000 7.781000
2510.000000 40.000000 9.893000 7.934000
2520.000000 40.000000 9.250167 8.471167
2530.000000 40.000000 8.545667 8.709667
2540.000000 40.000000 7.841167 8.948167
2550.000000 40.000000 7.136667 9.186667
2560.000000 40.000000 6.432167 9.425167
2570.000000 40.000000 5.727667 9.663667
2580.000000 40.000000 5.023167 9.902167
2590.000000 40.000000 4.318667 10.140667
2600.000000 40.000000 3.614167 10.379167
2610.000000 40.000000 2.909667 10.617667
2620.000000 40.000000 2.205167 10.856167
2630.000000 40.000000 1.500667 11.094667
2440.000000 41.000000 15.281000 9.021000
2450.000000 41.000000 14.506000 9.021000
2460.000000 41.000000 13.732000 9.021000
2470.000000 41.000000 12.958000 9.021000
2480.000000 41.000000 12.151000 9.196000
2490.000000 41.000000 11.340000 9.391000
2500.000000 41.000000 10.535000 9.598000
2510.000000 41.000000 9.755000 9.857000
2520.000000 41.000000 9.084833 9.021000
2530.000000 41.000000 8.310333 9.021000
2540.000000 41.000000 7.535833 9.021000
2550.000000 41.000000 6.761333 9.021000
2560.000000 41.000000 5.986833 9.021000
2570.000000 41.000000 5.212333 9.021000
2580.000000 41.000000 4.437833 9.021000
2590.000000 41.000000 3.663333 9.021000
2600.000000 41.000000 2.888833 9.021000
2610.000000 41.000000 2.114333 9.021000
2620.000000 41.000000 1.339833 9.021000
2630.000000 41.000000 0.565333 9.021000
2730.000000 43.000000 15.235000 9.047000
2740.000000 43.000000 14.514000 9.038000
2750.000000 43.000000 13.793000 9.029000
2760.000000 43.000000 13.083000 9.050000
2770.000000 43.000000 12.409000 9.193000
2780.000000 43.000000 11.736000 9.336000
2790.000000 43.000000 11.073000 9.602000
2800.000000 43.000000 10.415000 9.920000
2810.000000 43.000000 9.467000 8.975000
2820.000000 43.000000 8.746000 8.966000
2830.000000 43.000000 8.025000 8.957000
2840.000000 43.000000 7.304000 8.948000
2850.000000 43.000000 6.583000 8.939000
2860.000000 43.000000 5.862000 8.930000
2870.000000 43.000000 5.141000 8.921000
2880.000000 43.000000 4.420000 8.912000
2890.000000 43.000000 3.699000 8.903000
2900.000000 43.000000 2.978000 8.894000
2910.000000 43.000000 2.257000 8.885000
2920.000000 43.000000 1.536000 8.876000
2730.000000 44.000000 10.049000 6.892000
2740.000000 44.000000 10.000000 7.155000
2750.000000 44.000000 9.951000 7.418000
2760.000000 44.000000 9.902000 7.680000
2770.000000 44.000000 9.841000 7.998000
2780.000000 44.000000 9.777000 8.330000
2790.000000 44.000000 9.706000 8.588000
2800.000000 44.000000 9.629000 8.771000
2810.000000 44.000000 9.657000 8.996000
2820.000000 44.000000 9.608000 9.259000
2830.000000 44.000000 9.559000 9.522000
2840.000000 44.000000 9.510000 9.785000
2850.000000 44.000000 9.461000 10.048000
2860.000000 44.000000 9.412000 10.311000
2870.000000 44.000000 9.363000 10.574000
2880.000000 44.000000 9.314000 10.837000
2890.000000 44.000000 9.265000 11.100000
2900.000000 44.000000 9.216000 11.363000
2910.000000 44.000000 9.167000 11.626000
2920.000000 44.000000 9.118000 11.889000
2950.000000 46.000000 15.113000 7.655000
2960.000000 46.000000 14.465000 7.711000
2970.000000 46.000000 13.818000 7.766000
2980.000000 46.000000 13.166000 7.844000
2990.000000 46.000000 12.503000 7.976000
3000.000000 46.000000 11.841000 8.109000
3010.000000 46.000000 11.213000 8.249000
3020.000000 46.000000 10.609000 8.395000
3030.000000 46.000000 9.932833 8.099167
3040.000000 46.000000 9.285333 8.154667
3050.000000 46.000000 8.637833 8.210167
3060.000000 46.000000 7.990333 8.265667
3070.000000 46.000000 7.342833 8.321167
3080.000000 46.000000 6.695333 8.376667
3090.000000 46.000000 6.047833 8.432167
3100.000000 46.000000 5.400333 8.487667
3110.000000 46.000000 4.752833 8.543167
3120.000000 46.000000 4.105333 8.598667
3130.000000 46.000000 3.457833 8.654167
3140.000000 46.000000 2.810333 8.709667
2960.000000 47.000000 14.691000 8.306000
2970.000000 47.000000 14.104000 8.356000
2980.000000 47.000000 13.515000 8.413000
2990.000000 47.000000 12.912000 8.532000
3000.000000 47.000000 12.309000 8.651000
3010.000000 47.000000 11.697000 8.831000
3020.000000 47.000000 11.084000 9.018000
3030.000000 47.000000 10.435000 9.207000
3040.000000 47.000000 9.987333 8.732833
3050.000000 47.000000 9.399333 8.786333
3060.000000 47.000000 8.811333 8.839833
3070.000000 47.000000 8.223333 8.893333
3080.000000 47.000000 7.635333 8.946833
3090.000000 47.000000 7.047333 9.000333
3100.000000 47.000000 6.459333 9.053833
3110.000000 47.000000 5.871333 9.107333
3120.000000 47.000000 5.283333 9.160833
3130.000000 47.000000 4.695333 9.214333
3140.000000 47.000000 4.107333 9.267833
3150.000000 47.000000 3.519333 9.321333
2960.000000 48.000000 14.707000 9.007000
2970.000000 48.000000 14.110000 8.978000
2980.000000 48.000000 13.512000 8.950000
2990.000000 48.000000 12.990000 9.065000
3000.000000 48.000000 12.467000 9.180000
3010.000000 48.000000 11.920000 9.338000
3020.000000 48.000000 11.315000 9.596000
3030.000000 48.000000 10.710000 9.855000
3040.000000 48.000000 9.927167 8.778833
3050.000000 48.000000 9.329667 8.750333
3060.000000 48.000000 8.732167 8.721833
3070.000000 48.000000 8.134667 8.693333
3080.000000 48.000000 7.537167 8.664833
3090.000000 48.000000 6.939667 8.636333
3100.000000 48.000000 6.342167 8.607833
3110.000000 48.000000 5.744667 8.579333
3120.000000 48.000000 5.147167 8.550833
3130.000000 48.000000 4.549667 8.522333
3140.000000 48.000000 3.952167 8.493833
3150.000000 48.000000 3.354667 8.465333
3010.000000 49.000000 8.891000 8.481000
3020.000000 49.000000 9.199000 8.335000
3030.000000 49.000000 9.506000 8.188000
3040.000000 49.000000 9.862000 8.120000
3050.000000 49.000000 10.264000 8.130000
3060.000000 49.000000 10.662000 8.137000
3070.000000 49.000000 11.037000 8.128000
3080.000000 49.000000 11.413000 8.119000
3090.000000 49.000000 11.351167 7.309167
3100.000000 49.000000 11.658667 7.162667
3110.000000 49.000000 11.966167 7.016167
3120.000000 49.000000 12.273667 6.869667
3130.000000 49.000000 12.581167 6.723167
3140.000000 49.000000 12.888667 6.576667
3150.000000 49.000000 13.196167 6.430167
3160.000000 49.000000 13.503667 6.283667
3170.000000 49.000000 13.811167 6.137167
3180.000000 49.000000 14.118667 5.990667
3190.000000 49.000000 14.426167 5.844167
3200.000000 49.000000 14.733667 5.697667
3040.000000 50.000000 0.112000 10.188000
3050.000000 50.000000 0.469000 9.974000
3060.000000 50.000000 0.827000 9.759000
3070.000000 50.000000 1.185000 9.544000
3080.000000 50.000000 1.547000 9.360000
3090.000000 50.000000 1.910000 9.179000
3100.000000 50.000000 2.273000 8.997000
3110.000000 50.000000 2.592000 8.891000
3120.000000 50.000000 2.971833 8.472167
3130.000000 50.000000 3.329333 8.257667
3140.000000 50.000000 3.686833 8.043167
3150.000000 50.000000 4.044333 7.828667
3160.000000 50.000000 4.401833 7.614167
3170.000000 50.000000 4.759333 7.399667
3180.000000 50.000000 5.116833 7.185167
3190.000000 50.000000 5.474333 6.970667
3200.000000 50.000000 5.831833 6.756167
3210.000000 50.000000 6.189333 6.541667
3220.000000 50.000000 6.546833 6.327167
3230.000000 50.000000 6.904333 6.112667
3100.000000 52.000000 0.118000 12.916000
3110.000000 52.000000 0.442000 12.852000
3120.000000 52.000000 0.766000 12.788000
3130.000000 52.000000 1.077000 12.747000
3140.000000 52.000000 1.382000 12.716000
3150.000000 52.000000 1.688000 12.685000
3160.000000 52.000000 1.940000 12.641000
3170.000000 52.000000 2.156000 12.588000
3180.000000 52.000000 2.710000 12.404000
3190.000000 52.000000 3.034000 12.340000
3200.000000 52.000000 3.358000 12.276000
3210.000000 52.000000 3.682000 12.212000
3220.000000 52.000000 4.006000 12.148000
3230.000000 52.000000 4.330000 12.084000
3240.000000 52.000000 4.654000 12.020000
3250.000000 52.000000 4.978000 11.956000
3260.000000 52.000000 5.302000 11.892000
3270.000000 52.000000 5.626000 11.828000
3280.000000 52.000000 5.950000 11.764000
3290.000000 52.000000 6.274000 11.700000
3200.000000 54.000000 14.702000 9.063000
3210.000000 54.000000 14.045000 9.050000
3220.000000 54.000000 13.343000 9.157000
3230.000000 54.000000 12.622000 9.316000
3240.000000 54.000000 11.954000 9.510000
3250.000000 54.000000 11.323000 9.728000
3260.000000 54.000000 10.689000 9.946000
3270.000000 54.000000 10.049000 10.166000
3280.000000 54.000000 9.273500 9.419000
3290.000000 54.000000 8.594000 9.466000
3300.000000 54.000000 7.914500 9.513000
3310.000000 54.000000 7.235000 9.560000
3320.000000 54.000000 6.555500 9.607000
3330.000000 54.000000 5.876000 9.654000
3340.000000 54.000000 5.196500 9.701000
3350.000000 54.000000 4.517000 9.748000
3360.000000 54.000000 3.837500 9.795000
3370.000000 54.000000 3.158000 9.842000
3380.000000 54.000000 2.478500 9.889000
3390.000000 54.000000 1.799000 9.936000
3240.000000 51.000000 4.206000 8.429000
3250.000000 51.000000 4.399000 8.380000
3260.000000 51.000000 4.735000 8.292000
3270.000000 51.000000 5.072000 8.203000
3280.000000 51.000000 5.409000 8.114000
3290.000000 51.000000 5.842000 7.995000
3300.000000 51.000000 6.274000 7.876000
3310.000000 51.000000 6.707000 7.756000
3320.000000 51.000000 6.298167 7.887500
3330.000000 51.000000 6.562667 7.819000
3340.000000 51.000000 6.827167 7.750500
3350.000000 51.000000 7.091667 7.682000
3360.000000 51.000000 7.356167 7.613500
3370.000000 51.000000 7.620667 7.545000
3380.000000 51.000000 7.885167 7.476500
3390.000000 51.000000 8.149667 7.408000
3400.000000 51.000000 8.414167 7.339500
3410.000000 51.000000 8.678667 7.271000
3420.000000 51.000000 8.943167 7.202500
3430.000000 51.000000 9.207667 7.134000
3300.000000 53.000000 3.967000 10.755000
3310.000000 53.000000 4.099000 10.568000
3320.000000 53.000000 4.230000 10.382000
3330.000000 53.000000 4.415000 10.223000
3340.000000 53.000000 4.600000 10.064000
3350.000000 53.000000 4.785000 9.904000
3360.000000 53.000000 4.984000 9.729000
3370.000000 53.000000 5.188000 9.546000
3380.000000 53.000000 5.019167 9.262833
3390.000000 53.000000 5.150667 9.076333
3400.000000 53.000000 5.282167 8.889833
3410.000000 53.000000 5.413667 8.703333
3420.000000 53.000000 5.545167 8.516833
3430.000000 53.000000 5.676667 8.330333
3440.000000 53.000000 5.808167 8.143833
3450.000000 53.000000 5.939667 7.957333
3460.000000 53.000000 6.071167 7.770833
3470.000000 53.000000 6.202667 7.584333
3480.000000 53.000000 6.334167 7.397833
3490.000000 53.000000 6.465667 7.211333
3460.000000 55.000000 -0.162000 11.055000
3470.000000 55.000000 0.728000 10.958000
3480.000000 55.000000 1.618000 10.860000
3490.000000 55.000000 2.498000 10.782000
3500.000000 55.000000 3.369000 10.725000
3510.000000 55.000000 4.240000 10.667000
3520.000000 55.000000 5.077000 10.617000
3530.000000 55.000000 5.893000 10.573000
3540.000000 55.000000 6.958000 10.275167
3550.000000 55.000000 7.848000 10.177667
3560.000000 55.000000 8.738000 10.080167
3570.000000 55.000000 9.628000 9.982667
3580.000000 55.000000 10.518000 9.885167
3590.000000 55.000000 11.408000 9.787667
3600.000000 55.000000 12.298000 9.690167
3610.000000 55.000000 13.188000 9.592667
3620.000000 55.000000 14.078000 9.495167
3630.000000 55.000000 14.968000 9.397667
3640.000000 55.000000 15.858000 9.300167
3650.000000 55.000000 16.748000 9.202667
3520.000000 56.000000 0.132000 11.040000
3530.000000 56.000000 0.816000 10.938000
3540.000000 56.000000 1.500000 10.835000
3550.000000 56.000000 2.181000 10.742000
3560.000000 56.000000 2.857000 10.670000
3570.000000 56.000000 3.533000 10.597000
3580.000000 56.000000 4.209000 10.525000
3590.000000 56.000000 4.888000 10.440000
3600.000000 56.000000 5.604000 10.220167
3610.000000 56.000000 6.288000 10.117667
3620.000000 56.000000 6.972000 10.015167
3630.000000 56.000000 7.656000 9.912667
3640.000000 56.000000 8.340000 9.810167
3650.000000 56.000000 9.024000 9.707667
3660.000000 56.000000 9.708000 9.605167
3670.000000 56.000000 10.392000 9.502667
3680.000000 56.000000 11.076000 9.400167
3690.000000 56.000000 11.760000 9.297667
3700.000000 56.000000 12.444000 9.195167
3710.000000 56.000000 13.128000 9.092667
3970.000000 60.000000 14.764000 8.080000
3980.000000 60.000000 14.000000 8.292000
3990.000000 60.000000 13.236000 8.504000
4000.000000 60.000000 12.553000 8.806000
4010.000000 60.000000 11.906000 9.145000
4020.000000 60.000000 11.256000 9.497000
4030.000000 60.000000 10.582000 9.955000
4040.000000 60.000000 9.909000 10.413000
4050.000000 60.000000 8.652000 9.776000
4060.000000 60.000000 7.888000 9.988000
4070.000000 60.000000 7.124000 10.200000
4080.000000 60.000000 6.360000 10.412000
4090.000000 60.000000 5.596000 10.624000
4100.000000 60.000000 4.832000 10.836000
4110.000000 60.000000 4.068000 11.048000
4120.000000 60.000000 3.304000 11.260000
4130.000000 60.000000 2.540000 11.472000
4140.000000 60.000000 1.776000 11.684000
4150.000000 60.000000 1.012000 11.896000
4160.000000 60.000000 0.248000 12.108000
3990.000000 62.000000 3.379000 7.155000
4000.000000 62.000000 3.688000 7.436000
4010.000000 62.000000 3.998000 7.717000
4020.000000 62.000000 4.307000 7.998000
4030.000000 62.000000 4.736000 8.278000
4040.000000 62.000000 5.285000 8.559000
4050.000000 62.000000 5.829000 8.830000
4060.000000 62.000000 6.352000 9.069000
4070.000000 62.000000 5.854833 9.403000
4080.000000 62.000000 6.164333 9.684000
4090.000000 62.000000 6.473833 9.965000
4100.000000 62.000000 6.783333 10.246000
4110.000000 62.000000 7.092833 10.527000
4120.000000 62.000000 7.402333 10.808000
4130.000000 62.000000 7.711833 11.089000
4140.000000 62.000000 8.021333 11.370000
4150.000000 62.000000 8.330833 11.651000
4160.000000 62.000000 8.640333 11.932000
4170.000000 62.000000 8.949833 12.213000
4180.000000 62.000000 9.259333 12.494000
4220.000000 64.000000 2.294000 11.340000
4230.000000 64.000000 2.925000 11.140000
4240.000000 64.000000 3.557000 10.939000
4250.000000 64.000000 4.180000 10.707000
4260.000000 64.000000 4.799000 10.453000
4270.000000 64.000000 5.417000 10.200000
4280.000000 64.000000 6.031000 9.908000
4290.000000 64.000000 6.640000 9.558000
4300.000000 64.000000 7.345833 9.736167
4310.000000 64.000000 7.977333 9.535667
4320.000000 64.000000 8.608833 9.335167
4330.000000 64.000000 9.240333 9.134667
4340.000000 64.000000 9.871833 8.934167
4350.000000 64.000000 10.503333 8.733667
4360.000000 64.000000 11.134833 8.533167
4370.000000 64.000000 11.766333 8.332667
4380.000000 64.000000 12.397833 8.132167
4390.000000 64.000000 13.029333 7.931667
4400.000000 64.000000 13.660833 7.731167
4410.000000 64.000000 14.292333 7.530667
4220.000000 65.000000 6.877000 9.056000
4230.000000 65.000000 6.742000 9.588000
4240.000000 65.000000 6.609000 10.119000
4250.000000 65.000000 6.417000 10.683000
4260.000000 65.000000 6.226000 11.247000
4270.000000 65.000000 6.044000 11.685000
4280.000000 65.000000 5.865000 12.092000
4290.000000 65.000000 5.680000 12.478000
4300.000000 65.000000 5.804667 13.308167
4310.000000 65.000000 5.670667 13.839667
4320.000000 65.000000 5.536667 14.371167
4330.000000 65.000000 5.402667 14.902667
4340.000000 65.000000 5.268667 15.434167
4350.000000 65.000000 5.134667 15.965667
4360.000000 65.000000 5.000667 16.497167
4370.000000 65.000000 4.866667 17.028667
4380.000000 65.000000 4.732667 17.560167
4390.000000 65.000000 4.598667 18.091667
4400.000000 65.000000 4.464667 18.623167
4410.000000 65.000000 4.330667 19.154667
4270.000000 66.000000 11.245000 7.967000
4280.000000 66.000000 10.843000 8.112000
4290.000000 66.000000 10.441000 8.256000
4300.000000 66.000000 10.039000 8.401000
4310.000000 66.000000 9.481000 8.750000
4320.000000 66.000000 8.922000 9.098000
4330.000000 66.000000 8.331000 9.327000
4340.000000 66.000000 7.691000 9.375000
4350.000000 66.000000 8.029000 9.123167
4360.000000 66.000000 7.627000 9.267667
4370.000000 66.000000 7.225000 9.412167
4380.000000 66.000000 6.823000 9.556667
4390.000000 66.000000 6.421000 9.701167
4400.000000 66.000000 6.019000 9.845667
4410.000000 66.000000 5.617000 9.990167
4420.000000 66.000000 5.215000 10.134667
4430.000000 66.000000 4.813000 10.279167
4440.000000 66.000000 4.411000 10.423667
4450.000000 66.000000 4.009000 10.568167
4460.000000 66.000000 3.607000 10.712667
4280.000000 67.000000 15.224000 7.173000
4290.000000 67.000000 14.450000 7.106000
4300.000000 67.000000 13.675000 7.040000
4310.000000 67.000000 12.888000 6.993000
4320.000000 67.000000 12.070000 6.993000
4330.000000 67.000000 11.253000 6.993000
4340.000000 67.000000 10.467000 7.062000
4350.000000 67.000000 9.695000 7.162000
4360.000000 67.000000 9.028167 6.640833
4370.000000 67.000000 8.253667 6.574333
4380.000000 67.000000 7.479167 6.507833
4390.000000 67.000000 6.704667 6.441333
4400.000000 67.000000 5.930167 6.374833
4410.000000 67.000000 5.155667 6.308333
4420.000000 67.000000 4.381167 6.241833
4430.000000 67.000000 3.606667 6.175333
4440.000000 67.000000 2.832167 6.108833
4450.000000 67.000000 2.057667 6.042333
4460.000000 67.000000 1.283167 5.975833
4470.000000 67.000000 0.508667 5.909333
4310.000000 68.000000 10.313000 9.618000
4320.000000 68.000000 9.892000 9.484000
4330.000000 68.000000 9.408000 9.272000
4340.000000 68.000000 8.829000 8.944000
4350.000000 68.000000 8.261000 8.699000
4360.000000 68.000000 7.698000 8.478000
4370.000000 68.000000 7.145000 8.270000
4380.000000 68.000000 6.609000 8.067000
4390.000000 68.000000 6.703500 8.247000
4400.000000 68.000000 6.251000 8.074000
4410.000000 68.000000 5.798500 7.901000
4420.000000 68.000000 5.346000 7.728000
4430.000000 68.000000 4.893500 7.555000
4440.000000 68.000000 4.441000 7.382000
4450.000000 68.000000 3.988500 7.209000
4460.000000 68.000000 3.536000 7.036000
4470.000000 68.000000 3.083500 6.863000
4480.000000 68.000000 2.631000 6.690000
4490.000000 68.000000 2.178500 6.517000
4500.000000 68.000000 1.726000 6.344000
4510.000000 69.000000 9.428000 13.047000
4520.000000 69.000000 9.374000 12.790000
4530.000000 69.000000 9.320000 12.533000
4540.000000 69.000000 9.266000 12.276000
4550.000000 69.000000 9.239000 11.989000
4560.000000 69.000000 9.239000 11.670000
4570.000000 69.000000 9.239000 11.352000
4580.000000 69.000000 9.245000 11.037000
4590.000000 69.000000 8.996000 10.991000
4600.000000 69.000000 8.942000 10.734000
4610.000000 69.000000 8.888000 10.477000
4620.000000 69.000000 8.834000 10.220000
4630.000000 69.000000 8.780000 9.963000
4640.000000 69.000000 8.726000 9.706000
4650.000000 69.000000 8.672000 9.449000
4660.000000 69.000000 8.618000 9.192000
4670.000000 69.000000 8.564000 8.935000
4680.000000 69.000000 8.510000 8.678000
4690.000000 69.000000 8.456000 8.421000
4700.000000 69.000000 8.402000 8.164000
4510.000000 70.000000 10.198000 13.383000
4520.000000 70.000000 10.227000 13.070000
4530.000000 70.000000 10.256000 12.758000
4540.000000 70.000000 10.268000 12.460000
4550.000000 70.000000 10.263000 12.179000
4560.000000 70.000000 10.257000 11.897000
4570.000000 70.000000 10.252000 11.616000
4580.000000 70.000000 10.273000 11.304000
4590.000000 70.000000 10.430000 10.882833
4600.000000 70.000000 10.459000 10.570333
4610.000000 70.000000 10.488000 10.257833
4620.000000 70.000000 10.517000 9.945333
4630.000000 70.000000 10.546000 9.632833
4640.000000 70.000000 10.575000 9.320333
4650.000000 70.000000 10.604000 9.007833
4660.000000 70.000000 10.633000 8.695333
4670.000000 70.000000 10.662000 8.382833
4680.000000 70.000000 10.691000 8.070333
4690.000000 70.000000 10.720000 7.757833
4700.000000 70.000000 10.749000 7.445333
4600.000000 73.000000 0.170000 9.853000
4610.000000 73.000000 0.818000 9.816000
4620.000000 73.000000 1.465000 9.780000
4630.000000 73.000000 2.099000 9.725000
4640.000000 73.000000 2.720000 9.654000
4650.000000 73.000000 3.342000 9.558000
4660.000000 73.000000 3.963000 9.439000
4670.000000 73.000000 4.583000 9.318000
4680.000000 73.000000 5.350167 9.560833
4690.000000 73.000000 5.997667 9.524333
4700.000000 73.000000 6.645167 9.487833
4710.000000 73.000000 7.292667 9.451333
4720.000000 73.000000 7.940167 9.414833
4730.000000 73.000000 8.587667 9.378333
4740.000000 73.000000 9.235167 9.341833
4750.000000 73.000000 9.882667 9.305333
4760.000000 73.000000 10.530167 9.268833
4770.000000 73.000000 11.177667 9.232333
4780.000000 73.000000 11.825167 9.195833
4790.000000 73.000000 12.472667 9.159333
4610.000000 74.000000 0.449000 10.200000
4620.000000 74.000000 1.178000 10.123000
4630.000000 74.000000 1.907000 10.047000
4640.000000 74.000000 2.593000 10.002000
4650.000000 74.000000 3.261000 9.971000
4660.000000 74.000000 3.919000 9.920000
4670.000000 74.000000 4.560000 9.841000
4680.000000 74.000000 5.214000 9.762000
4690.000000 74.000000 6.281000 9.587833
4700.000000 74.000000 7.010000 9.511333
4710.000000 74.000000 7.739000 9.434833
4720.000000 74.000000 8.468000 9.358333
4730.000000 74.000000 9.197000 9.281833
4740.000000 74.000000 9.926000 9.205333
4750.000000 74.000000 10.655000 9.128833
4760.000000 74.000000 11.384000 9.052333
4770.000000 74.000000 12.113000 8.975833
4780.000000 74.000000 12.842000 8.899333
4790.000000 74.000000 13.571000 8.822833
4800.000000 74.000000 14.300000 8.746333
4640.000000 75.000000 -0.100000 11.481000
4650.000000 75.000000 0.466000 11.298000
4660.000000 75.000000 1.033000 11.114000
4670.000000 75.000000 1.600000 10.931000
4680.000000 75.000000 2.176000 11.006000
4690.000000 75.000000 2.765000 11.047000
4700.000000 75.000000 3.458000 10.859000
4710.000000 75.000000 4.109000 10.859000
4720.000000 75.000000 4.431833 10.013167
4730.000000 75.000000 4.998333 9.829667
4740.000000 75.000000 5.564833 9.646167
4750.000000 75.000000 6.131333 9.462667
4760.000000 75.000000 6.697833 9.279167
4770.000000 75.000000 7.264333 9.095667
4780.000000 75.000000 7.830833 8.912167
4790.000000 75.000000 8.397333 8.728667
4800.000000 75.000000 8.963833 8.545167
4810.000000 75.000000 9.530333 8.361667
4820.000000 75.000000 10.096833 8.178167
4830.000000 75.000000 10.663333 7.994667
4680.000000 76.000000 0.328000 7.055000
4690.000000 76.000000 0.899000 7.370000
4700.000000 76.000000 1.470000 7.686000
4710.000000 76.000000 1.929000 8.114000
4720.000000 76.000000 2.340000 8.592000
4730.000000 76.000000 2.668000 9.063000
4740.000000 76.000000 2.940000 9.530000
4750.000000 76.000000 3.241000 9.967000
4760.000000 76.000000 4.896000 9.578833
4770.000000 76.000000 5.467000 9.894333
4780.000000 76.000000 6.038000 10.209833
4790.000000 76.000000 6.609000 10.525333
4800.000000 76.000000 7.180000 10.840833
4810.000000 76.000000 7.751000 11.156333
4820.000000 76.000000 8.322000 11.471833
4830.000000 76.000000 8.893000 11.787333
4840.000000 76.000000 9.464000 12.102833
4850.000000 76.000000 10.035000 12.418333
4860.000000 76.000000 10.606000 12.733833
4870.000000 76.000000 11.177000 13.049333
4690.000000 77.000000 -0.015000 9.260000
4700.000000 77.000000 0.584000 9.021000
4710.000000 77.000000 1.142000 8.696000
4720.000000 77.000000 1.660000 8.289000
4730.000000 77.000000 2.179000 7.892000
4740.000000 77.000000 2.789000 7.542000
4750.000000 77.000000 3.412000 7.209000
4760.000000 77.000000 4.067000 6.983000
4770.000000 77.000000 4.619833 7.018333
4780.000000 77.000000 5.198333 6.736333
4790.000000 77.000000 5.776833 6.454333
4800.000000 77.000000 6.355333 6.172333
4810.000000 77.000000 6.933833 5.890333
4820.000000 77.000000 7.512333 5.608333
4830.000000 77.000000 8.090833 5.326333
4840.000000 77.000000 8.669333 5.044333
4850.000000 77.000000 9.247833 4.762333
4860.000000 77.000000 9.826333 4.480333
4870.000000 77.000000 10.404833 4.198333
4880.000000 77.000000 10.983333 3.916333
4910.000000 79.000000 0.084000 8.329000
4920.000000 79.000000 0.538000 8.329000
4930.000000 79.000000 1.000000 8.325000
4940.000000 79.000000 1.530000 8.281000
4950.000000 79.000000 2.060000 8.236000
4960.000000 79.000000 2.582000 8.178000
4970.000000 79.000000 3.090000 8.098000
4980.000000 79.000000 3.599000 8.019000
4990.000000 79.000000 3.746667 8.313667
5000.000000 79.000000 4.204667 8.311667
5010.000000 79.000000 4.662667 8.309667
5020.000000 79.000000 5.120667 8.307667
5030.000000 79.000000 5.578667 8.305667
5040.000000 79.000000 6.036667 8.303667
5050.000000 79.000000 6.494667 8.301667
5060.000000 79.000000 6.952667 8.299667
5070.000000 79.000000 7.410667 8.297667
5080.000000 79.000000 7.868667 8.295667
5090.000000 79.000000 8.326667 8.293667
5100.000000 79.000000 8.784667 8.291667
4910.000000 80.000000 -0.039000 8.821000
4920.000000 80.000000 0.472000 8.867000
4930.000000 80.000000 0.983000 8.912000
4940.000000 80.000000 1.496000 8.946000
4950.000000 80.000000 2.010000 8.975000
4960.000000 80.000000 2.523000 8.974000
4970.000000 80.000000 3.034000 8.854000
4980.000000 80.000000 3.545000 8.735000
4990.000000 80.000000 4.049000 9.185167
5000.000000 80.000000 4.560000 9.230667
5010.000000 80.000000 5.071000 9.276167
5020.000000 80.000000 5.582000 9.321667
5030.000000 80.000000 6.093000 9.367167
5040.000000 80.000000 6.604000 9.412667
5050.000000 80.000000 7.115000 9.458167
5060.000000 80.000000 7.626000 9.503667
5070.000000 80.000000 8.137000 9.549167
5080.000000 80.000000 8.648000 9.594667
5090.000000 80.000000 9.159000 9.640167
5100.000000 80.000000 9.670000 9.685667
4960.000000 82.000000 14.943000 9.930000
4970.000000 82.000000 14.312000 10.060000
4980.000000 82.000000 13.680000 10.189000
4990.000000 82.000000 13.049000 10.319000
5000.000000 82.000000 12.449000 10.435000
5010.000000 82.000000 11.863000 10.546000
5020.000000 82.000000 11.277000 10.657000
5030.000000 82.000000 10.656000 10.764000
5040.000000 82.000000 9.891167 10.966167
5050.000000 82.000000 9.259667 11.095667
5060.000000 82.000000 8.628167 11.225167
5070.000000 82.000000 7.996667 11.354667
5080.000000 82.000000 7.365167 11.484167
5090.000000 82.000000 6.733667 11.613667
5100.000000 82.000000 6.102167 11.743167
5110.000000 82.000000 5.470667 11.872667
5120.000000 82.000000 4.839167 12.002167
5130.000000 82.000000 4.207667 12.131667
5140.000000 82.000000 3.576167 12.261167
5150.000000 82.000000 2.944667 12.390667
4960.000000 83.000000 15.153000 8.933000
4970.000000 83.000000 14.522000 9.018000
4980.000000 83.000000 13.891000 9.103000
4990.000000 83.000000 13.259000 9.188000
5000.000000 83.000000 12.598000 9.299000
5010.000000 83.000000 11.936000 9.410000
5020.000000 83.000000 11.282000 9.541000
5030.000000 83.000000 10.658000 9.755000
5040.000000 83.000000 10.105000 9.613000
5050.000000 83.000000 9.474000 9.698000
5060.000000 83.000000 8.843000 9.783000
5070.000000 83.000000 8.212000 9.868000
5080.000000 83.000000 7.581000 9.953000
5090.000000 83.000000 6.950000 10.038000
5100.000000 83.000000 6.319000 10.123000
5110.000000 83.000000 5.688000 10.208000
5120.000000 83.000000 5.057000 10.293000
5130.000000 83.000000 4.426000 10.378000
5140.000000 83.000000 3.795000 10.463000
5150.000000 83.000000 3.164000 10.548000
5010.000000 84.000000 0.180000 11.602000
5020.000000 84.000000 0.925000 11.393000
5030.000000 84.000000 1.670000 11.184000
5040.000000 84.000000 2.405000 10.949000
5050.000000 84.000000 3.134000 10.701000
5060.000000 84.000000 3.863000 10.454000
5070.000000 84.000000 4.609000 10.200000
5080.000000 84.000000 5.356000 9.945000
5090.000000 84.000000 6.140000 9.930000
5100.000000 84.000000 6.885000 9.721000
5110.000000 84.000000 7.630000 9.512000
5120.000000 84.000000 8.375000 9.303000
5130.000000 84.000000 9.120000 9.094000
5140.000000 84.000000 9.865000 8.885000
5150.000000 84.000000 10.610000 8.676000
5160.000000 84.000000 11.355000 8.467000
5170.000000 84.000000 12.100000 8.258000
5180.000000 84.000000 12.845000 8.049000
5190.000000 84.000000 13.590000 7.840000
5200.000000 84.000000 14.335000 7.631000
5230.000000 87.000000 5.098000 11.218000
5240.000000 87.000000 5.612000 11.156000
5250.000000 87.000000 6.127000 11.094000
5260.000000 87.000000 6.641000 11.032000
5270.000000 87.000000 7.149000 10.932000
5280.000000 87.000000 7.655000 10.828000
5290.000000 87.000000 8.161000 10.723000
5300.000000 87.000000 8.684000 10.636000
5310.000000 87.000000 9.213833 10.722000
5320.000000 87.000000 9.728333 10.660000
5330.000000 87.000000 10.242833 10.598000
5340.000000 87.000000 10.757333 10.536000
5350.000000 87.000000 11.271833 10.474000
5360.000000 87.000000 11.786333 10.412000
5370.000000 87.000000 12.300833 10.350000
5380.000000 87.000000 12.815333 10.288000
5390.000000 87.000000 13.329833 10.226000
5400.000000 87.000000 13.844333 10.164000
5410.000000 87.000000 14.358833 10.102000
5420.000000 87.000000 14.873333 10.040000
5240.000000 88.000000 14.842000 8.292000
5250.000000 88.000000 14.346000 8.360000
5260.000000 88.000000 13.850000 8.428000
5270.000000 88.000000 13.346000 8.547000
5280.000000 88.000000 12.839000 8.688000
5290.000000 88.000000 12.353000 8.774000
5300.000000 88.000000 11.889000 8.804000
5310.000000 88.000000 11.421000 8.844000
5320.000000 88.000000 10.874000 8.836000
5330.000000 88.000000 10.378000 8.904000
5340.000000 88.000000 9.882000 8.972000
5350.000000 88.000000 9.386000 9.040000
5360.000000 88.000000 8.890000 9.108000
5370.000000 88.000000 8.394000 9.176000
5380.000000 88.000000 7.898000 9.244000
5390.000000 88.000000 7.402000 9.312000
5400.000000 88.000000 6.906000 9.380000
5410.000000 88.000000 6.410000 9.448000
5420.000000 88.000000 5.914000 9.516000
5430.000000 88.000000 5.418000 9.584000
5240.000000 89.000000 14.810000 8.876000
5250.000000 89.000000 14.377000 8.919000
5260.000000 89.000000 13.943000 8.963000
5270.000000 89.000000 13.490000 9.026000
5280.000000 89.000000 12.961000 9.171000
5290.000000 89.000000 12.432000 9.316000
5300.000000 89.000000 11.902000 9.460000
5310.000000 89.000000 11.442000 9.626000
5320.000000 89.000000 11.342167 9.223833
5330.000000 89.000000 10.908667 9.267333
5340.000000 89.000000 10.475167 9.310833
5350.000000 89.000000 10.041667 9.354333
5360.000000 89.000000 9.608167 9.397833
5370.000000 89.000000 9.174667 9.441333
5380.000000 89.000000 8.741167 9.484833
5390.000000 89.000000 8.307667 9.528333
5400.000000 89.000000 7.874167 9.571833
5410.000000 89.000000 7.440667 9.615333
5420.000000 89.000000 7.007167 9.658833
5430.000000 89.000000 6.573667 9.702333
5270.000000 90.000000 15.242000 7.443000
5280.000000 90.000000 14.484000 7.577000
5290.000000 90.000000 13.727000 7.711000
5300.000000 90.000000 12.981000 7.850000
5310.000000 90.000000 12.266000 8.003000
5320.000000 90.000000 11.550000 8.155000
5330.000000 90.000000 10.863000 8.333000
5340.000000 90.000000 10.183000 8.517000
5350.000000 90.000000 9.181833 8.515000
5360.000000 90.000000 8.424333 8.649000
5370.000000 90.000000 7.666833 8.783000
5380.000000 90.000000 6.909333 8.917000
5390.000000 90.000000 6.151833 9.051000
5400.000000 90.000000 5.394333 9.185000
5410.000000 90.000000 4.636833 9.319000
5420.000000 90.000000 3.879333 9.453000
5430.000000 90.000000 3.121833 9.587000
5440.000000 90.000000 2.364333 9.721000
5450.000000 90.000000 1.606833 9.855000
5460.000000 90.000000 0.849333 9.989000
5300.000000 91.000000 2.649000 8.875000
5310.000000 91.000000 3.189000 9.009000
5320.000000 91.000000 3.728000 9.144000
5330.000000 91.000000 4.267000 9.278000
5340.000000 91.000000 4.821000 9.395000
5350.000000 91.000000 5.385000 9.500000
5360.000000 91.000000 5.959000 9.599000
5370.000000 91.000000 6.621000 9.650000
5380.000000 91.000000 6.965167 9.950833
5390.000000 91.000000 7.504667 10.085333
5400.000000 91.000000 8.044167 10.219833
5410.000000 91.000000 8.583667 10.354333
5420.000000 91.000000 9.123167 10.488833
5430.000000 91.000000 9.662667 10.623333
5440.000000 91.000000 10.202167 10.757833
5450.000000 91.000000 10.741667 10.892333
5460.000000 91.000000 11.281167 11.026833
5470.000000 91.000000 11.820667 11.161333
5480.000000 91.000000 12.360167 11.295833
5490.000000 91.000000 12.899667 11.430333
5410.000000 92.000000 0.360000 12.524000
5420.000000 92.000000 1.071000 12.424000
5430.000000 92.000000 1.781000 12.325000
5440.000000 92.000000 2.564000 12.144000
5450.000000 92.000000 3.355000 11.955000
5460.000000 92.000000 4.146000 11.766000
5470.000000 92.000000 4.778000 11.570000
5480.000000 92.000000 5.409000 11.374000
5490.000000 92.000000 6.044167 11.727833
5500.000000 92.000000 6.754667 11.628333
5510.000000 92.000000 7.465167 11.528833
5520.000000 92.000000 8.175667 11.429333
5530.000000 92.000000 8.886167 11.329833
5540.000000 92.000000 9.596667 11.230333
5550.000000 92.000000 10.307167 11.130833
5560.000000 92.000000 11.017667 11.031333
5570.000000 92.000000 11.728167 10.931833
5580.000000 92.000000 12.438667 10.832333
5590.000000 92.000000 13.149167 10.732833
5600.000000 92.000000 13.859667 10.633333
5410.000000 93.000000 0.511000 13.619000
5420.000000 93.000000 1.022000 13.432000
5430.000000 93.000000 1.533000 13.244000
5440.000000 93.000000 2.014000 13.107000
5450.000000 93.000000 2.465000 13.022000
5460.000000 93.000000 2.916000 12.937000
5470.000000 93.000000 3.450000 12.828000
5480.000000 93.000000 4.018000 12.709000
5490.000000 93.000000 4.599000 12.119167
5500.000000 93.000000 5.110000 11.931667
5510.000000 93.000000 5.621000 11.744167
5520.000000 93.000000 6.132000 11.556667
5530.000000 93.000000 6.643000 11.369167
5540.000000 93.000000 7.154000 11.181667
5550.000000 93.000000 7.665000 10.994167
5560.000000 93.000000 8.176000 10.806667
5570.000000 93.000000 8.687000 10.619167
5580.000000 93.000000 9.198000 10.431667
5590.000000 93.000000 9.709000 10.244167
5600.000000 93.000000 10.220000 10.056667
5480.000000 94.000000 0.358000 11.885000
5490.000000 94.000000 0.989000 11.838000
5500.000000 94.000000 1.621000 11.790000
5510.000000 94.000000 2.163000 11.739000
5520.000000 94.000000 2.705000 11.679000
5530.000000 94.000000 3.235000 11.526000
5540.000000 94.000000 3.766000 11.374000
5550.000000 94.000000 4.351000 11.232000
5560.000000 94.000000 5.409833 11.505167
5570.000000 94.000000 6.041333 11.457667
5580.000000 94.000000 6.672833 11.410167
5590.000000 94.000000 7.304333 11.362667
5600.000000 94.000000 7.935833 11.315167
5610.000000 94.000000 8.567333 11.267667
5620.000000 94.000000 9.198833 11.220167
5630.000000 94.000000 9.830333 11.172667
5640.000000 94.000000 10.461833 11.125167
5650.000000 94.000000 11.093333 11.077667
5660.000000 94.000000 11.724833 11.030167
5670.000000 94.000000 12.356333 10.982667
5660.000000 95.000000 0.031000 12.330000
5670.000000 95.000000 0.507000 12.135000
5680.000000 95.000000 0.982000 11.941000
5690.000000 95.000000 1.459000 11.752000
5700.000000 95.000000 1.942000 11.610000
5710.000000 95.000000 2.425000 11.469000
5720.000000 95.000000 2.937000 11.326000
5730.000000 95.000000 3.494000 11.181000
5740.000000 95.000000 3.835167 10.773833
5750.000000 95.000000 4.310667 10.579333
5760.000000 95.000000 4.786167 10.384833
5770.000000 95.000000 5.261667 10.190333
5780.000000 95.000000 5.737167 9.995833
5790.000000 95.000000 6.212667 9.801333
5800.000000 95.000000 6.688167 9.606833
5810.000000 95.000000 7.163667 9.412333
5820.000000 95.000000 7.639167 9.217833
5830.000000 95.000000 8.114667 9.023333
5840.000000 95.000000 8.590167 8.828833
5850.000000 95.000000 9.065667 8.634333
5670.000000 96.000000 0.229000 11.467000
5680.000000 96.000000 0.743000 11.286000
5690.000000 96.000000 1.256000 11.104000
5700.000000 96.000000 1.737000 10.927000
5710.000000 96.000000 2.204000 10.750000
5720.000000 96.000000 2.694000 10.593000
5730.000000 96.000000 3.220000 10.466000
5740.000000 96.000000 3.746000 10.339000
5750.000000 96.000000 4.337167 10.015167
5760.000000 96.000000 4.850667 9.833667
5770.000000 96.000000 5.364167 9.652167
5780.000000 96.000000 5.877667 9.470667
5790.000000 96.000000 6.391167 9.289167
5800.000000 96.000000 6.904667 9.107667
5810.000000 96.000000 7.418167 8.926167
5820.000000 96.000000 7.931667 8.744667
5830.000000 96.000000 8.445167 8.563167
5840.000000 96.000000 8.958667 8.381667
5850.000000 96.000000 9.472167 8.200167
5860.000000 96.000000 9.985667 8.018667
5970.000000 97.000000 14.796000 8.119000
5980.000000 97.000000 14.250000 8.223000
5990.000000 97.000000 13.705000 8.328000
6000.000000 97.000000 13.160000 8.426000
6010.000000 97.000000 12.616000 8.511000
6020.000000 97.000000 12.073000 8.596000
6030.000000 97.000000 11.520000 8.698000
6040.000000 97.000000 10.928000 8.869000
6050.000000 97.000000 10.431833 8.954833
6060.000000 97.000000 9.886333 9.059333
6070.000000 97.000000 9.340833 9.163833
6080.000000 97.000000 8.795333 9.268333
6090.000000 97.000000 8.249833 9.372833
6100.000000 97.000000 7.704333 9.477333
6110.000000 97.000000 7.158833 9.581833
6120.000000 97.000000 6.613333 9.686333
6130.000000 97.000000 6.067833 9.790833
6140.000000 97.000000 5.522333 9.895333
6150.000000 97.000000 4.976833 9.999833
6160.000000 97.000000 4.431333 10.104333
5970.000000 98.000000 14.748000 8.769000
5980.000000 98.000000 14.275000 8.836000
5990.000000 98.000000 13.801000 8.903000
6000.000000 98.000000 13.304000 8.988000
6010.000000 98.000000 12.752000 9.115000
6020.000000 98.000000 12.199000 9.241000
6030.000000 98.000000 11.650000 9.369000
6040.000000 98.000000 11.134000 9.499000
6050.000000 98.000000 10.960167 9.305000
6060.000000 98.000000 10.486667 9.372000
6070.000000 98.000000 10.013167 9.439000
6080.000000 98.000000 9.539667 9.506000
6090.000000 98.000000 9.066167 9.573000
6100.000000 98.000000 8.592667 9.640000
6110.000000 98.000000 8.119167 9.707000
6120.000000 98.000000 7.645667 9.774000
6130.000000 98.000000 7.172167 9.841000
6140.000000 98.000000 6.698667 9.908000
6150.000000 98.000000 6.225167 9.975000
6160.000000 98.000000 5.751667 10.042000
6040.000000 99.000000 14.923000 8.732000
6050.000000 99.000000 14.300000 8.834000
6060.000000 99.000000 13.676000 8.936000
6070.000000 99.000000 13.055000 9.022000
6080.000000 99.000000 12.439000 9.084000
6090.000000 99.000000 11.824000 9.146000
6100.000000 99.000000 11.192000 9.235000
6110.000000 99.000000 10.554000 9.337000
6120.000000 99.000000 9.935167 9.548000
6130.000000 99.000000 9.311667 9.650000
6140.000000 99.000000 8.688167 9.752000
6150.000000 99.000000 8.064667 9.854000
6160.000000 99.000000 7.441167 9.956000
6170.000000 99.000000 6.817667 10.058000
6180.000000 99.000000 6.194167 10.160000
6190.000000 99.000000 5.570667 10.262000
6200.000000 99.000000 4.947167 10.364000
6210.000000 99.000000 4.323667 10.466000
6220.000000 99.000000 3.700167 10.568000
6230.000000 99.000000 3.076667 10.670000
6290.000000 104.000000 0.542000 13.766000
6300.000000 104.000000 1.198000 13.670000
6310.000000 104.000000 1.853000 13.575000
6320.000000 104.000000 2.509000 13.480000
6330.000000 104.000000 3.161000 13.386000
6340.000000 104.000000 3.807000 13.299000
6350.000000 104.000000 4.452000 13.211000
6360.000000 104.000000 5.120000 13.120000
6370.000000 104.000000 5.786167 13.001833
6380.000000 104.000000 6.441667 12.906333
6390.000000 104.000000 7.097167 12.810833
6400.000000 104.000000 7.752667 12.715333
6410.000000 104.000000 8.408167 12.619833
6420.000000 104.000000 9.063667 12.524333
6430.000000 104.000000 9.719167 12.428833
6440.000000 104.000000 10.374667 12.333333
6450.000000 104.000000 11.030167 12.237833
6460.000000 104.000000 11.685667 12.142333
6470.000000 104.000000 12.341167 12.046833
6480.000000 104.000000 12.996667 11.951333
6360.000000 105.000000 -0.063000 13.025000
6370.000000 105.000000 0.358000 12.964000
6380.000000 105.000000 0.779000 12.903000
6390.000000 105.000000 1.200000 12.842000
6400.000000 105.000000 1.621000 12.780000
6410.000000 105.000000 2.076000 12.719000
6420.000000 105.000000 2.540000 12.658000
6430.000000 105.000000 3.004000 12.597000
6440.000000 105.000000 3.305000 12.537000
6450.000000 105.000000 3.726000 12.476000
6460.000000 105.000000 4.147000 12.415000
6470.000000 105.000000 4.568000 12.354000
6480.000000 105.000000 4.989000 12.293000
6490.000000 105.000000 5.410000 12.232000
6500.000000 105.000000 5.831000 12.171000
6510.000000 105.000000 6.252000 12.110000
6520.000000 105.000000 6.673000 12.049000
6530.000000 105.000000 7.094000 11.988000
6540.000000 105.000000 7.515000 11.927000
6550.000000 105.000000 7.936000 11.866000
6430.000000 106.000000 14.985000 8.759000
6440.000000 106.000000 14.404000 8.768000
6450.000000 106.000000 13.823000 8.778000
6460.000000 106.000000 13.237000 8.847000
6470.000000 106.000000 12.646000 8.976000
6480.000000 106.000000 12.056000 9.104000
6490.000000 106.000000 11.515000 9.282000
6500.000000 106.000000 10.980000 9.467000
6510.000000 106.000000 10.337000 8.834833
6520.000000 106.000000 9.756000 8.844333
6530.000000 106.000000 9.175000 8.853833
6540.000000 106.000000 8.594000 8.863333
6550.000000 106.000000 8.013000 8.872833
6560.000000 106.000000 7.432000 8.882333
6570.000000 106.000000 6.851000 8.891833
6580.000000 106.000000 6.270000 8.901333
6590.000000 106.000000 5.689000 8.910833
6600.000000 106.000000 5.108000 8.920333
6610.000000 106.000000 4.527000 8.929833
6620.000000 106.000000 3.946000 8.939333
6430.000000 107.000000 15.256000 8.168000
6440.000000 107.000000 14.633000 8.228000
6450.000000 107.000000 14.011000 8.287000
6460.000000 107.000000 13.388000 8.354000
6470.000000 107.000000 12.764000 8.436000
6480.000000 107.000000 12.139000 8.518000
6490.000000 107.000000 11.526000 8.645000
6500.000000 107.000000 10.927000 8.839000
6510.000000 107.000000 10.275833 8.644167
6520.000000 107.000000 9.653333 8.703667
6530.000000 107.000000 9.030833 8.763167
6540.000000 107.000000 8.408333 8.822667
6550.000000 107.000000 7.785833 8.882167
6560.000000 107.000000 7.163333 8.941667
6570.000000 107.000000 6.540833 9.001167
6580.000000 107.000000 5.918333 9.060667
6590.000000 107.000000 5.295833 9.120167
6600.000000 107.000000 4.673333 9.179667
6610.000000 107.000000 4.050833 9.239167
6620.000000 107.000000 3.428333 9.298667
6890.000000 112.000000 14.822000 7.432000
6900.000000 112.000000 14.138000 7.575000
6910.000000 112.000000 13.454000 7.718000
6920.000000 112.000000 12.808000 7.883000
6930.000000 112.000000 12.166000 8.050000
6940.000000 112.000000 11.499000 8.203000
6950.000000 112.000000 10.829000 8.355000
6960.000000 112.000000 10.210000 8.506000
6970.000000 112.000000 9.350000 8.576000
6980.000000 112.000000 8.666000 8.719000
6990.000000 112.000000 7.982000 8.862000
7000.000000 112.000000 7.298000 9.005000
7010.000000 112.000000 6.614000 9.148000
7020.000000 112.000000 5.930000 9.291000
7030.000000 112.000000 5.246000 9.434000
7040.000000 112.000000 4.562000 9.577000
7050.000000 112.000000 3.878000 9.720000
7060.000000 112.000000 3.194000 9.863000
7070.000000 112.000000 2.510000 10.006000
7080.000000 112.000000 1.826000 10.149000
6890.000000 113.000000 15.008000 8.077000
6900.000000 113.000000 14.358000 8.208000
6910.000000 113.000000 13.707000 8.338000
6920.000000 113.000000 13.098000 8.473000
6930.000000 113.000000 12.507000 8.611000
6940.000000 113.000000 11.917000 8.748000
6950.000000 113.000000 11.329000 8.877000
6960.000000 113.000000 10.742000 9.007000
6970.000000 113.000000 9.804167 9.121167
6980.000000 113.000000 9.153667 9.251667
6990.000000 113.000000 8.503167 9.382167
7000.000000 113.000000 7.852667 9.512667
7010.000000 113.000000 7.202167 9.643167
7020.000000 113.000000 6.551667 9.773667
7030.000000 113.000000 5.901167 9.904167
7040.000000 113.000000 5.250667 10.034667
7050.000000 113.000000 4.600167 10.165167
7060.000000 113.000000 3.949667 10.295667
7070.000000 113.000000 3.299167 10.426167
7080.000000 113.000000 2.648667 10.556667
7170.000000 116.000000 0.084000 11.050000
7180.000000 116.000000 0.602000 10.967000
7190.000000 116.000000 1.120000 10.885000
7200.000000 116.000000 1.610000 10.795000
7210.000000 116.000000 2.056000 10.693000
7220.000000 116.000000 2.503000 10.592000
7230.000000 116.000000 2.956000 10.490000
7240.000000 116.000000 3.470000 10.375000
7250.000000 116.000000 4.228000 10.389833
7260.000000 116.000000 4.746000 10.307333
7270.000000 116.000000 5.264000 10.224833
7280.000000 116.000000 5.782000 10.142333
7290.000000 116.000000 6.300000 10.059833
7300.000000 116.000000 6.818000 9.977333
7310.000000 116.000000 7.336000 9.894833
7320.000000 116.000000 7.854000 9.812333
7330.000000 116.000000 8.372000 9.729833
7340.000000 116.000000 8.890000 9.647333
7350.000000 116.000000 9.408000 9.564833
7360.000000 116.000000 9.926000 9.482333
7180.000000 117.000000 0.255000 10.400000
7190.000000 117.000000 0.755000 10.300000
7200.000000 117.000000 1.255000 10.201000
7210.000000 117.000000 1.765000 10.106000
7220.000000 117.000000 2.276000 10.013000
7230.000000 117.000000 2.792000 9.914000
7240.000000 117.000000 3.347000 9.771000
7250.000000 117.000000 3.903000 9.628000
7260.000000 117.000000 4.255000 9.603833
7270.000000 117.000000 4.755000 9.504333
7280.000000 117.000000 5.255000 9.404833
7290.000000 117.000000 5.755000 9.305333
7300.000000 117.000000 6.255000 9.205833
7310.000000 117.000000 6.755000 9.106333
7320.000000 117.000000 7.255000 9.006833
7330.000000 117.000000 7.755000 8.907333
7340.000000 117.000000 8.255000 8.807833
7350.000000 117.000000 8.755000 8.708333
7360.000000 117.000000 9.255000 8.608833
7370.000000 117.000000 9.755000 8.509333