0.000000000000000000e+00 3.000000000000000000e+00 4.039099999999999824e+01 7.389000000000000234e+00
1.200000000000000000e+01 3.000000000000000000e+00 4.039099999999999824e+01 7.389000000000000234e+00
2.400000000000000000e+01 3.000000000000000000e+00 4.039099999999999824e+01 7.389000000000000234e+00
3.600000000000000000e+01 3.000000000000000000e+00 4.039099999999999824e+01 7.389000000000000234e+00
4.800000000000000000e+01 3.000000000000000000e+00 4.039099999999999824e+01 7.389000000000000234e+00
6.000000000000000000e+01 3.000000000000000000e+00 4.039099999999999824e+01 7.389000000000000234e+00
7.200000000000000000e+01 3.000000000000000000e+00 4.039099999999999824e+01 7.389000000000000234e+00
8.400000000000000000e+01 3.000000000000000000e+00 4.039099999999999824e+01 7.498000000000000220e+00
9.600000000000000000e+01 3.000000000000000000e+00 4.030298524808438998e+01 7.370955510614518147e+00
1.080000000000000000e+02 3.000000000000000000e+00 4.049539311000063435e+01 7.401266374325121689e+00
1.200000000000000000e+02 3.000000000000000000e+00 4.061827002534660380e+01 7.412031528496614285e+00
1.320000000000000000e+02 3.000000000000000000e+00 4.067302909186928161e+01 7.581927188804014506e+00
1.440000000000000000e+02 3.000000000000000000e+00 4.066284357991523990e+01 7.618414988453210412e+00
1.560000000000000000e+02 3.000000000000000000e+00 4.069138705744182971e+01 7.576615415174516421e+00
1.680000000000000000e+02 3.000000000000000000e+00 4.084541689366982808e+01 7.338177557815969365e+00
1.800000000000000000e+02 3.000000000000000000e+00 4.085994619195928834e+01 7.369659614210259946e+00
1.920000000000000000e+02 3.000000000000000000e+00 4.078970991925541512e+01 7.486864113442561752e+00
2.040000000000000000e+02 3.000000000000000000e+00 4.065808539120315857e+01 7.311769526672764030e+00
2.160000000000000000e+02 3.000000000000000000e+00 4.060883428681371754e+01 7.496098095137570638e+00
2.280000000000000000e+02 3.000000000000000000e+00 4.048912013768781293e+01 7.522688848920289217e+00
0.000000000000000000e+00 5.000000000000000000e+00 4.050000000000000000e+01 5.525999999999999801e+00
1.200000000000000000e+01 5.000000000000000000e+00 4.050000000000000000e+01 5.525999999999999801e+00
2.400000000000000000e+01 5.000000000000000000e+00 4.050000000000000000e+01 5.525999999999999801e+00
3.600000000000000000e+01 5.000000000000000000e+00 4.050000000000000000e+01 5.525999999999999801e+00
4.800000000000000000e+01 5.000000000000000000e+00 4.050000000000000000e+01 5.525999999999999801e+00
6.000000000000000000e+01 5.000000000000000000e+00 4.050000000000000000e+01 5.525999999999999801e+00
7.200000000000000000e+01 5.000000000000000000e+00 4.050000000000000000e+01 5.525999999999999801e+00
8.400000000000000000e+01 5.000000000000000000e+00 4.050000000000000000e+01 5.525999999999999801e+00
9.600000000000000000e+01 5.000000000000000000e+00 4.056541916162801442e+01 5.514525127924693848e+00
1.080000000000000000e+02 5.000000000000000000e+00 4.031646183463001165e+01 5.460510714003847355e+00
1.200000000000000000e+02 5.000000000000000000e+00 4.027878626920358585e+01 5.537227050598274580e+00
1.320000000000000000e+02 5.000000000000000000e+00 4.037783342325690228e+01 5.532297264937888315e+00
1.440000000000000000e+02 5.000000000000000000e+00 4.021860977622128530e+01 5.599704067740445268e+00
1.560000000000000000e+02 5.000000000000000000e+00 4.000201173250052022e+01 5.774486903622189082e+00
1.680000000000000000e+02 5.000000000000000000e+00 3.979392986247898989e+01 5.798656075625661543e+00
1.800000000000000000e+02 5.000000000000000000e+00 3.986194149820553889e+01 5.853658419209210706e+00
1.920000000000000000e+02 5.000000000000000000e+00 3.983744254077853242e+01 5.750433704874971852e+00
2.040000000000000000e+02 5.000000000000000000e+00 4.002415976585029966e+01 5.766280073699467934e+00
2.160000000000000000e+02 5.000000000000000000e+00 4.011331132028654878e+01 5.724522549176230157e+00
2.280000000000000000e+02 5.000000000000000000e+00 4.035214859458858427e+01 5.586775236309875936e+00
0.000000000000000000e+00 7.000000000000000000e+00 4.502799999999999869e+01 7.541000000000000369e+00
1.200000000000000000e+01 7.000000000000000000e+00 4.502799999999999869e+01 7.541000000000000369e+00
2.400000000000000000e+01 7.000000000000000000e+00 4.502799999999999869e+01 7.541000000000000369e+00
3.600000000000000000e+01 7.000000000000000000e+00 4.502799999999999869e+01 7.541000000000000369e+00
4.800000000000000000e+01 7.000000000000000000e+00 4.502799999999999869e+01 7.541000000000000369e+00
6.000000000000000000e+01 7.000000000000000000e+00 4.502799999999999869e+01 7.541000000000000369e+00
7.200000000000000000e+01 7.000000000000000000e+00 4.502799999999999869e+01 7.541000000000000369e+00
8.400000000000000000e+01 7.000000000000000000e+00 4.502799999999999869e+01 7.541000000000000369e+00
9.600000000000000000e+01 7.000000000000000000e+00 4.513838185017780802e+01 7.646688705776459649e+00
1.080000000000000000e+02 7.000000000000000000e+00 4.515515265843551163e+01 7.866018407968493165e+00
1.200000000000000000e+02 7.000000000000000000e+00 4.534407980178285413e+01 7.803575435123145887e+00
1.320000000000000000e+02 7.000000000000000000e+00 4.545049211676636958e+01 7.885719092055037294e+00
1.440000000000000000e+02 7.000000000000000000e+00 4.553712542860795054e+01 7.861905202426042294e+00
1.560000000000000000e+02 7.000000000000000000e+00 4.582657447041602694e+01 7.888081406180390331e+00
1.680000000000000000e+02 7.000000000000000000e+00 4.579591511148390737e+01 8.073238945939140265e+00
1.800000000000000000e+02 7.000000000000000000e+00 4.574022786760521342e+01 7.918668445479916329e+00
1.920000000000000000e+02 7.000000000000000000e+00 4.567482227946803874e+01 7.906549206839707189e+00
2.040000000000000000e+02 7.000000000000000000e+00 4.547104460936166959e+01 7.740611797593635046e+00
2.160000000000000000e+02 7.000000000000000000e+00 4.531893635267587683e+01 7.509046339984984719e+00
2.280000000000000000e+02 7.000000000000000000e+00 4.512263279994059673e+01 7.438564998931859407e+00
0.000000000000000000e+00 9.000000000000000000e+00 4.455199999999999960e+01 6.868999999999999773e+00
1.200000000000000000e+01 9.000000000000000000e+00 4.455199999999999960e+01 6.868999999999999773e+00
2.400000000000000000e+01 9.000000000000000000e+00 4.455199999999999960e+01 6.868999999999999773e+00
3.600000000000000000e+01 9.000000000000000000e+00 4.455199999999999960e+01 6.868999999999999773e+00
4.800000000000000000e+01 9.000000000000000000e+00 4.455199999999999960e+01 6.868999999999999773e+00
6.000000000000000000e+01 9.000000000000000000e+00 4.455199999999999960e+01 6.868999999999999773e+00
7.200000000000000000e+01 9.000000000000000000e+00 4.455199999999999960e+01 6.868999999999999773e+00
8.400000000000000000e+01 9.000000000000000000e+00 4.455199999999999960e+01 6.868999999999999773e+00
9.600000000000000000e+01 9.000000000000000000e+00 4.456376380661417613e+01 6.954854546279604754e+00
1.080000000000000000e+02 9.000000000000000000e+00 4.447774142425013366e+01 6.985901073533316463e+00
1.200000000000000000e+02 9.000000000000000000e+00 4.439455355588850693e+01 7.002850393486482972e+00
1.320000000000000000e+02 9.000000000000000000e+00 4.424352588079592863e+01 7.040901047680026004e+00
1.440000000000000000e+02 9.000000000000000000e+00 4.416021529204935803e+01 6.979521762927888062e+00
1.560000000000000000e+02 9.000000000000000000e+00 4.394899726066913104e+01 7.152041555087052416e+00
1.680000000000000000e+02 9.000000000000000000e+00 4.415921126025361332e+01 6.979414471199850922e+00
1.800000000000000000e+02 9.000000000000000000e+00 4.411922972621256633e+01 6.915080445412582932e+00
1.920000000000000000e+02 9.000000000000000000e+00 4.414526658670019543e+01 6.997940004981092699e+00
2.040000000000000000e+02 9.000000000000000000e+00 4.424627818019379788e+01 7.068424514507057665e+00
2.160000000000000000e+02 9.000000000000000000e+00 4.441899893086733186e+01 6.998999104212961342e+00
2.280000000000000000e+02 9.000000000000000000e+00 4.451149517428298452e+01 6.832894560715073062e+00
0.000000000000000000e+00 1.100000000000000000e+01 4.788900000000000290e+01 6.413999999999999702e+00
1.200000000000000000e+01 1.100000000000000000e+01 4.788900000000000290e+01 6.413999999999999702e+00
2.400000000000000000e+01 1.100000000000000000e+01 4.788900000000000290e+01 6.413999999999999702e+00
3.600000000000000000e+01 1.100000000000000000e+01 4.788900000000000290e+01 6.413999999999999702e+00
4.800000000000000000e+01 1.100000000000000000e+01 4.788900000000000290e+01 6.413999999999999702e+00
6.000000000000000000e+01 1.100000000000000000e+01 4.788900000000000290e+01 6.413999999999999702e+00
7.200000000000000000e+01 1.100000000000000000e+01 4.788900000000000290e+01 6.413999999999999702e+00
8.400000000000000000e+01 1.100000000000000000e+01 4.788900000000000290e+01 6.413999999999999702e+00
9.600000000000000000e+01 1.100000000000000000e+01 4.795777177777827660e+01 6.431959732199552526e+00
1.080000000000000000e+02 1.100000000000000000e+01 4.758252782022280769e+01 6.292223219438319859e+00
1.200000000000000000e+02 1.100000000000000000e+01 4.761718548711914423e+01 6.350427374472033648e+00
1.320000000000000000e+02 1.100000000000000000e+01 4.752022928341385466e+01 6.212518492199595954e+00
1.440000000000000000e+02 1.100000000000000000e+01 4.737111949981967030e+01 6.337587406269252099e+00
1.560000000000000000e+02 1.100000000000000000e+01 4.731984185406447097e+01 6.328031291305526551e+00
1.680000000000000000e+02 1.100000000000000000e+01 4.738947579834933777e+01 6.327077939342292900e+00
1.800000000000000000e+02 1.100000000000000000e+01 4.727931867989250492e+01 6.526614764698988047e+00
1.920000000000000000e+02 1.100000000000000000e+01 4.742358352717752012e+01 6.557699527525617356e+00
2.040000000000000000e+02 1.100000000000000000e+01 4.753821505344399156e+01 6.780082686730502850e+00
2.160000000000000000e+02 1.100000000000000000e+01 4.778707508132536930e+01 6.646491635070957749e+00
2.280000000000000000e+02 1.100000000000000000e+01 4.805458976773539348e+01 6.467668740178377007e+00
0.000000000000000000e+00 1.300000000000000000e+01 5.248299999999999699e+01 3.922000000000000153e+00
1.200000000000000000e+01 1.300000000000000000e+01 5.248299999999999699e+01 3.922000000000000153e+00
2.400000000000000000e+01 1.300000000000000000e+01 5.248299999999999699e+01 3.922000000000000153e+00
3.600000000000000000e+01 1.300000000000000000e+01 5.248299999999999699e+01 3.922000000000000153e+00
4.800000000000000000e+01 1.300000000000000000e+01 5.248299999999999699e+01 3.922000000000000153e+00
6.000000000000000000e+01 1.300000000000000000e+01 5.248299999999999699e+01 3.922000000000000153e+00
7.200000000000000000e+01 1.300000000000000000e+01 5.248299999999999699e+01 3.922000000000000153e+00
8.400000000000000000e+01 1.300000000000000000e+01 5.248299999999999699e+01 3.922000000000000153e+00
9.600000000000000000e+01 1.300000000000000000e+01 5.257549304401976542e+01 3.944023778227409682e+00
1.080000000000000000e+02 1.300000000000000000e+01 5.243820440984749354e+01 4.019863858151347280e+00
1.200000000000000000e+02 1.300000000000000000e+01 5.232994793839623071e+01 4.113369339656498980e+00
1.320000000000000000e+02 1.300000000000000000e+01 5.231100124946811292e+01 4.037651875266861978e+00
1.440000000000000000e+02 1.300000000000000000e+01 5.240844649058571747e+01 4.146535250051281984e+00
1.560000000000000000e+02 1.300000000000000000e+01 5.231453659328577999e+01 4.182660035496628126e+00
1.680000000000000000e+02 1.300000000000000000e+01 5.233645421559496924e+01 4.223903042614852055e+00
1.800000000000000000e+02 1.300000000000000000e+01 5.248561022247697849e+01 4.216517018420198326e+00
1.920000000000000000e+02 1.300000000000000000e+01 5.255611098369109868e+01 4.279619585360276979e+00
2.040000000000000000e+02 1.300000000000000000e+01 5.260556825490623112e+01 4.238804910345380428e+00
2.160000000000000000e+02 1.300000000000000000e+01 5.243837631989727299e+01 4.149637605378016403e+00
2.280000000000000000e+02 1.300000000000000000e+01 5.239460649693215544e+01 3.985542294025868237e+00
0.000000000000000000e+00 1.500000000000000000e+01 5.118200000000000216e+01 6.110999999999999766e+00
1.200000000000000000e+01 1.500000000000000000e+01 5.118200000000000216e+01 6.024000000000000021e+00
2.400000000000000000e+01 1.500000000000000000e+01 5.118200000000000216e+01 6.024000000000000021e+00
3.600000000000000000e+01 1.500000000000000000e+01 5.118200000000000216e+01 5.916000000000000369e+00
4.800000000000000000e+01 1.500000000000000000e+01 5.131199999999999761e+01 5.916000000000000369e+00
6.000000000000000000e+01 1.500000000000000000e+01 5.131199999999999761e+01 5.828999999999999737e+00
7.200000000000000000e+01 1.500000000000000000e+01 5.131199999999999761e+01 5.828999999999999737e+00
8.400000000000000000e+01 1.500000000000000000e+01 5.131199999999999761e+01 5.828999999999999737e+00
9.600000000000000000e+01 1.500000000000000000e+01 5.146320592329337984e+01 5.916736555522569496e+00
1.080000000000000000e+02 1.500000000000000000e+01 5.157631935533213152e+01 5.870694475009665680e+00
1.200000000000000000e+02 1.500000000000000000e+01 5.166931442250633921e+01 5.792305839236391307e+00
1.320000000000000000e+02 1.500000000000000000e+01 5.192222840294295594e+01 5.677193094861838318e+00
1.440000000000000000e+02 1.500000000000000000e+01 5.203820508064524830e+01 5.530478231701668967e+00
1.560000000000000000e+02 1.500000000000000000e+01 5.205261807963950815e+01 5.456420411406703863e+00
1.680000000000000000e+02 1.500000000000000000e+01 5.214351506255987800e+01 5.420194082688656323e+00
1.800000000000000000e+02 1.500000000000000000e+01 5.213553879390929069e+01 5.406709767182045212e+00
1.920000000000000000e+02 1.500000000000000000e+01 5.213542462173899139e+01 5.147582893704127471e+00
2.040000000000000000e+02 1.500000000000000000e+01 5.187249788796663097e+01 5.302833555432759027e+00
2.160000000000000000e+02 1.500000000000000000e+01 5.174337175487556806e+01 5.474472695168517866e+00
2.280000000000000000e+02 1.500000000000000000e+01 5.168616057109596795e+01 5.586090617509404943e+00
0.000000000000000000e+00 1.700000000000000000e+01 5.046699999999999875e+01 5.395999999999999908e+00
1.200000000000000000e+01 1.700000000000000000e+01 5.070600000000000307e+01 5.179000000000000270e+00
2.400000000000000000e+01 1.700000000000000000e+01 5.105199999999999960e+01 4.983999999999999986e+00
3.600000000000000000e+01 1.700000000000000000e+01 5.131199999999999761e+01 4.897000000000000242e+00
4.800000000000000000e+01 1.700000000000000000e+01 5.152900000000000347e+01 4.897000000000000242e+00
6.000000000000000000e+01 1.700000000000000000e+01 5.165899999999999892e+01 4.897000000000000242e+00
7.200000000000000000e+01 1.700000000000000000e+01 5.178900000000000148e+01 4.897000000000000242e+00
8.400000000000000000e+01 1.700000000000000000e+01 5.200600000000000023e+01 4.897000000000000242e+00
9.600000000000000000e+01 1.700000000000000000e+01 5.209562254475241616e+01 4.938017371130733579e+00
1.080000000000000000e+02 1.700000000000000000e+01 5.217662326345759993e+01 5.164818571932846325e+00
1.200000000000000000e+02 1.700000000000000000e+01 5.227021986857288027e+01 5.575834956854443192e+00
1.320000000000000000e+02 1.700000000000000000e+01 5.216648242526451895e+01 5.782593246626987593e+00
1.440000000000000000e+02 1.700000000000000000e+01 5.209846711062145630e+01 6.029041288915160557e+00
1.560000000000000000e+02 1.700000000000000000e+01 5.218081077640101029e+01 6.152608214401860565e+00
1.680000000000000000e+02 1.700000000000000000e+01 5.210057495253450099e+01 6.210110338245448780e+00
1.800000000000000000e+02 1.700000000000000000e+01 5.206369733091443663e+01 6.197243627875907102e+00
1.920000000000000000e+02 1.700000000000000000e+01 5.214057387260358212e+01 6.226917206331203936e+00
2.040000000000000000e+02 1.700000000000000000e+01 5.250876559596123627e+01 5.934252186543190533e+00
2.160000000000000000e+02 1.700000000000000000e+01 5.276356500859546372e+01 5.806872772472217115e+00
2.280000000000000000e+02 1.700000000000000000e+01 5.327504842186328204e+01 5.696989496299380562e+00
0.000000000000000000e+00 1.900000000000000000e+01 4.663199999999999790e+01 9.253000000000000114e+00
1.200000000000000000e+01 1.900000000000000000e+01 4.641499999999999915e+01 9.750999999999999446e+00
2.400000000000000000e+01 1.900000000000000000e+01 4.615500000000000114e+01 1.024900000000000055e+01
3.600000000000000000e+01 1.900000000000000000e+01 4.593800000000000239e+01 1.072600000000000087e+01
4.800000000000000000e+01 1.900000000000000000e+01 4.580799999999999983e+01 1.122499999999999964e+01
6.000000000000000000e+01 1.900000000000000000e+01 4.567799999999999727e+01 1.172300000000000075e+01
7.200000000000000000e+01 1.900000000000000000e+01 4.557000000000000028e+01 1.219999999999999929e+01
8.400000000000000000e+01 1.900000000000000000e+01 4.557000000000000028e+01 1.269800000000000040e+01
9.600000000000000000e+01 1.900000000000000000e+01 4.551198626078323883e+01 1.312910212835599744e+01
1.080000000000000000e+02 1.900000000000000000e+01 4.565825425442629637e+01 1.355474620522636009e+01
1.200000000000000000e+02 1.900000000000000000e+01 4.560068416177016104e+01 1.384357987975269921e+01
1.320000000000000000e+02 1.900000000000000000e+01 4.537178368677207629e+01 1.446117498566458082e+01
1.440000000000000000e+02 1.900000000000000000e+01 4.529455567237584290e+01 1.504757887596749200e+01
1.560000000000000000e+02 1.900000000000000000e+01 4.514011600284223391e+01 1.548533458356124726e+01
1.680000000000000000e+02 1.900000000000000000e+01 4.522165334535377923e+01 1.619367009765716858e+01
1.800000000000000000e+02 1.900000000000000000e+01 4.510952650861138125e+01 1.665838099704086517e+01
1.920000000000000000e+02 1.900000000000000000e+01 4.537475714760337553e+01 1.720811754829467333e+01
2.040000000000000000e+02 1.900000000000000000e+01 4.555325667206050611e+01 1.746599357801282082e+01
2.160000000000000000e+02 1.900000000000000000e+01 4.585086854695924075e+01 1.786480306257169559e+01
2.280000000000000000e+02 1.900000000000000000e+01 4.607896808885526241e+01 1.821620239019547682e+01
0.000000000000000000e+00 2.100000000000000000e+01 4.676200000000000045e+01 1.280599999999999916e+01
1.200000000000000000e+01 2.100000000000000000e+01 4.676200000000000045e+01 1.269800000000000040e+01
2.400000000000000000e+01 2.100000000000000000e+01 4.676200000000000045e+01 1.269800000000000040e+01
3.600000000000000000e+01 2.100000000000000000e+01 4.676200000000000045e+01 1.269800000000000040e+01
4.800000000000000000e+01 2.100000000000000000e+01 4.676200000000000045e+01 1.269800000000000040e+01
6.000000000000000000e+01 2.100000000000000000e+01 4.676200000000000045e+01 1.261100000000000065e+01
7.200000000000000000e+01 2.100000000000000000e+01 4.676200000000000045e+01 1.261100000000000065e+01
8.400000000000000000e+01 2.100000000000000000e+01 4.676200000000000045e+01 1.261100000000000065e+01
9.600000000000000000e+01 2.100000000000000000e+01 4.678029512252090427e+01 1.256315069074273794e+01
1.080000000000000000e+02 2.100000000000000000e+01 4.678098678955900169e+01 1.234859982966248815e+01
1.200000000000000000e+02 2.100000000000000000e+01 4.674674766447394347e+01 1.253458944640300743e+01
1.320000000000000000e+02 2.100000000000000000e+01 4.651918145381898739e+01 1.243047360936469303e+01
1.440000000000000000e+02 2.100000000000000000e+01 4.645685813270237929e+01 1.239449801420554920e+01
1.560000000000000000e+02 2.100000000000000000e+01 4.652087471427687149e+01 1.237346481150666833e+01
1.680000000000000000e+02 2.100000000000000000e+01 4.647146417588135847e+01 1.220651181933569696e+01
1.800000000000000000e+02 2.100000000000000000e+01 4.636471549848912588e+01 1.223943470235516884e+01
1.920000000000000000e+02 2.100000000000000000e+01 4.642388876054520352e+01 1.237612304033870458e+01
2.040000000000000000e+02 2.100000000000000000e+01 4.662719203401249501e+01 1.238976389055797966e+01
2.160000000000000000e+02 2.100000000000000000e+01 4.662030835889236613e+01 1.236686262801261726e+01
2.280000000000000000e+02 2.100000000000000000e+01 4.689618354822431456e+01 1.243657362480248274e+01
0.000000000000000000e+00 2.300000000000000000e+01 4.713000000000000256e+01 1.161500000000000021e+01
1.200000000000000000e+01 2.300000000000000000e+01 4.713000000000000256e+01 1.161500000000000021e+01
2.400000000000000000e+01 2.300000000000000000e+01 4.713000000000000256e+01 1.161500000000000021e+01
3.600000000000000000e+01 2.300000000000000000e+01 4.713000000000000256e+01 1.161500000000000021e+01
4.800000000000000000e+01 2.300000000000000000e+01 4.713000000000000256e+01 1.161500000000000021e+01
6.000000000000000000e+01 2.300000000000000000e+01 4.713000000000000256e+01 1.161500000000000021e+01
7.200000000000000000e+01 2.300000000000000000e+01 4.713000000000000256e+01 1.161500000000000021e+01
8.400000000000000000e+01 2.300000000000000000e+01 4.713000000000000256e+01 1.161500000000000021e+01
9.600000000000000000e+01 2.300000000000000000e+01 4.723590113503980348e+01 1.140596372545653026e+01
1.080000000000000000e+02 2.300000000000000000e+01 4.714096849146202572e+01 1.147163227071266789e+01
1.200000000000000000e+02 2.300000000000000000e+01 4.710799947646498254e+01 1.149144026179239297e+01
1.320000000000000000e+02 2.300000000000000000e+01 4.706952418926294257e+01 1.135161746256239645e+01
1.440000000000000000e+02 2.300000000000000000e+01 4.709165201062053541e+01 1.134581538098277775e+01
1.560000000000000000e+02 2.300000000000000000e+01 4.709805925783702918e+01 1.139038935668351016e+01
1.680000000000000000e+02 2.300000000000000000e+01 4.712734784385257569e+01 1.128100765164022334e+01
1.800000000000000000e+02 2.300000000000000000e+01 4.718527143605338381e+01 1.148202392470395239e+01
1.920000000000000000e+02 2.300000000000000000e+01 4.712551537610519858e+01 1.155069929946595408e+01
2.040000000000000000e+02 2.300000000000000000e+01 4.703757529220500544e+01 1.160531894571542821e+01
2.160000000000000000e+02 2.300000000000000000e+01 4.700500455169712666e+01 1.152673678814586289e+01
2.280000000000000000e+02 2.300000000000000000e+01 4.697103563907951695e+01 1.178668176800547229e+01
0.000000000000000000e+00 2.500000000000000000e+01 5.200600000000000023e+01 9.208999999999999631e+00
1.200000000000000000e+01 2.500000000000000000e+01 5.226599999999999824e+01 9.317999999999999616e+00
2.400000000000000000e+01 2.500000000000000000e+01 5.261299999999999955e+01 9.403999999999999915e+00
3.600000000000000000e+01 2.500000000000000000e+01 5.295900000000000318e+01 9.512999999999999901e+00
4.800000000000000000e+01 2.500000000000000000e+01 5.296200000000000330e+01 9.515000000000000568e+00
6.000000000000000000e+01 2.500000000000000000e+01 5.296500000000000341e+01 9.516999999999999460e+00
7.200000000000000000e+01 2.500000000000000000e+01 5.296800000000000352e+01 9.521000000000000796e+00
8.400000000000000000e+01 2.500000000000000000e+01 5.297200000000000131e+01 9.522999999999999687e+00
9.600000000000000000e+01 2.500000000000000000e+01 5.285618654420831319e+01 9.539085748906453333e+00
1.080000000000000000e+02 2.500000000000000000e+01 5.280416140393284508e+01 9.421160921730889370e+00
1.200000000000000000e+02 2.500000000000000000e+01 5.274508652194485592e+01 9.436566922964196635e+00
1.320000000000000000e+02 2.500000000000000000e+01 5.266885397965080529e+01 9.214892438801545183e+00
1.440000000000000000e+02 2.500000000000000000e+01 5.249861215526478730e+01 9.242950897113745512e+00
1.560000000000000000e+02 2.500000000000000000e+01 5.239634310148707641e+01 9.125436069706362119e+00
1.680000000000000000e+02 2.500000000000000000e+01 5.243708882694193818e+01 9.274086023114215038e+00
1.800000000000000000e+02 2.500000000000000000e+01 5.250754138120476000e+01 9.186686245110426086e+00
1.920000000000000000e+02 2.500000000000000000e+01 5.251077896886113194e+01 9.361348233552270415e+00
2.040000000000000000e+02 2.500000000000000000e+01 5.260603767078198700e+01 9.452389625566549824e+00
2.160000000000000000e+02 2.500000000000000000e+01 5.295838158453670275e+01 9.561818757577272621e+00
2.280000000000000000e+02 2.500000000000000000e+01 5.285529845601261911e+01 9.716706705027133850e+00
0.000000000000000000e+00 2.700000000000000000e+01 5.339300000000000068e+01 -1.949999999999999956e+00
1.200000000000000000e+01 2.700000000000000000e+01 5.339300000000000068e+01 -1.949999999999999956e+00
2.400000000000000000e+01 2.700000000000000000e+01 5.339300000000000068e+01 -1.949999999999999956e+00
3.600000000000000000e+01 2.700000000000000000e+01 5.339300000000000068e+01 -1.820000000000000062e+00
4.800000000000000000e+01 2.700000000000000000e+01 5.339300000000000068e+01 -1.820000000000000062e+00
6.000000000000000000e+01 2.700000000000000000e+01 5.343599999999999994e+01 -1.733999999999999986e+00
7.200000000000000000e+01 2.700000000000000000e+01 5.343599999999999994e+01 -1.733999999999999986e+00
8.400000000000000000e+01 2.700000000000000000e+01 5.350099999999999767e+01 -1.647000000000000020e+00
9.600000000000000000e+01 2.700000000000000000e+01 5.364792759443055559e+01 -1.393659015806778090e+00
1.080000000000000000e+02 2.700000000000000000e+01 5.363835142285655877e+01 -1.496547570939638305e+00
1.200000000000000000e+02 2.700000000000000000e+01 5.383812417070279110e+01 -1.457280925060329135e+00
1.320000000000000000e+02 2.700000000000000000e+01 5.408205087783807130e+01 -1.503606745383925247e+00
1.440000000000000000e+02 2.700000000000000000e+01 5.420002515844296909e+01 -1.500021312577557664e+00
1.560000000000000000e+02 2.700000000000000000e+01 5.435522848988839684e+01 -1.563585392347477843e+00
1.680000000000000000e+02 2.700000000000000000e+01 5.427162796117477228e+01 -1.476751765771100899e+00
1.800000000000000000e+02 2.700000000000000000e+01 5.412109300264930312e+01 -1.647802814603918531e+00
1.920000000000000000e+02 2.700000000000000000e+01 5.411684026131113256e+01 -1.325436120966070330e+00
2.040000000000000000e+02 2.700000000000000000e+01 5.378908255491761992e+01 -1.399910924406022161e+00
2.160000000000000000e+02 2.700000000000000000e+01 5.380881842134758841e+01 -1.144430843168903422e+00
2.280000000000000000e+02 2.700000000000000000e+01 5.380938487572876738e+01 -1.138150297283214041e+00
0.000000000000000000e+00 2.900000000000000000e+01 1.196100000000000030e+01 -2.212399999999999878e+01
1.200000000000000000e+01 2.900000000000000000e+01 1.222100000000000009e+01 -2.231899999999999906e+01
2.400000000000000000e+01 2.900000000000000000e+01 1.243800000000000061e+01 -2.247100000000000009e+01
3.600000000000000000e+01 2.900000000000000000e+01 1.269800000000000040e+01 -2.260099999999999909e+01
4.800000000000000000e+01 2.900000000000000000e+01 1.304499999999999993e+01 -2.277400000000000091e+01
6.000000000000000000e+01 2.900000000000000000e+01 1.330499999999999972e+01 -2.290399999999999991e+01
7.200000000000000000e+01 2.900000000000000000e+01 1.352200000000000024e+01 -2.305600000000000094e+01
8.400000000000000000e+01 2.900000000000000000e+01 1.365300000000000047e+01 -2.309900000000000020e+01
9.600000000000000000e+01 2.900000000000000000e+01 1.363473471375972679e+01 -2.289202183607852703e+01
1.080000000000000000e+02 2.900000000000000000e+01 1.353093435965386959e+01 -2.293103350239845639e+01
1.200000000000000000e+02 2.900000000000000000e+01 1.344733340188242643e+01 -2.267331865087493981e+01
1.320000000000000000e+02 2.900000000000000000e+01 1.332221980287923913e+01 -2.252984940815080606e+01
1.440000000000000000e+02 2.900000000000000000e+01 1.319440067293053254e+01 -2.263133730369943919e+01
1.560000000000000000e+02 2.900000000000000000e+01 1.297818367258666328e+01 -2.238652299383056743e+01
1.680000000000000000e+02 2.900000000000000000e+01 1.292853133743399319e+01 -2.236477206525173855e+01
1.800000000000000000e+02 2.900000000000000000e+01 1.297962403091355199e+01 -2.238736862604825717e+01
1.920000000000000000e+02 2.900000000000000000e+01 1.299166597572428472e+01 -2.245163135417802280e+01
2.040000000000000000e+02 2.900000000000000000e+01 1.311679554826201688e+01 -2.272576428786749148e+01
2.160000000000000000e+02 2.900000000000000000e+01 1.328007432963582701e+01 -2.274271930145321363e+01
2.280000000000000000e+02 2.900000000000000000e+01 1.382331247855200473e+01 -2.288112393510677833e+01
6.000000000000000000e+01 1.000000000000000000e+00 -1.339100000000000001e+01 -2.260099999999999909e+01
7.200000000000000000e+01 1.000000000000000000e+00 -1.135500000000000043e+01 -2.143100000000000094e+01
8.400000000000000000e+01 1.000000000000000000e+00 -9.317999999999999616e+00 -2.026099999999999923e+01
9.600000000000000000e+01 1.000000000000000000e+00 -7.301999999999999602e+00 -1.898199999999999932e+01
1.080000000000000000e+02 1.000000000000000000e+00 -5.286999999999999922e+00 -1.778999999999999915e+01
1.200000000000000000e+02 1.000000000000000000e+00 -3.379999999999999893e+00 -1.623000000000000043e+01
1.320000000000000000e+02 1.000000000000000000e+00 -1.560000000000000053e+00 -1.456199999999999939e+01
1.440000000000000000e+02 1.000000000000000000e+00 3.469999999999999751e-01 -1.298000000000000043e+01
1.560000000000000000e+02 1.000000000000000000e+00 2.123606710264215991e+00 -1.173241958594341483e+01
1.680000000000000000e+02 1.000000000000000000e+00 3.795474378547572414e+00 -1.011858291379408215e+01
1.800000000000000000e+02 1.000000000000000000e+00 5.344009224314096862e+00 -8.480339216569351635e+00
1.920000000000000000e+02 1.000000000000000000e+00 6.980784789585013250e+00 -6.995532166767731042e+00
2.040000000000000000e+02 1.000000000000000000e+00 8.494911870662635422e+00 -5.565569188523396882e+00
2.160000000000000000e+02 1.000000000000000000e+00 1.016541717853168159e+01 -4.090994110220691482e+00
2.280000000000000000e+02 1.000000000000000000e+00 1.217821918165018147e+01 -2.924145711308638873e+00
2.400000000000000000e+02 1.000000000000000000e+00 1.400798875332713678e+01 -1.211243987973683600e+00
2.520000000000000000e+02 1.000000000000000000e+00 1.611417235753545185e+01 5.027276290569511474e-02
2.640000000000000000e+02 1.000000000000000000e+00 1.847479772555717759e+01 1.352226841297690108e+00
2.760000000000000000e+02 1.000000000000000000e+00 2.090171124853661411e+01 2.622877840035044095e+00
2.880000000000000000e+02 1.000000000000000000e+00 2.348060816149931540e+01 3.964687634573347275e+00
2.400000000000000000e+02 4.000000000000000000e+00 4.039099999999999824e+01 7.692999999999999616e+00
2.520000000000000000e+02 4.000000000000000000e+00 4.039099999999999824e+01 7.692999999999999616e+00
2.640000000000000000e+02 4.000000000000000000e+00 4.039099999999999824e+01 7.692999999999999616e+00
2.760000000000000000e+02 4.000000000000000000e+00 4.039099999999999824e+01 7.692999999999999616e+00
2.880000000000000000e+02 4.000000000000000000e+00 4.039099999999999824e+01 7.692999999999999616e+00
3.000000000000000000e+02 4.000000000000000000e+00 4.039099999999999824e+01 7.692999999999999616e+00
3.120000000000000000e+02 4.000000000000000000e+00 4.039099999999999824e+01 7.692999999999999616e+00
3.240000000000000000e+02 4.000000000000000000e+00 4.039099999999999824e+01 7.692999999999999616e+00
3.360000000000000000e+02 4.000000000000000000e+00 4.030891541956484048e+01 7.806602463367624090e+00
3.480000000000000000e+02 4.000000000000000000e+00 4.044773920331304140e+01 7.635714451257711310e+00
3.600000000000000000e+02 4.000000000000000000e+00 4.032028992679462931e+01 7.308799232646389754e+00
3.720000000000000000e+02 4.000000000000000000e+00 4.035172865325112923e+01 7.296231849754168053e+00
3.840000000000000000e+02 4.000000000000000000e+00 4.023771081583268483e+01 7.351927214149677425e+00
3.960000000000000000e+02 4.000000000000000000e+00 4.027863467983334544e+01 7.302713234747055360e+00
4.080000000000000000e+02 4.000000000000000000e+00 4.029677993162850669e+01 7.290364198010895080e+00
4.200000000000000000e+02 4.000000000000000000e+00 4.047981279711060409e+01 7.315608700746272675e+00
4.320000000000000000e+02 4.000000000000000000e+00 4.041961436837873833e+01 7.186825301542766553e+00
4.440000000000000000e+02 4.000000000000000000e+00 4.042695895862538435e+01 7.427886386078290215e+00
4.560000000000000000e+02 4.000000000000000000e+00 4.053537071252654300e+01 7.580518141832893519e+00
4.680000000000000000e+02 4.000000000000000000e+00 4.039502241682500028e+01 7.729258061125442225e+00
2.400000000000000000e+02 6.000000000000000000e+00 4.050000000000000000e+01 5.525999999999999801e+00
2.520000000000000000e+02 6.000000000000000000e+00 4.050000000000000000e+01 5.525999999999999801e+00
2.640000000000000000e+02 6.000000000000000000e+00 4.050000000000000000e+01 5.525999999999999801e+00
2.760000000000000000e+02 6.000000000000000000e+00 4.050000000000000000e+01 5.525999999999999801e+00
2.880000000000000000e+02 6.000000000000000000e+00 4.050000000000000000e+01 5.525999999999999801e+00
3.000000000000000000e+02 6.000000000000000000e+00 4.050000000000000000e+01 5.525999999999999801e+00
3.120000000000000000e+02 6.000000000000000000e+00 4.050000000000000000e+01 5.525999999999999801e+00
3.240000000000000000e+02 6.000000000000000000e+00 4.050000000000000000e+01 5.525999999999999801e+00
3.360000000000000000e+02 6.000000000000000000e+00 4.044943995255069069e+01 5.577482738814577345e+00
3.480000000000000000e+02 6.000000000000000000e+00 4.058777295334071766e+01 5.595448782905490859e+00
3.600000000000000000e+02 6.000000000000000000e+00 4.074107448879306759e+01 5.471702007719694727e+00
3.720000000000000000e+02 6.000000000000000000e+00 4.100819500521194527e+01 5.366572342167104992e+00
3.840000000000000000e+02 6.000000000000000000e+00 4.099674223824018782e+01 5.411172641811125672e+00
3.960000000000000000e+02 6.000000000000000000e+00 4.123578873928084931e+01 5.244727023874423466e+00
4.080000000000000000e+02 6.000000000000000000e+00 4.140307544954394814e+01 4.984019031903514474e+00
4.200000000000000000e+02 6.000000000000000000e+00 4.146969233226124629e+01 5.165993148686668590e+00
4.320000000000000000e+02 6.000000000000000000e+00 4.146861778712815294e+01 5.034181680237109546e+00
4.440000000000000000e+02 6.000000000000000000e+00 4.134390455462310854e+01 5.379369925428875376e+00
4.560000000000000000e+02 6.000000000000000000e+00 4.105556055440297314e+01 5.434546874277335071e+00
4.680000000000000000e+02 6.000000000000000000e+00 4.056707915597544911e+01 5.339657670529058819e+00
2.400000000000000000e+02 8.000000000000000000e+00 4.502799999999999869e+01 7.541000000000000369e+00
2.520000000000000000e+02 8.000000000000000000e+00 4.502799999999999869e+01 7.541000000000000369e+00
2.640000000000000000e+02 8.000000000000000000e+00 4.502799999999999869e+01 7.541000000000000369e+00
2.760000000000000000e+02 8.000000000000000000e+00 4.502799999999999869e+01 7.541000000000000369e+00
2.880000000000000000e+02 8.000000000000000000e+00 4.502799999999999869e+01 7.541000000000000369e+00
3.000000000000000000e+02 8.000000000000000000e+00 4.502799999999999869e+01 7.541000000000000369e+00
3.120000000000000000e+02 8.000000000000000000e+00 4.502799999999999869e+01 7.541000000000000369e+00
3.240000000000000000e+02 8.000000000000000000e+00 4.502799999999999869e+01 7.541000000000000369e+00
3.360000000000000000e+02 8.000000000000000000e+00 4.487933462611133706e+01 7.680237742882864538e+00
3.480000000000000000e+02 8.000000000000000000e+00 4.495771486776538950e+01 7.495397704404494377e+00
3.600000000000000000e+02 8.000000000000000000e+00 4.498708332051661785e+01 7.558117097555880903e+00
3.720000000000000000e+02 8.000000000000000000e+00 4.498227469759883945e+01 7.614234268228816660e+00
3.840000000000000000e+02 8.000000000000000000e+00 4.485445764781019307e+01 7.456180976499290125e+00
3.960000000000000000e+02 8.000000000000000000e+00 4.489045418468367643e+01 7.491536696834816489e+00
4.080000000000000000e+02 8.000000000000000000e+00 4.510397476481232104e+01 7.659416736207271370e+00
4.200000000000000000e+02 8.000000000000000000e+00 4.497540441556979829e+01 7.628934353775031596e+00
4.320000000000000000e+02 8.000000000000000000e+00 4.522544468095011183e+01 7.588822018448063034e+00
4.440000000000000000e+02 8.000000000000000000e+00 4.508987228015215010e+01 7.395950110465327576e+00
4.560000000000000000e+02 8.000000000000000000e+00 4.517448442018078936e+01 7.456920272296251540e+00
4.680000000000000000e+02 8.000000000000000000e+00 4.505572191913430657e+01 7.624524773721309323e+00
2.400000000000000000e+02 1.000000000000000000e+01 4.455199999999999960e+01 6.868999999999999773e+00
2.520000000000000000e+02 1.000000000000000000e+01 4.455199999999999960e+01 6.868999999999999773e+00
2.640000000000000000e+02 1.000000000000000000e+01 4.455199999999999960e+01 6.868999999999999773e+00
2.760000000000000000e+02 1.000000000000000000e+01 4.455199999999999960e+01 6.868999999999999773e+00
2.880000000000000000e+02 1.000000000000000000e+01 4.455199999999999960e+01 6.868999999999999773e+00
3.000000000000000000e+02 1.000000000000000000e+01 4.455199999999999960e+01 6.868999999999999773e+00
3.120000000000000000e+02 1.000000000000000000e+01 4.455199999999999960e+01 6.868999999999999773e+00
3.240000000000000000e+02 1.000000000000000000e+01 4.455199999999999960e+01 6.868999999999999773e+00
3.360000000000000000e+02 1.000000000000000000e+01 4.453253078129662157e+01 6.954639102743945145e+00
3.480000000000000000e+02 1.000000000000000000e+01 4.446081030281467861e+01 6.850732312484959508e+00
3.600000000000000000e+02 1.000000000000000000e+01 4.458555353662043785e+01 7.116684965325385193e+00
3.720000000000000000e+02 1.000000000000000000e+01 4.421776096095280195e+01 7.137866371743161409e+00
3.840000000000000000e+02 1.000000000000000000e+01 4.440168163793497058e+01 6.958543587403637432e+00
3.960000000000000000e+02 1.000000000000000000e+01 4.424104458311853705e+01 6.923090306150660567e+00
4.080000000000000000e+02 1.000000000000000000e+01 4.422623864628013735e+01 6.813977748712787275e+00
4.200000000000000000e+02 1.000000000000000000e+01 4.433288067853924019e+01 6.733770568557718939e+00
4.320000000000000000e+02 1.000000000000000000e+01 4.429470863070294229e+01 6.684486301785457663e+00
4.440000000000000000e+02 1.000000000000000000e+01 4.433318262245097685e+01 6.679272121965400544e+00
4.560000000000000000e+02 1.000000000000000000e+01 4.435466207541986705e+01 6.708829252639645802e+00
4.680000000000000000e+02 1.000000000000000000e+01 4.439718110330939993e+01 6.917738133417815405e+00
2.400000000000000000e+02 1.200000000000000000e+01 4.788900000000000290e+01 6.413999999999999702e+00
2.520000000000000000e+02 1.200000000000000000e+01 4.788900000000000290e+01 6.413999999999999702e+00
2.640000000000000000e+02 1.200000000000000000e+01 4.788900000000000290e+01 6.413999999999999702e+00
2.760000000000000000e+02 1.200000000000000000e+01 4.788900000000000290e+01 6.413999999999999702e+00
2.880000000000000000e+02 1.200000000000000000e+01 4.788900000000000290e+01 6.413999999999999702e+00
3.000000000000000000e+02 1.200000000000000000e+01 4.788900000000000290e+01 6.413999999999999702e+00
3.120000000000000000e+02 1.200000000000000000e+01 4.788900000000000290e+01 6.413999999999999702e+00
3.240000000000000000e+02 1.200000000000000000e+01 4.788900000000000290e+01 6.413999999999999702e+00
3.360000000000000000e+02 1.200000000000000000e+01 4.779393924641696145e+01 6.536481462025951927e+00
3.480000000000000000e+02 1.200000000000000000e+01 4.779250670829179626e+01 6.697284964812103780e+00
3.600000000000000000e+02 1.200000000000000000e+01 4.787940059840803286e+01 6.628463712485112680e+00
3.720000000000000000e+02 1.200000000000000000e+01 4.787247790232180478e+01 6.702624224428658017e+00
3.840000000000000000e+02 1.200000000000000000e+01 4.776496976103101844e+01 6.628399719564091797e+00
3.960000000000000000e+02 1.200000000000000000e+01 4.751341659703385290e+01 6.481301351556506773e+00
4.080000000000000000e+02 1.200000000000000000e+01 4.744345486880453677e+01 6.508576970264343231e+00
4.200000000000000000e+02 1.200000000000000000e+01 4.743864814585432299e+01 6.513400215303249752e+00
4.320000000000000000e+02 1.200000000000000000e+01 4.756472452414185881e+01 6.413830193966996163e+00
4.440000000000000000e+02 1.200000000000000000e+01 4.766692768030511473e+01 6.355780937419521770e+00
4.560000000000000000e+02 1.200000000000000000e+01 4.764801508992780299e+01 6.433746185835306441e+00
4.680000000000000000e+02 1.200000000000000000e+01 4.776024761385734507e+01 6.372139030415540084e+00
2.400000000000000000e+02 1.400000000000000000e+01 5.248299999999999699e+01 3.922000000000000153e+00
2.520000000000000000e+02 1.400000000000000000e+01 5.248299999999999699e+01 3.922000000000000153e+00
2.640000000000000000e+02 1.400000000000000000e+01 5.248299999999999699e+01 3.922000000000000153e+00
2.760000000000000000e+02 1.400000000000000000e+01 5.248299999999999699e+01 3.922000000000000153e+00
2.880000000000000000e+02 1.400000000000000000e+01 5.248299999999999699e+01 3.922000000000000153e+00
3.000000000000000000e+02 1.400000000000000000e+01 5.248299999999999699e+01 3.922000000000000153e+00
3.120000000000000000e+02 1.400000000000000000e+01 5.248299999999999699e+01 3.922000000000000153e+00
3.240000000000000000e+02 1.400000000000000000e+01 5.248299999999999699e+01 3.922000000000000153e+00
3.360000000000000000e+02 1.400000000000000000e+01 5.238408229888785428e+01 3.915788019977134216e+00
3.480000000000000000e+02 1.400000000000000000e+01 5.231612584529123922e+01 4.107085471314098513e+00
3.600000000000000000e+02 1.400000000000000000e+01 5.196735115794595572e+01 3.960191477975717689e+00
3.720000000000000000e+02 1.400000000000000000e+01 5.176840815265653362e+01 4.033151844094659211e+00
3.840000000000000000e+02 1.400000000000000000e+01 5.165943457099825764e+01 4.294002777998482401e+00
3.960000000000000000e+02 1.400000000000000000e+01 5.154595227038296912e+01 4.425452499944820595e+00
4.080000000000000000e+02 1.400000000000000000e+01 5.186552289211348921e+01 4.603929757517905230e+00
4.200000000000000000e+02 1.400000000000000000e+01 5.175644582495782231e+01 4.602795447103442683e+00
4.320000000000000000e+02 1.400000000000000000e+01 5.192335628113860935e+01 4.444465009481696427e+00
4.440000000000000000e+02 1.400000000000000000e+01 5.215162410337486421e+01 4.328217097337574870e+00
4.560000000000000000e+02 1.400000000000000000e+01 5.221647754802459218e+01 4.087720426711436872e+00
4.680000000000000000e+02 1.400000000000000000e+01 5.254975469943916977e+01 4.067830429776869039e+00
2.400000000000000000e+02 1.600000000000000000e+01 5.165899999999999892e+01 5.525999999999999801e+00
2.520000000000000000e+02 1.600000000000000000e+01 5.165899999999999892e+01 5.525999999999999801e+00
2.640000000000000000e+02 1.600000000000000000e+01 5.165899999999999892e+01 5.525999999999999801e+00
2.760000000000000000e+02 1.600000000000000000e+01 5.165899999999999892e+01 5.525999999999999801e+00
2.880000000000000000e+02 1.600000000000000000e+01 5.165899999999999892e+01 5.525999999999999801e+00
3.000000000000000000e+02 1.600000000000000000e+01 5.165899999999999892e+01 5.525999999999999801e+00
3.120000000000000000e+02 1.600000000000000000e+01 5.165899999999999892e+01 5.525999999999999801e+00
3.240000000000000000e+02 1.600000000000000000e+01 5.165899999999999892e+01 5.525999999999999801e+00
3.360000000000000000e+02 1.600000000000000000e+01 5.153651731512265144e+01 5.540678789646603875e+00
3.480000000000000000e+02 1.600000000000000000e+01 5.138751939836851790e+01 5.548186339948104617e+00
3.600000000000000000e+02 1.600000000000000000e+01 5.141163061390326305e+01 5.473030533643791884e+00
3.720000000000000000e+02 1.600000000000000000e+01 5.141795732831606358e+01 5.496139282791088654e+00
3.840000000000000000e+02 1.600000000000000000e+01 5.162557653025386628e+01 5.496076493702011234e+00
3.960000000000000000e+02 1.600000000000000000e+01 5.150723528960676845e+01 5.522735370316526726e+00
4.080000000000000000e+02 1.600000000000000000e+01 5.149310228898092134e+01 5.393788815826091820e+00
4.200000000000000000e+02 1.600000000000000000e+01 5.158641954426089882e+01 5.579304188915910956e+00
4.320000000000000000e+02 1.600000000000000000e+01 5.176974104730482651e+01 5.431796533987885311e+00
4.440000000000000000e+02 1.600000000000000000e+01 5.164840051154523337e+01 5.615108732635381905e+00
4.560000000000000000e+02 1.600000000000000000e+01 5.151836521534946201e+01 5.566895255199191261e+00
4.680000000000000000e+02 1.600000000000000000e+01 5.187785224803755568e+01 5.544142337483801697e+00
2.400000000000000000e+02 1.800000000000000000e+01 5.308899999999999864e+01 5.395999999999999908e+00
2.520000000000000000e+02 1.800000000000000000e+01 5.308899999999999864e+01 5.395999999999999908e+00
2.640000000000000000e+02 1.800000000000000000e+01 5.295900000000000318e+01 5.395999999999999908e+00
2.760000000000000000e+02 1.800000000000000000e+01 5.285099999999999909e+01 5.395999999999999908e+00
2.880000000000000000e+02 1.800000000000000000e+01 5.285099999999999909e+01 5.286999999999999922e+00
3.000000000000000000e+02 1.800000000000000000e+01 5.274300000000000210e+01 5.286999999999999922e+00
3.120000000000000000e+02 1.800000000000000000e+01 5.261299999999999955e+01 5.286999999999999922e+00
3.240000000000000000e+02 1.800000000000000000e+01 5.248299999999999699e+01 5.286999999999999922e+00
3.360000000000000000e+02 1.800000000000000000e+01 5.235853788042730628e+01 5.558215647987085006e+00
3.480000000000000000e+02 1.800000000000000000e+01 5.245506452211792237e+01 5.451353310679226460e+00
3.600000000000000000e+02 1.800000000000000000e+01 5.248327663245049735e+01 5.524588481862336309e+00
3.720000000000000000e+02 1.800000000000000000e+01 5.241949733154210378e+01 5.406164319686661557e+00
3.840000000000000000e+02 1.800000000000000000e+01 5.262352657212305473e+01 5.627524873571486452e+00
3.960000000000000000e+02 1.800000000000000000e+01 5.267033454143265203e+01 5.612828066491832857e+00
4.080000000000000000e+02 1.800000000000000000e+01 5.286481985907010994e+01 5.299035365805480957e+00
4.200000000000000000e+02 1.800000000000000000e+01 5.286513337535861012e+01 5.428467006777474069e+00
4.320000000000000000e+02 1.800000000000000000e+01 5.269181905436050073e+01 5.143122275076484229e+00
4.440000000000000000e+02 1.800000000000000000e+01 5.242291072940767549e+01 4.999058235187094468e+00
4.560000000000000000e+02 1.800000000000000000e+01 5.205257395550730593e+01 4.998293244468303698e+00
4.680000000000000000e+02 1.800000000000000000e+01 5.142352832204804258e+01 4.883173907106649558e+00
2.400000000000000000e+02 2.000000000000000000e+01 4.615299999999999869e+01 1.856800000000000139e+01
2.520000000000000000e+02 2.000000000000000000e+01 4.613199999999999790e+01 1.828300000000000125e+01
2.640000000000000000e+02 2.000000000000000000e+01 4.611099999999999710e+01 1.799800000000000111e+01
2.760000000000000000e+02 2.000000000000000000e+01 4.609000000000000341e+01 1.771300000000000097e+01
2.880000000000000000e+02 2.000000000000000000e+01 4.606799999999999784e+01 1.742800000000000082e+01
3.000000000000000000e+02 2.000000000000000000e+01 4.604699999999999704e+01 1.714199999999999946e+01
3.120000000000000000e+02 2.000000000000000000e+01 4.602600000000000335e+01 1.685699999999999932e+01
3.240000000000000000e+02 2.000000000000000000e+01 4.600399999999999778e+01 1.657199999999999918e+01
3.360000000000000000e+02 2.000000000000000000e+01 4.592384238537221819e+01 1.642008417550770005e+01
3.480000000000000000e+02 2.000000000000000000e+01 4.592436981482298108e+01 1.620047888384009838e+01
3.600000000000000000e+02 2.000000000000000000e+01 4.570294183652500664e+01 1.596691530400127590e+01
3.720000000000000000e+02 2.000000000000000000e+01 4.570504675049025423e+01 1.609234009636820772e+01
3.840000000000000000e+02 2.000000000000000000e+01 4.555990898682038903e+01 1.588470182048238399e+01
3.960000000000000000e+02 2.000000000000000000e+01 4.547860836313669353e+01 1.577854291933453013e+01
4.080000000000000000e+02 2.000000000000000000e+01 4.544940020145245541e+01 1.534881190131135398e+01
4.200000000000000000e+02 2.000000000000000000e+01 4.530184137791436427e+01 1.485975033799144107e+01
4.320000000000000000e+02 2.000000000000000000e+01 4.538949488500762897e+01 1.441902748378052657e+01
4.440000000000000000e+02 2.000000000000000000e+01 4.541546369580827758e+01 1.401450827776059249e+01
4.560000000000000000e+02 2.000000000000000000e+01 4.556923360100439879e+01 1.359732638512748437e+01
4.680000000000000000e+02 2.000000000000000000e+01 4.581446756912232843e+01 1.321640494540452693e+01
2.400000000000000000e+02 2.200000000000000000e+01 4.689200000000000301e+01 1.230799999999999983e+01
2.520000000000000000e+02 2.200000000000000000e+01 4.689200000000000301e+01 1.230799999999999983e+01
2.640000000000000000e+02 2.200000000000000000e+01 4.689200000000000301e+01 1.230799999999999983e+01
2.760000000000000000e+02 2.200000000000000000e+01 4.689200000000000301e+01 1.219999999999999929e+01
2.880000000000000000e+02 2.200000000000000000e+01 4.689200000000000301e+01 1.219999999999999929e+01
3.000000000000000000e+02 2.200000000000000000e+01 4.689200000000000301e+01 1.219999999999999929e+01
3.120000000000000000e+02 2.200000000000000000e+01 4.689200000000000301e+01 1.219999999999999929e+01
3.240000000000000000e+02 2.200000000000000000e+01 4.689200000000000301e+01 1.219999999999999929e+01
3.360000000000000000e+02 2.200000000000000000e+01 4.690499841163595107e+01 1.222487944864950293e+01
3.480000000000000000e+02 2.200000000000000000e+01 4.720384227888924045e+01 1.212796016351217609e+01
3.600000000000000000e+02 2.200000000000000000e+01 4.720685667705043898e+01 1.202098359202517663e+01
3.720000000000000000e+02 2.200000000000000000e+01 4.753499025596461536e+01 1.187959389247482278e+01
3.840000000000000000e+02 2.200000000000000000e+01 4.751522513648125567e+01 1.195031973628817923e+01
3.960000000000000000e+02 2.200000000000000000e+01 4.758498446572467344e+01 1.193215543604886975e+01
4.080000000000000000e+02 2.200000000000000000e+01 4.753396641463545080e+01 1.189944913483250843e+01
4.200000000000000000e+02 2.200000000000000000e+01 4.743617237737984027e+01 1.179540805840197493e+01
4.320000000000000000e+02 2.200000000000000000e+01 4.709637184962585366e+01 1.194307676308595845e+01
4.440000000000000000e+02 2.200000000000000000e+01 4.699654249529729810e+01 1.193849911239198214e+01
4.560000000000000000e+02 2.200000000000000000e+01 4.687377207213096142e+01 1.184950826118469536e+01
4.680000000000000000e+02 2.200000000000000000e+01 4.693070116615560750e+01 1.186764048611885158e+01
2.400000000000000000e+02 2.400000000000000000e+01 4.713000000000000256e+01 1.161500000000000021e+01
2.520000000000000000e+02 2.400000000000000000e+01 4.713000000000000256e+01 1.161500000000000021e+01
2.640000000000000000e+02 2.400000000000000000e+01 4.713000000000000256e+01 1.161500000000000021e+01
2.760000000000000000e+02 2.400000000000000000e+01 4.713000000000000256e+01 1.161500000000000021e+01
2.880000000000000000e+02 2.400000000000000000e+01 4.713000000000000256e+01 1.161500000000000021e+01
3.000000000000000000e+02 2.400000000000000000e+01 4.713000000000000256e+01 1.161500000000000021e+01
3.120000000000000000e+02 2.400000000000000000e+01 4.713000000000000256e+01 1.161500000000000021e+01
3.240000000000000000e+02 2.400000000000000000e+01 4.713000000000000256e+01 1.161500000000000021e+01
3.360000000000000000e+02 2.400000000000000000e+01 4.703187440344285619e+01 1.164706838262235244e+01
3.480000000000000000e+02 2.400000000000000000e+01 4.718733600109356985e+01 1.162103520977780313e+01
3.600000000000000000e+02 2.400000000000000000e+01 4.736825699507184595e+01 1.163417156077805004e+01
3.720000000000000000e+02 2.400000000000000000e+01 4.751212127885453640e+01 1.170207713828974150e+01
3.840000000000000000e+02 2.400000000000000000e+01 4.776746960923767915e+01 1.185466180014390680e+01
3.960000000000000000e+02 2.400000000000000000e+01 4.782111150476972483e+01 1.205019797406915671e+01
4.080000000000000000e+02 2.400000000000000000e+01 4.803052916603259348e+01 1.210951418831096937e+01
4.200000000000000000e+02 2.400000000000000000e+01 4.787759040465999760e+01 1.210239353905059190e+01
4.320000000000000000e+02 2.400000000000000000e+01 4.781074856350623747e+01 1.207621865067473088e+01
4.440000000000000000e+02 2.400000000000000000e+01 4.745970345785746503e+01 1.186289725033837783e+01
4.560000000000000000e+02 2.400000000000000000e+01 4.728304080139215415e+01 1.176931085823161283e+01
4.680000000000000000e+02 2.400000000000000000e+01 4.707453879124061302e+01 1.170434628701850066e+01
2.400000000000000000e+02 2.600000000000000000e+01 5.301500000000000057e+01 9.558999999999999275e+00
2.520000000000000000e+02 2.600000000000000000e+01 5.301800000000000068e+01 9.561999999999999389e+00
2.640000000000000000e+02 2.600000000000000000e+01 5.302199999999999847e+01 9.564999999999999503e+00
2.760000000000000000e+02 2.600000000000000000e+01 5.302499999999999858e+01 9.567000000000000171e+00
2.880000000000000000e+02 2.600000000000000000e+01 5.302799999999999869e+01 9.570000000000000284e+00
3.000000000000000000e+02 2.600000000000000000e+01 5.303199999999999648e+01 9.573000000000000398e+00
3.120000000000000000e+02 2.600000000000000000e+01 5.303499999999999659e+01 9.576000000000000512e+00
3.240000000000000000e+02 2.600000000000000000e+01 5.303799999999999670e+01 9.579000000000000625e+00
3.360000000000000000e+02 2.600000000000000000e+01 5.296756184448338445e+01 9.490119917064987476e+00
3.480000000000000000e+02 2.600000000000000000e+01 5.325223200630262710e+01 9.797412976924764649e+00
3.600000000000000000e+02 2.600000000000000000e+01 5.313502474892655414e+01 9.907837107609527294e+00
3.720000000000000000e+02 2.600000000000000000e+01 5.327601234313534917e+01 1.017367903645672200e+01
3.840000000000000000e+02 2.600000000000000000e+01 5.320962410905362816e+01 1.009102286806734838e+01
3.960000000000000000e+02 2.600000000000000000e+01 5.301989206416747891e+01 1.011749398097830976e+01
4.080000000000000000e+02 2.600000000000000000e+01 5.279249483654243846e+01 1.015501534382841697e+01
4.200000000000000000e+02 2.600000000000000000e+01 5.290194291497405743e+01 9.979724430533092772e+00
4.320000000000000000e+02 2.600000000000000000e+01 5.285507564521216750e+01 9.901317036138221894e+00
4.440000000000000000e+02 2.600000000000000000e+01 5.277204752752888339e+01 9.815748653011254987e+00
4.560000000000000000e+02 2.600000000000000000e+01 5.292935368293892395e+01 9.738262362580808684e+00
4.680000000000000000e+02 2.600000000000000000e+01 5.304889881895300618e+01 9.632050999091122279e+00
2.400000000000000000e+02 2.800000000000000000e+01 5.380400000000000205e+01 -1.040000000000000036e+00
2.520000000000000000e+02 2.800000000000000000e+01 5.384799999999999898e+01 -9.529999999999999583e-01
2.640000000000000000e+02 2.800000000000000000e+01 5.384799999999999898e+01 -9.529999999999999583e-01
2.760000000000000000e+02 2.800000000000000000e+01 5.384799999999999898e+01 -8.669999999999999929e-01
2.880000000000000000e+02 2.800000000000000000e+01 5.384799999999999898e+01 -8.669999999999999929e-01
3.000000000000000000e+02 2.800000000000000000e+01 5.397800000000000153e+01 -7.369999999999999885e-01
3.120000000000000000e+02 2.800000000000000000e+01 5.397800000000000153e+01 -7.369999999999999885e-01
3.240000000000000000e+02 2.800000000000000000e+01 5.397800000000000153e+01 -6.500000000000000222e-01
3.360000000000000000e+02 2.800000000000000000e+01 5.402389408920230096e+01 -6.186190591505118519e-01
3.480000000000000000e+02 2.800000000000000000e+01 5.398143165565822699e+01 -6.169594529572671737e-01
3.600000000000000000e+02 2.800000000000000000e+01 5.417156390654140807e+01 -6.807866552298950102e-01
3.720000000000000000e+02 2.800000000000000000e+01 5.403967040407889044e+01 -7.593026200107536594e-01
3.840000000000000000e+02 2.800000000000000000e+01 5.398281583154090413e+01 -7.028461577946322203e-01
3.960000000000000000e+02 2.800000000000000000e+01 5.404433104102967889e+01 -3.970042561002841142e-01
4.080000000000000000e+02 2.800000000000000000e+01 5.401477058606096193e+01 -3.531350269973035916e-01
4.200000000000000000e+02 2.800000000000000000e+01 5.405470980930795122e+01 -1.848660837299864190e-01
4.320000000000000000e+02 2.800000000000000000e+01 5.397156674677378163e+01 -2.237580487922409267e-01
4.440000000000000000e+02 2.800000000000000000e+01 5.400233397659859236e+01 -1.612465952853261442e-01
4.560000000000000000e+02 2.800000000000000000e+01 5.414019857978921380e+01 1.545013548467739362e-01
4.680000000000000000e+02 2.800000000000000000e+01 5.445437830457849060e+01 1.151829763917342209e-01
2.400000000000000000e+02 3.000000000000000000e+01 1.369999999999999929e+01 -2.309900000000000020e+01
2.520000000000000000e+02 3.000000000000000000e+01 1.370400000000000063e+01 -2.309900000000000020e+01
2.640000000000000000e+02 3.000000000000000000e+01 1.370700000000000074e+01 -2.309900000000000020e+01
2.760000000000000000e+02 3.000000000000000000e+01 1.371100000000000030e+01 -2.309900000000000020e+01
2.880000000000000000e+02 3.000000000000000000e+01 1.371499999999999986e+01 -2.309900000000000020e+01
3.000000000000000000e+02 3.000000000000000000e+01 1.371899999999999942e+01 -2.309900000000000020e+01
3.120000000000000000e+02 3.000000000000000000e+01 1.372199999999999953e+01 -2.309900000000000020e+01
3.240000000000000000e+02 3.000000000000000000e+01 1.372600000000000087e+01 -2.309900000000000020e+01
3.360000000000000000e+02 3.000000000000000000e+01 1.371923503325872495e+01 -2.314344218977298340e+01
3.480000000000000000e+02 3.000000000000000000e+01 1.388458912345239682e+01 -2.306763328214884723e+01
3.600000000000000000e+02 3.000000000000000000e+01 1.376064382094260097e+01 -2.305763078790727150e+01
3.720000000000000000e+02 3.000000000000000000e+01 1.376953475560845419e+01 -2.297348454325135236e+01
3.840000000000000000e+02 3.000000000000000000e+01 1.381215508253908197e+01 -2.293785753896422008e+01
3.960000000000000000e+02 3.000000000000000000e+01 1.388131210695784290e+01 -2.302872363508024733e+01
4.080000000000000000e+02 3.000000000000000000e+01 1.393147326334180214e+01 -2.300951410647956408e+01
4.200000000000000000e+02 3.000000000000000000e+01 1.428026381896282970e+01 -2.297398825981851900e+01
4.320000000000000000e+02 3.000000000000000000e+01 1.424969780877941972e+01 -2.295436859267340424e+01
4.440000000000000000e+02 3.000000000000000000e+01 1.427920005550738303e+01 -2.294670114616717882e+01
4.560000000000000000e+02 3.000000000000000000e+01 1.410021295726923007e+01 -2.292256627852291118e+01
4.680000000000000000e+02 3.000000000000000000e+01 1.374421592399333747e+01 -2.304651250754656999e+01
2.760000000000000000e+02 0.000000000000000000e+00 -1.696699999999999875e+01 -2.286100000000000065e+01
2.880000000000000000e+02 0.000000000000000000e+00 -1.523300000000000054e+01 -2.286100000000000065e+01
3.000000000000000000e+02 0.000000000000000000e+00 -1.345700000000000074e+01 -2.286100000000000065e+01
3.120000000000000000e+02 0.000000000000000000e+00 -1.167999999999999972e+01 -2.286100000000000065e+01
3.240000000000000000e+02 0.000000000000000000e+00 -9.858999999999999986e+00 -2.275300000000000011e+01
3.360000000000000000e+02 0.000000000000000000e+00 -7.823000000000000398e+00 -2.266600000000000037e+01
3.480000000000000000e+02 0.000000000000000000e+00 -5.828999999999999737e+00 -2.266600000000000037e+01
3.600000000000000000e+02 0.000000000000000000e+00 -3.791999999999999815e+00 -2.255799999999999983e+01
3.720000000000000000e+02 0.000000000000000000e+00 -1.708458370798787929e+00 -2.243001095637868048e+01
3.840000000000000000e+02 0.000000000000000000e+00 3.092747157568748739e-01 -2.253454206273596583e+01
3.960000000000000000e+02 0.000000000000000000e+00 2.550927743975730522e+00 -2.239457823610873533e+01
4.080000000000000000e+02 0.000000000000000000e+00 4.551760321947118548e+00 -2.242136987986297925e+01
4.200000000000000000e+02 0.000000000000000000e+00 6.690075268771003891e+00 -2.222990550826138900e+01
4.320000000000000000e+02 0.000000000000000000e+00 8.755543407670213440e+00 -2.199984123234280986e+01
4.440000000000000000e+02 0.000000000000000000e+00 1.069172807710656237e+01 -2.179825113020462979e+01
4.560000000000000000e+02 0.000000000000000000e+00 1.244200821563654813e+01 -2.159839251931064652e+01
4.680000000000000000e+02 0.000000000000000000e+00 1.405700776778004979e+01 -2.138169071096837115e+01
4.800000000000000000e+02 0.000000000000000000e+00 1.588869930042348599e+01 -2.118764152850703653e+01
4.920000000000000000e+02 0.000000000000000000e+00 1.757533722373671026e+01 -2.100831511522907746e+01
5.040000000000000000e+02 0.000000000000000000e+00 1.898139538007295002e+01 -2.098843534047316695e+01
