0.000000000000000000e+00 0.000000000000000000e+00 -9.746000000000000441e+00 -1.406300000000000061e+01
1.200000000000000000e+01 0.000000000000000000e+00 -9.266000000000000014e+00 -1.384500000000000064e+01
2.400000000000000000e+01 0.000000000000000000e+00 -8.787000000000000810e+00 -1.356199999999999939e+01
3.600000000000000000e+01 0.000000000000000000e+00 -8.307000000000000384e+00 -1.336500000000000021e+01
4.800000000000000000e+01 0.000000000000000000e+00 -7.826999999999999957e+00 -1.306000000000000050e+01
6.000000000000000000e+01 0.000000000000000000e+00 -7.238999999999999879e+00 -1.275500000000000078e+01
7.200000000000000000e+01 0.000000000000000000e+00 -6.759000000000000341e+00 -1.258099999999999952e+01
8.400000000000000000e+01 0.000000000000000000e+00 -6.278999999999999915e+00 -1.227500000000000036e+01
9.600000000000000000e+01 0.000000000000000000e+00 -5.815723921075176328e+00 -1.142466248927595451e+01
1.080000000000000000e+02 0.000000000000000000e+00 -6.176249804661174458e+00 -1.149142500851278115e+01
1.200000000000000000e+02 0.000000000000000000e+00 -5.732872412449809829e+00 -9.629433082185759218e+00
1.320000000000000000e+02 0.000000000000000000e+00 -4.260860224638979510e+00 -8.099459972385945505e+00
1.440000000000000000e+02 0.000000000000000000e+00 -3.521837558479410379e+00 -6.436916220856482518e+00
1.560000000000000000e+02 0.000000000000000000e+00 -1.626055272818381470e+00 -2.598681598347987176e+00
1.680000000000000000e+02 0.000000000000000000e+00 1.154924179467941014e+00 -3.272332535291754052e+00
1.800000000000000000e+02 0.000000000000000000e+00 1.169202268127953026e+00 -4.016491942982773011e+00
1.920000000000000000e+02 0.000000000000000000e+00 2.938208141658956940e+00 -6.043686217126490234e+00
2.040000000000000000e+02 0.000000000000000000e+00 2.532639199952901432e+00 -7.586274722123759418e+00
2.160000000000000000e+02 0.000000000000000000e+00 -1.374064559224388027e-01 -6.490947341025740336e+00
2.280000000000000000e+02 0.000000000000000000e+00 2.292797210144126019e-01 -6.745113165234557506e+00
0.000000000000000000e+00 1.000000000000000000e+00 -7.588000000000000078e+00 1.528400000000000070e+01
1.200000000000000000e+01 1.000000000000000000e+00 -7.216999999999999638e+00 1.541499999999999915e+01
2.400000000000000000e+01 1.000000000000000000e+00 -6.868000000000000327e+00 1.550200000000000067e+01
3.600000000000000000e+01 1.000000000000000000e+00 -6.387999999999999901e+00 1.569800000000000040e+01
4.800000000000000000e+01 1.000000000000000000e+00 -6.040000000000000036e+00 1.580700000000000038e+01
6.000000000000000000e+01 1.000000000000000000e+00 -5.559999999999999609e+00 1.598199999999999932e+01
7.200000000000000000e+01 1.000000000000000000e+00 -5.189000000000000057e+00 1.609100000000000108e+01
8.400000000000000000e+01 1.000000000000000000e+00 -4.818999999999999950e+00 1.619999999999999929e+01
9.600000000000000000e+01 1.000000000000000000e+00 -2.987236654745388353e+00 1.526234935225846989e+01
1.080000000000000000e+02 1.000000000000000000e+00 -3.896758217152261672e+00 1.451014259310871601e+01
1.200000000000000000e+02 1.000000000000000000e+00 -3.204337928363731880e+00 1.361008862195379265e+01
1.320000000000000000e+02 1.000000000000000000e+00 -2.599682583292414417e+00 1.196778583551277109e+01
1.440000000000000000e+02 1.000000000000000000e+00 -6.674691229565207218e-01 9.583028086417193947e+00
1.560000000000000000e+02 1.000000000000000000e+00 -1.370568420196061510e+00 8.646554062556683462e+00
1.680000000000000000e+02 1.000000000000000000e+00 -2.679772065063882547e+00 8.716115967367086270e+00
1.800000000000000000e+02 1.000000000000000000e+00 -1.147661467803027913e+00 9.456318564131407811e+00
1.920000000000000000e+02 1.000000000000000000e+00 -4.417781337450689350e+00 1.068818693636622008e+01
2.040000000000000000e+02 1.000000000000000000e+00 -2.181541032946930248e+00 1.292974001124364314e+01
2.160000000000000000e+02 1.000000000000000000e+00 -1.320853191679746352e+00 1.464204061318987016e+01
2.280000000000000000e+02 1.000000000000000000e+00 8.743700633786643042e-03 1.710910633719536023e+01
0.000000000000000000e+00 3.000000000000000000e+00 2.814799999999999969e+01 1.955799999999999983e+01
1.200000000000000000e+01 3.000000000000000000e+00 2.814799999999999969e+01 1.955799999999999983e+01
2.400000000000000000e+01 3.000000000000000000e+00 2.814799999999999969e+01 1.955799999999999983e+01
3.600000000000000000e+01 3.000000000000000000e+00 2.814799999999999969e+01 1.955799999999999983e+01
4.800000000000000000e+01 3.000000000000000000e+00 2.814799999999999969e+01 1.955799999999999983e+01
6.000000000000000000e+01 3.000000000000000000e+00 2.814799999999999969e+01 1.955799999999999983e+01
7.200000000000000000e+01 3.000000000000000000e+00 2.814799999999999969e+01 1.955799999999999983e+01
8.400000000000000000e+01 3.000000000000000000e+00 2.814799999999999969e+01 1.955799999999999983e+01
9.600000000000000000e+01 3.000000000000000000e+00 2.818470628332543271e+01 1.802879768229699664e+01
1.080000000000000000e+02 3.000000000000000000e+00 2.817282457766040693e+01 1.814406930572720356e+01
1.200000000000000000e+02 3.000000000000000000e+00 3.062779380784660077e+01 1.870627490388311642e+01
1.320000000000000000e+02 3.000000000000000000e+00 3.123311686803035769e+01 1.820307494510477397e+01
1.440000000000000000e+02 3.000000000000000000e+00 3.375788815803792176e+01 1.863041598704584345e+01
1.560000000000000000e+02 3.000000000000000000e+00 3.568720219856829345e+01 1.873193507263122015e+01
1.680000000000000000e+02 3.000000000000000000e+00 3.703205998758316042e+01 2.005698765204473943e+01
1.800000000000000000e+02 3.000000000000000000e+00 3.752379076345504672e+01 2.190626334867325653e+01
1.920000000000000000e+02 3.000000000000000000e+00 3.656121797931596262e+01 2.138776993620125211e+01
2.040000000000000000e+02 3.000000000000000000e+00 3.576271197216730968e+01 2.103346473668026917e+01
2.160000000000000000e+02 3.000000000000000000e+00 3.389829307843467632e+01 2.077701086840568223e+01
2.280000000000000000e+02 3.000000000000000000e+00 2.943062899112179309e+01 1.858643918044137067e+01
0.000000000000000000e+00 5.000000000000000000e+00 2.712300000000000111e+01 2.073499999999999943e+01
1.200000000000000000e+01 5.000000000000000000e+00 2.712300000000000111e+01 2.073499999999999943e+01
2.400000000000000000e+01 5.000000000000000000e+00 2.712300000000000111e+01 2.073499999999999943e+01
3.600000000000000000e+01 5.000000000000000000e+00 2.712300000000000111e+01 2.073499999999999943e+01
4.800000000000000000e+01 5.000000000000000000e+00 2.712300000000000111e+01 2.073499999999999943e+01
6.000000000000000000e+01 5.000000000000000000e+00 2.712300000000000111e+01 2.073499999999999943e+01
7.200000000000000000e+01 5.000000000000000000e+00 2.712300000000000111e+01 2.073499999999999943e+01
8.400000000000000000e+01 5.000000000000000000e+00 2.712300000000000111e+01 2.073499999999999943e+01
9.600000000000000000e+01 5.000000000000000000e+00 2.787178959499403774e+01 2.238183777475727965e+01
1.080000000000000000e+02 5.000000000000000000e+00 2.687600724272981267e+01 2.091832612641820077e+01
1.200000000000000000e+02 5.000000000000000000e+00 2.665404493911304229e+01 2.210482795124584854e+01
1.320000000000000000e+02 5.000000000000000000e+00 2.649768015748656325e+01 2.266842692677593973e+01
1.440000000000000000e+02 5.000000000000000000e+00 2.636509252319820007e+01 2.359451996334953350e+01
1.560000000000000000e+02 5.000000000000000000e+00 2.676189090385965130e+01 2.612489667708116059e+01
1.680000000000000000e+02 5.000000000000000000e+00 2.658257732768946013e+01 2.724705851314926974e+01
1.800000000000000000e+02 5.000000000000000000e+00 2.478966153532740790e+01 2.599041717987593358e+01
1.920000000000000000e+02 5.000000000000000000e+00 2.562955198965020998e+01 2.438028765605150383e+01
2.040000000000000000e+02 5.000000000000000000e+00 2.583141776375950371e+01 2.345586275994722314e+01
2.160000000000000000e+02 5.000000000000000000e+00 2.534726773558782043e+01 2.228761886613386878e+01
2.280000000000000000e+02 5.000000000000000000e+00 2.618619111647289088e+01 2.204308246491029166e+01
0.000000000000000000e+00 7.000000000000000000e+00 2.725400000000000134e+01 2.162900000000000134e+01
1.200000000000000000e+01 7.000000000000000000e+00 2.725400000000000134e+01 2.162900000000000134e+01
2.400000000000000000e+01 7.000000000000000000e+00 2.725400000000000134e+01 2.162900000000000134e+01
3.600000000000000000e+01 7.000000000000000000e+00 2.725400000000000134e+01 2.162900000000000134e+01
4.800000000000000000e+01 7.000000000000000000e+00 2.725400000000000134e+01 2.162900000000000134e+01
6.000000000000000000e+01 7.000000000000000000e+00 2.725400000000000134e+01 2.162900000000000134e+01
7.200000000000000000e+01 7.000000000000000000e+00 2.725400000000000134e+01 2.162900000000000134e+01
8.400000000000000000e+01 7.000000000000000000e+00 2.725400000000000134e+01 2.162900000000000134e+01
9.600000000000000000e+01 7.000000000000000000e+00 2.899989110840187934e+01 2.191936530043187048e+01
1.080000000000000000e+02 7.000000000000000000e+00 3.028079074981955898e+01 2.372562558132083055e+01
1.200000000000000000e+02 7.000000000000000000e+00 3.166128227854514421e+01 2.514962699218900966e+01
1.320000000000000000e+02 7.000000000000000000e+00 3.209239549240210465e+01 2.784808269344798859e+01
1.440000000000000000e+02 7.000000000000000000e+00 3.493738853948736534e+01 2.885715259751260575e+01
1.560000000000000000e+02 7.000000000000000000e+00 3.528387497364869319e+01 2.862642143028248398e+01
1.680000000000000000e+02 7.000000000000000000e+00 3.874437197876891048e+01 2.850061728029255903e+01
1.800000000000000000e+02 7.000000000000000000e+00 3.791776709778719123e+01 2.888110746719172894e+01
1.920000000000000000e+02 7.000000000000000000e+00 3.911656912322253277e+01 2.678989536934143700e+01
2.040000000000000000e+02 7.000000000000000000e+00 3.609321950579911942e+01 2.476678033455023709e+01
2.160000000000000000e+02 7.000000000000000000e+00 3.389613389848951641e+01 2.376554268219370769e+01
2.280000000000000000e+02 7.000000000000000000e+00 2.862888950451780090e+01 2.242927362646404887e+01
0.000000000000000000e+00 9.000000000000000000e+00 1.133799999999999919e+01 2.136700000000000088e+01
1.200000000000000000e+01 9.000000000000000000e+00 1.181700000000000017e+01 2.147599999999999909e+01
2.400000000000000000e+01 9.000000000000000000e+00 1.240600000000000058e+01 2.158500000000000085e+01
3.600000000000000000e+01 9.000000000000000000e+00 1.290799999999999947e+01 2.167299999999999827e+01
4.800000000000000000e+01 9.000000000000000000e+00 1.347499999999999964e+01 2.178200000000000003e+01
6.000000000000000000e+01 9.000000000000000000e+00 1.408500000000000085e+01 2.186899999999999977e+01
7.200000000000000000e+01 9.000000000000000000e+00 1.456499999999999950e+01 2.197800000000000153e+01
8.400000000000000000e+01 9.000000000000000000e+00 1.517500000000000071e+01 2.206500000000000128e+01
9.600000000000000000e+01 9.000000000000000000e+00 1.698482297517603712e+01 2.230286874804340869e+01
1.080000000000000000e+02 9.000000000000000000e+00 1.570965887503887970e+01 2.197624859655401863e+01
1.200000000000000000e+02 9.000000000000000000e+00 1.626647747799825083e+01 2.275203536843460483e+01
1.320000000000000000e+02 9.000000000000000000e+00 1.476325831977961478e+01 2.187363569062371482e+01
1.440000000000000000e+02 9.000000000000000000e+00 1.239558697859185266e+01 2.157458919036609757e+01
1.560000000000000000e+02 9.000000000000000000e+00 1.206224088261560645e+01 2.094984385130937454e+01
1.680000000000000000e+02 9.000000000000000000e+00 1.172344240171493723e+01 2.050590327471431351e+01
1.800000000000000000e+02 9.000000000000000000e+00 1.251877561474128697e+01 2.151285752758979442e+01
1.920000000000000000e+02 9.000000000000000000e+00 1.469784295969633270e+01 2.092566256190298901e+01
2.040000000000000000e+02 9.000000000000000000e+00 1.619458593827950921e+01 2.197974226552811672e+01
2.160000000000000000e+02 9.000000000000000000e+00 1.978210489675220884e+01 2.179591323475980857e+01
2.280000000000000000e+02 9.000000000000000000e+00 2.230202735694794214e+01 2.190166387055132446e+01
2.400000000000000000e+02 2.000000000000000000e+00 5.889999999999999680e-01 1.785699999999999932e+01
2.520000000000000000e+02 2.000000000000000000e+00 9.379999999999999449e-01 1.807499999999999929e+01
2.640000000000000000e+02 2.000000000000000000e+00 1.417000000000000037e+00 1.816199999999999903e+01
2.760000000000000000e+02 2.000000000000000000e+00 1.766000000000000014e+00 1.824899999999999878e+01
2.880000000000000000e+02 2.000000000000000000e+00 2.137000000000000011e+00 1.837999999999999901e+01
3.000000000000000000e+02 2.000000000000000000e+00 2.507000000000000117e+00 1.855499999999999972e+01
3.120000000000000000e+02 2.000000000000000000e+00 2.855999999999999872e+00 1.866400000000000148e+01
3.240000000000000000e+02 2.000000000000000000e+00 3.205000000000000071e+00 1.885999999999999943e+01
3.360000000000000000e+02 2.000000000000000000e+00 4.215059807059238217e+00 1.751898454161378993e+01
3.480000000000000000e+02 2.000000000000000000e+00 4.059200756564700363e+00 2.001835481099988101e+01
3.600000000000000000e+02 2.000000000000000000e+00 3.737068153663297920e+00 2.150948405009746267e+01
3.720000000000000000e+02 2.000000000000000000e+00 2.240543490408763105e+00 2.458911972462526307e+01
3.840000000000000000e+02 2.000000000000000000e+00 3.011185113403636482e+00 2.566269022044232884e+01
3.960000000000000000e+02 2.000000000000000000e+00 3.884932252099175365e+00 2.747148286300954112e+01
4.080000000000000000e+02 2.000000000000000000e+00 2.447079351944378978e+00 2.768064314737947029e+01
4.200000000000000000e+02 2.000000000000000000e+00 4.342064933111470459e+00 2.733453888814471711e+01
4.320000000000000000e+02 2.000000000000000000e+00 4.497446152377508888e+00 2.665582094661503021e+01
4.440000000000000000e+02 2.000000000000000000e+00 5.002337861229408489e+00 2.552354094992059430e+01
4.560000000000000000e+02 2.000000000000000000e+00 5.719609922848574612e+00 2.315907492390034506e+01
4.680000000000000000e+02 2.000000000000000000e+00 8.394427856038385372e+00 2.012175434265874685e+01
2.400000000000000000e+02 4.000000000000000000e+00 2.814799999999999969e+01 1.955799999999999983e+01
2.520000000000000000e+02 4.000000000000000000e+00 2.814799999999999969e+01 1.955799999999999983e+01
2.640000000000000000e+02 4.000000000000000000e+00 2.814799999999999969e+01 1.955799999999999983e+01
2.760000000000000000e+02 4.000000000000000000e+00 2.814799999999999969e+01 1.955799999999999983e+01
2.880000000000000000e+02 4.000000000000000000e+00 2.814799999999999969e+01 1.955799999999999983e+01
3.000000000000000000e+02 4.000000000000000000e+00 2.814799999999999969e+01 1.955799999999999983e+01
3.120000000000000000e+02 4.000000000000000000e+00 2.814799999999999969e+01 1.955799999999999983e+01
3.240000000000000000e+02 4.000000000000000000e+00 2.814799999999999969e+01 1.955799999999999983e+01
3.360000000000000000e+02 4.000000000000000000e+00 2.899272070096786535e+01 2.008731851370286847e+01
3.480000000000000000e+02 4.000000000000000000e+00 2.990444680905169506e+01 1.924396504422871246e+01
3.600000000000000000e+02 4.000000000000000000e+00 3.096254958917565858e+01 1.867616528712186863e+01
3.720000000000000000e+02 4.000000000000000000e+00 3.327129473300188067e+01 1.926051134399307685e+01
3.840000000000000000e+02 4.000000000000000000e+00 3.773595854756589318e+01 1.739087564623437032e+01
3.960000000000000000e+02 4.000000000000000000e+00 4.039633818058345582e+01 1.900759928858318304e+01
4.080000000000000000e+02 4.000000000000000000e+00 4.362677346589631355e+01 1.807834459913377145e+01
4.200000000000000000e+02 4.000000000000000000e+00 4.379427869583764021e+01 1.816569618440346900e+01
4.320000000000000000e+02 4.000000000000000000e+00 4.295063934397985861e+01 1.770033214030704372e+01
4.440000000000000000e+02 4.000000000000000000e+00 4.013179098379174548e+01 1.603083601135575265e+01
4.560000000000000000e+02 4.000000000000000000e+00 3.322539295246824764e+01 1.930465394392548362e+01
4.680000000000000000e+02 4.000000000000000000e+00 2.777483717162409604e+01 1.886901581561511776e+01
2.400000000000000000e+02 6.000000000000000000e+00 2.712300000000000111e+01 2.073499999999999943e+01
2.520000000000000000e+02 6.000000000000000000e+00 2.712300000000000111e+01 2.073499999999999943e+01
2.640000000000000000e+02 6.000000000000000000e+00 2.712300000000000111e+01 2.073499999999999943e+01
2.760000000000000000e+02 6.000000000000000000e+00 2.712300000000000111e+01 2.073499999999999943e+01
2.880000000000000000e+02 6.000000000000000000e+00 2.712300000000000111e+01 2.073499999999999943e+01
3.000000000000000000e+02 6.000000000000000000e+00 2.712300000000000111e+01 2.073499999999999943e+01
3.120000000000000000e+02 6.000000000000000000e+00 2.712300000000000111e+01 2.073499999999999943e+01
3.240000000000000000e+02 6.000000000000000000e+00 2.712300000000000111e+01 2.073499999999999943e+01
3.360000000000000000e+02 6.000000000000000000e+00 2.669548426666307606e+01 2.076107796585311149e+01
3.480000000000000000e+02 6.000000000000000000e+00 2.540957739406179172e+01 2.253107729814819393e+01
3.600000000000000000e+02 6.000000000000000000e+00 2.394986262243701347e+01 2.305678549795318233e+01
3.720000000000000000e+02 6.000000000000000000e+00 2.296878872302364982e+01 2.271737150811232908e+01
3.840000000000000000e+02 6.000000000000000000e+00 2.307067653195244006e+01 2.267403612252138956e+01
3.960000000000000000e+02 6.000000000000000000e+00 2.465471723078110600e+01 2.295943392350395840e+01
4.080000000000000000e+02 6.000000000000000000e+00 2.492260240989974207e+01 2.291663722133937142e+01
4.200000000000000000e+02 6.000000000000000000e+00 2.388010860994833706e+01 2.296101203615213393e+01
4.320000000000000000e+02 6.000000000000000000e+00 2.487071286203840614e+01 2.357205963507877300e+01
4.440000000000000000e+02 6.000000000000000000e+00 2.477788437720660752e+01 2.204769233237718140e+01
4.560000000000000000e+02 6.000000000000000000e+00 2.646655975113838721e+01 2.153552822235545250e+01
4.680000000000000000e+02 6.000000000000000000e+00 2.833443450824317011e+01 2.204336442131472040e+01
2.400000000000000000e+02 8.000000000000000000e+00 2.725400000000000134e+01 2.162900000000000134e+01
2.520000000000000000e+02 8.000000000000000000e+00 2.725400000000000134e+01 2.162900000000000134e+01
2.640000000000000000e+02 8.000000000000000000e+00 2.725400000000000134e+01 2.162900000000000134e+01
2.760000000000000000e+02 8.000000000000000000e+00 2.725400000000000134e+01 2.162900000000000134e+01
2.880000000000000000e+02 8.000000000000000000e+00 2.725400000000000134e+01 2.162900000000000134e+01
3.000000000000000000e+02 8.000000000000000000e+00 2.725400000000000134e+01 2.162900000000000134e+01
3.120000000000000000e+02 8.000000000000000000e+00 2.725400000000000134e+01 2.162900000000000134e+01
3.240000000000000000e+02 8.000000000000000000e+00 2.725400000000000134e+01 2.162900000000000134e+01
3.360000000000000000e+02 8.000000000000000000e+00 2.837844158454549870e+01 2.271621825050316090e+01
3.480000000000000000e+02 8.000000000000000000e+00 2.935079148755420420e+01 2.252594485820027970e+01
3.600000000000000000e+02 8.000000000000000000e+00 3.003024584580467859e+01 2.192690138361526664e+01
3.720000000000000000e+02 8.000000000000000000e+00 2.954192879270925687e+01 2.015242424471153981e+01
3.840000000000000000e+02 8.000000000000000000e+00 3.080345587486084824e+01 1.857736458245971534e+01
3.960000000000000000e+02 8.000000000000000000e+00 3.051328140150059554e+01 1.893296495686001180e+01
4.080000000000000000e+02 8.000000000000000000e+00 2.988617919270796008e+01 1.933290022039644995e+01
4.200000000000000000e+02 8.000000000000000000e+00 2.899785328093929593e+01 1.920412342087862001e+01
4.320000000000000000e+02 8.000000000000000000e+00 2.798109653506380567e+01 1.951997700980565398e+01
4.440000000000000000e+02 8.000000000000000000e+00 2.951641687512850254e+01 2.004860190342218118e+01
4.560000000000000000e+02 8.000000000000000000e+00 2.780329855217827983e+01 2.099383686968814189e+01
4.680000000000000000e+02 8.000000000000000000e+00 2.788281484285030487e+01 2.224106405158367394e+01
