4.20076	7.30324	-0.627809	-0.707288	1	1.10911	2	
-1.11899	5.10605	1.48105	-0.0497655	5	1.51601	3	
1.65847	6.17709	-0.883599	-0.179552	1	1.12756	2	
1.25486	6.15168	-1.00901	-0.0635357	1	1.12756	2	
6.59972	5.81325	-1.96203	-0.115986	1	1.91086	4	
5.88209	5.67733	-1.79407	-0.339798	1	1.91086	4	
5.10954	5.62595	-1.93137	-0.128434	1	1.91086	4	
12.8314	4.59866	-0.0032025	-0.0964903	3	0.0545689	6	
12.8301	4.56005	-0.003205	-0.096518	3	0.0545689	6	
10.2865	6.11906	-0.970747	0.348051	3	1.09959	7	
10.0935	6.24877	-0.482603	0.324277	3	1.09959	7	
9.33971	6.49112	-0.816569	-0.15276	2	1.12624	7	
8.2112	6.22954	-1.15444	-0.141591	2	1.12624	7	
7.78355	6.12891	-1.06914	-0.251573	2	1.12624	7	
10.8306	6.91564	-1.06535	-0.028241	2	1.12624	7	
8.67298	6.28618	-0.832751	-0.156755	2	1.12624	7	
9.44623	5.27723	-1.02243	-0.259405	3	1.10083	7	
12.142	7.25319	-1.00141	0.643856	1	1.1709	8	
11.839	7.19761	-0.757467	-0.138953	1	1.1709	8	
11.0093	7.48959	-1.04671	0.270381	1	1.1709	8	
10.5841	7.55992	-1.06289	0.175843	1	1.1709	8	
10.3424	7.42039	-0.60421	-0.348832	1	1.1709	8	
9.70597	7.42624	-1.59113	0.0146103	1	1.1709	8	
11.2522	6.8103	-0.950643	0.15764	1	1.20279	8	
10.829	6.87653	-1.05787	0.165575	1	1.20279	8	
8.4312	5.60536	-1.04165	-0.0549635	1	1.22012	8	
7.79803	5.59249	-1.58291	-0.0321892	1	1.22012	8	
2.21624	4.99398	-1.23119	-0.0694605	1	1.22012	8	
12.1351	7.06167	-1.37122	0.665865	1	1.47429	8	
11.6879	7.20817	-1.11789	0.366262	1	1.47429	8	
11.0384	7.25359	-1.62379	0.113549	1	1.47429	8	
10.5401	7.44549	-1.24577	0.479737	1	1.47429	8	
0.39359	3.6348	-1.40388	0.136772	2	1.45732	15	
-0.187024	3.55145	-1.45153	-0.208381	2	1.45732	15	
4.94289	5.16064	-1.37274	-0.055986	1	1.41275	15	
9.43737	6.8461	-1.58438	0.496256	4	1.63917	20	
10.9072	5.92846	-1.4532	-0.121269	2	1.35371	25	
10.2848	6.07943	-1.55592	0.377434	2	1.35371	25	
9.72685	6.10882	-1.39496	0.073482	2	1.35371	25	
4.36155	5.48526	-1.40607	-0.264471	2	1.35371	25	
11.7317	5.34014	-1.3976	0.54529	2	1.28903	25	
11.155	5.32562	-1.44193	-0.0363055	2	1.28903	25	
6.20604	5.11393	-1.33341	-0.160655	2	1.28903	25	
12.1462	5.2834	-1.02752	0.0437705	3	1.44983	25	
10.6272	4.83095	-1.48547	-0.539805	3	1.60128	26	
10.029	4.77167	-1.49559	-0.148184	3	1.60128	26	
9.37764	4.67217	-1.62832	-0.248759	3	1.60128	26	
5.62181	6.57888	1.80516	-0.207807	5	1.94076	33	
9.4022	6.0857	1.84788	0.00531875	5	1.84424	33	
9.4022	6.0857	1.84788	0.00531875	5	1.84424	33	
10.9515	5.0969	-2.12963	-0.307414	1	1.96228	37	
7.87855	5.50645	-1.98521	0.187701	1	1.96228	37	
-0.967482	1.82355	1.4241	0.841879	5	1.57088	38	
6.91854	5.25511	1.53536	-0.0602302	5	1.31133	46	
9.78385	5.58485	0.926987	0.361588	5	1.31133	46	
10.3729	5.35894	1.4727	-0.564793	5	1.31133	46	
-1.80358	5.31648	1.51567	0.0636072	5	1.25262	46	
6.29664	5.91147	1.34039	0.042033	5	1.25262	46	
6.8321	6.05289	1.33864	0.353535	5	1.25262	46	
9.40591	6.16594	1.22885	0.0358065	5	1.25262	46	
9.89425	6.25971	1.22085	0.234428	5	1.25262	46	
11.8269	4.82777	-1.04542	-0.157097	3	1.40377	47	
0.967245	1.74325	-1.1985	-0.696376	3	1.40377	47	
0.450502	2.38854	-1.20389	-0.573887	3	1.43023	47	
-0.417372	2.66959	-1.23951	-0.690728	3	1.41156	47	
11.2984	6.02604	-1.0504	0.0553315	3	1.41156	47	
-0.417372	2.66959	-1.23951	-0.690728	3	1.41156	47	
1.36106	5.56307	1.66374	0.159597	5	1.65252	49	
2.01535	5.62583	1.63571	0.156909	5	1.65252	49	
2.51901	5.78201	1.25917	0.390442	5	1.65252	49	
3.49405	5.91408	1.21091	0.164024	5	1.19758	50	
3.97223	5.97886	1.19545	0.161929	5	1.19758	50	
7.60925	6.05539	1.83997	0.115627	5	1.77731	51	
1.21292	3.62164	-1.40111	-0.20351	2	1.5106	54	
-0.559962	3.51045	-1.4652	-0.210111	2	1.5106	54	
-1.15086	3.47202	-1.47725	-0.0960763	2	1.5106	54	
0.259717	9.66399	1.51498	-0.473512	5	1.31208	55	
7.45313	7.13495	0.873763	0.252975	5	1.31208	55	
10.0044	4.20848	-1.60185	-0.257788	3	1.68089	56	
5.77023	3.03228	-2.04053	-0.513447	3	1.68089	56	
3.0198	2.52117	-1.71525	-0.439526	3	1.68089	56	
-3.48893	-2.22576	-0.831413	-1.28089	3	1.68089	56	
-3.82031	-2.69318	-0.828457	-1.16857	3	1.68089	56	
9.19338	4.22979	-1.56076	-0.767477	3	1.62886	57	
8.56286	4.04035	-1.5763	-0.473591	3	1.62886	57	
0.298377	2.43501	-1.5665	-0.227968	3	1.62886	57	
-2.43643	0.65709	-0.0645515	-0.726077	3	1.62886	57	
6.10729	5.70957	1.46723	0.146959	5	1.52602	58	
6.89871	6.46577	1.53057	-0.084898	5	1.57201	58	
6.28648	6.49973	1.78672	0.00668075	5	1.57201	58	
4.23149	3.48547	-1.5346	-0.303163	3	1.556	60	
0.66811	2.52681	-1.45081	-0.568537	3	1.556	60	
-1.18443	4.96861	1.74574	-0.173093	5	1.40763	61	
7.15372	4.78624	1.53374	0.0548152	5	1.40763	61	
7.32822	5.61329	1.20706	0.260223	5	1.34173	61	
-0.252244	1.453	1.50383	0.489106	5	1.76388	63	
3.18061	2.74408	2.27339	1.00506	5	1.76388	63	
3.71182	2.78561	1.32801	0.103828	5	1.76388	63	
9.20922	7.18128	-1.32397	-0.209295	4	1.25919	65	
8.67333	7.13651	-1.33975	-0.111915	4	1.25919	65	
8.16891	7.04778	-1.26105	-0.221834	4	1.25919	65	
7.65489	6.91686	-1.28504	-0.327309	4	1.25919	65	
7.13761	6.86636	-1.2932	-0.126234	4	1.25919	65	
6.69764	6.76844	-1.09992	-0.244807	4	1.25919	65	
12.3079	6.66608	-0.93908	-0.323092	4	1.21971	67	
3.12859	4.78684	-1.233	-0.509346	3	1.43158	68	
1.69351	3.97564	-0.912882	-0.542875	3	1.43158	68	
1.92963	5.13789	-1.1734	-0.847271	3	1.4999	68	
1.50389	4.7927	-1.06435	-0.862994	3	1.4999	68	
-1.90052	2.34252	-1.19371	-1.18248	3	1.4999	68	
-2.34627	5.38307	1.40692	0.18604	5	1.34605	71	
5.37276	4.71649	-1.79932	0.0564028	1	1.76155	73	
4.63638	4.69627	-1.84094	-0.0505435	1	1.76155	73	
8.11535	4.34093	1.60863	0.16483	5	1.88716	77	
8.83421	4.48515	1.79717	0.360555	5	1.88716	77	
-0.739986	2.62402	1.41264	0.82217	5	1.58704	78	
-0.232391	2.99475	1.26899	0.92682	5	1.58704	78	
7.28623	8.00827	-1.48858	0.0124078	4	1.46304	80	
10.3942	6.7861	-1.35426	0.378954	4	1.35733	82	
2.43286	4.58582	1.46511	-0.266359	5	1.40733	83	
1.66605	2.93392	-1.39586	-0.327831	3	1.49143	89	
7.94603	4.34557	-1.70165	-0.364344	3	1.59264	89	
7.25858	4.32251	-1.7186	-0.0576558	3	1.59264	89	
0.212311	3.31471	-1.45587	-0.440692	3	1.59264	89	
-0.428114	3.18276	-1.60106	-0.329886	3	1.59264	89	
10.7139	5.97783	-1.73371	0.285046	1	1.72172	90	
10.0034	6.01446	-1.77627	0.0915827	1	1.72172	90	
2.9442	6.2907	-2.02545	0.102166	1	1.72172	90	
2.21193	6.28335	-1.83068	-0.0183815	1	1.72172	90	
9.18667	4.96308	-2.04089	-0.32725	2	1.82222	91	
3.74056	4.6362	-1.5425	-0.171629	2	1.82222	91	
3.15532	4.47681	-1.4631	-0.398471	2	1.82222	91	
5.76768	2.98922	1.59425	-0.0138273	5	1.49707	93	
6.40695	3.19716	1.59816	0.519857	5	1.49707	93	
7.61026	6.87858	-1.68414	0.103738	4	1.60978	94	
-0.725741	9.7079	-1.91528	0.507365	4	1.60978	94	
11.0865	4.57703	-1.6645	-0.731534	2	1.49973	95	
4.65622	5.73161	-1.48791	0.0658865	1	1.4999	95	
4.10708	5.88591	-1.37284	0.385741	1	1.4999	95	
-1.99635	9.86781	1.80858	-1.20187	5	1.88173	97	
-1.32489	9.5343	1.67863	-0.833759	5	1.88173	97	
10.4468	7.09817	-1.64432	0.30556	1	1.61899	103	
8.65785	7.66183	-1.62797	0.219026	1	1.61899	103	
10.8843	6.32337	-2.02715	-0.176738	1	1.71769	103	
9.52177	6.03929	-1.60626	-0.0167118	4	1.6092	104	
7.149	6.28609	-1.49651	0.0796668	4	1.6092	104	
-2.60564	4.96658	1.68774	0.0665105	5	1.73641	106	
-1.5855	0.927584	0	0	4	0.00191236	5	
-1.60517	0.930562	-0.0491608	0.0074466	4	0.00191236	5	
0.341467	1.27992	0.0218948	-2.11566	1	2.14223	10	
0.409213	0.464413	0.169364	-2.03876	1	2.14223	10	
1.3638	2.33233	0.0538175	-0.705248	1	1.56382	11	
1.34168	1.93818	-0.0552978	-0.985366	1	1.56382	11	
3.09168	-0.270452	0.0208228	1.22168	2	1.18472	12	
3.11578	0.176313	0.0602307	1.11691	2	1.18472	12	
2.85663	-0.275324	-0.332635	2.20676	2	1.95121	13	
2.73075	0.411321	-0.314703	1.71661	2	1.95121	13	
1.94493	-1.5708	-0.063564	2.19324	2	2.04261	14	
1.91516	-0.772721	-0.074415	1.9952	2	2.04261	14	
0.445974	2.10731	0.204205	1.07175	2	1.12207	16	
0.585037	2.54528	0.347657	1.09491	2	1.12207	16	
2.27996	-1.83246	-0.229512	1.66168	2	1.82071	18	
1.84649	-2.0152	-0.217576	1.91608	2	1.89373	19	
0.596588	2.08222	0.348104	-0.559958	1	0.898128	20	
0.716718	1.8619	0.300324	-0.550791	1	0.898128	20	
1.13489	-0.743983	0.133284	-0.9691	1	0.898128	20	
1.22648	-1.11654	0.228975	-0.931382	1	0.898128	20	
-0.246013	-4.27372	-0.668551	0.931394	4	0.848245	32	
-0.553383	-3.89525	-0.768425	0.946159	4	0.848245	32	
-0.800741	-3.45983	-0.618396	1.08855	4	0.848245	32	
-1.07469	-3.12218	-0.684871	0.844123	4	0.848245	32	
-1.2533	-2.81445	-0.446531	0.769342	4	0.848245	32	
-1.37844	-2.59435	-0.312833	0.550245	4	0.848245	32	
-1.59107	-2.5077	-0.531577	0.216612	4	0.848245	32	
-1.36017	-7.31982	0.0923142	-0.109853	4	0.0342193	33	
-1.32448	-7.38433	0.0892333	-0.161258	4	0.0342193	33	
2.08558	-7.39926	0.260833	-1.96643	1	1.91705	39	
2.02809	-1.06601	-0.359117	1.83169	2	1.76438	44	
1.72979	3.22036	-0.0736805	-1.32168	4	0.854429	49	
2.07325	1.42133	0.596526	-0.889044	4	0.854429	49	
1.0781	1.58286	0.0102805	-0.650421	4	0.813263	49	
3.20235	-1.89257	-0.0134725	1.42339	2	1.38088	51	
0.981581	-1.46448	-0.0831206	-0.640603	4	0.628734	53	
0.85919	-1.62919	-0.305977	-0.41179	4	0.628734	53	
0.644708	-1.74241	-0.536204	-0.283047	4	0.628734	53	
2.951	-4.89237	-0.0319097	1.92709	3	1.83845	56	
2.66946	2.61969	0.0104715	-1.47199	1	1.55588	59	
2.31929	-6.48026	0.0593347	1.09002	3	1.14266	61	
2.36122	-6.04624	0.104815	1.08503	3	1.14266	61	
3.70773	-5.49502	0.194801	1.1583	3	1.24332	61	
3.76986	-4.99208	0.155338	1.25734	3	1.24332	61	
3.79452	-4.52535	0.0616563	1.16684	3	1.24332	61	
1.22642	-8.16449	0	0	3	0.00551651	63	
1.24621	-8.14557	0.0494535	0.0473015	3	0.00551651	63	
1.47963	-9.32743	0	0	1	0.00465118	63	
1.47963	-9.32743	0	0	1	0.00465118	63	
1.22195	-8.24487	0	0	1	0	67	
1.22195	-8.24487	0	0	1	0	67	
1.33347	-1.21087	0.116234	-1.26434	1	1.33641	69	
2.47446	-6.98953	0.165607	-1.15583	1	1.28969	70	
2.52463	-7.41059	0.12542	-1.05266	1	1.28969	70	
1.25928	-8.24718	-0.0410563	0.103313	3	0.0210319	71	
1.24286	-8.20584	-0.0410682	0.103343	3	0.0210319	71	
1.24286	-8.20584	0	0	3	0.0210319	71	
1.24286	-8.20584	0	0	3	0.0210319	71	
1.24286	-8.20584	0	0	3	0.0210319	71	
1.24286	-8.20584	0	0	3	0.0210319	71	
1.24286	-8.20584	0	0	3	0.0210319	71	
1.24174	-8.22593	-0.00279125	-0.0502295	3	0.0210319	71	
1.24174	-8.22593	0	0	3	0.0210319	71	
1.24174	-8.22593	0	0	3	0.0210319	71	
1.24286	-8.20584	0.00279125	0.0502295	3	0.0210319	71	
1.24286	-8.20584	0	0	3	0.0210319	71	
1.24286	-8.20584	0	0	3	0.0210319	71	
1.24286	-8.20584	0	0	3	0.0210319	71	
1.24286	-8.20584	0	0	3	0.0210319	71	
1.24286	-8.20584	0	0	3	0.0210319	71	
3.45135	-9.32894	0.430816	0.521223	3	0.844521	72	
3.7794	-8.85461	-0.0426843	1.72201	3	1.55166	73	
1.33785	2.53565	0.184447	-0.877505	1	1.12517	74	
1.37245	-9.24135	-0.0903077	0.0550397	1	0.0629315	80	
1.36998	-8.27415	0	0	4	0.029037	80	
1.9609	-1.95021	0.216055	0.569013	2	0.553939	81	
3.30739	-9.34124	0.0630633	0.342622	2	0.544714	81	
-0.652032	0.0942497	-0.560643	-1.28969	4	1.43837	87	
-0.912698	-0.358123	-0.651665	-1.13093	4	1.43837	87	
-1.14065	-0.899677	-0.569867	-1.35389	4	1.43837	87	
-1.34538	-1.36505	-0.511827	-1.16342	4	1.43837	87	
-1.6347	-1.90466	-0.723297	-1.34904	4	1.43837	87	
-1.80703	-2.46173	-0.430834	-1.39266	4	1.43837	87	
-1.90069	-3.02994	-0.234151	-1.42054	4	1.43837	87	
-1.87427	-3.59164	0.0660597	-1.40423	4	1.43837	87	
-2.14604	-4.12341	-0.679433	-1.32942	4	1.43837	87	
-2.303	-4.73191	-0.392408	-1.52126	4	1.43837	87	
-2.05444	-5.27467	0.621407	-1.3569	4	1.43837	87	
-2.08895	-5.85377	-0.0862847	-1.44775	4	1.43837	87	
-1.27253	-3.14122	-0.097877	0.0108898	3	0.128118	89	
-1.25055	-3.10255	0.0549548	0.0966848	3	0.128118	89	
-1.21381	-3.14775	0.0918323	-0.113016	3	0.128118	89	
0.577564	2.74699	-0.023778	-1.24793	1	1.44536	91	
1.44217	-8.31884	0.240915	0.136338	3	0.0767806	93	
1.44217	-8.31884	0	0	3	0.0767806	93	
1.44217	-8.31884	0	0	3	0.0767806	93	
1.44217	-8.31884	0	0	3	0.0767806	93	
1.44217	-8.31884	0	0	3	0.0767806	93	
1.44217	-8.31884	0	0	3	0.0767806	93	
1.36776	-8.31429	-0.186018	0.0113737	3	0.0767806	93	
3.48828	-2.24238	-0.133401	0.847505	4	0.536403	98	
-0.261936	-1.87049	-0.0973959	-0.851074	4	0.852351	100	
2.73796	-5.14835	0.364219	-1.66804	1	1.74939	101	
3.26685	-7.40433	0.21367	-1.88961	1	1.74939	101	
2.40862	-4.83928	-0.427205	-1.14603	1	1.17767	105	
1.44217	-8.31884	0.046478	-0.00284175	3	0.0551586	106	
1.48376	-8.24093	0.103986	0.194765	3	0.0551586	106	
1.48265	-8.26097	-0.0027705	-0.0501077	3	0.0551586	106	
1.48265	-8.26097	0	0	3	0.0551586	106	
1.4072	-8.27644	-0.188634	-0.038669	3	0.0551586	106	
1.38637	-8.31542	-0.052068	-0.0974592	3	0.0551586	106	
1.36665	-8.33436	-0.049312	-0.0473293	3	0.0551586	106	
1.25834	-9.27582	-0.0438722	0.0526952	3	0.0148984	106	
1.18361	-9.27199	-0.186828	0.0095675	3	0.0148984	106	
1.96969	0.547496	0.0743125	-1.99131	1	1.73194	107	
2.064	-0.0804487	0.235783	-1.56986	1	1.73194	107	
2.62723	-6.18788	0.279762	-1.56115	1	1.73194	107	
2.39415	-2.75712	0.192057	-1.50801	1	1.62583	108	
0.599842	-8.91705	0.00683222	0.964666	2	1.29962	109	
0.588216	-8.44933	-0.0290652	1.16931	2	1.29962	109	
0.844106	-7.93816	0.639724	1.27791	2	1.29962	109	
1.00262	-7.46364	0.39629	1.18631	2	1.29962	109	
1.23632	-6.97644	0.584241	1.21801	2	1.29962	109	
1.32008	-6.47996	0.209394	1.2412	2	1.29962	109	
1.27343	-5.97354	-0.116618	1.26604	2	1.29962	109	
1.33099	-5.2756	0.143898	1.74487	2	1.29962	109	
1.37512	-4.81833	0.110327	1.14317	2	1.29962	109	
1.31219	-4.27061	-0.157332	1.36929	2	1.29962	109	
1.36519	-3.65497	0.132508	1.53911	2	1.29962	109	
1.32087	-3.10932	-0.110797	1.36412	2	1.29962	109	
1.24046	-2.53916	-0.20102	1.42539	2	1.29962	109	
1.34588	-1.99187	0.263547	1.36822	2	1.29962	109	
1.46067	-1.60706	0.286978	0.962027	2	1.29962	109	
1.43498	-1.06485	-0.0642348	1.35554	2	1.29962	109	
1.4126	-0.463327	-0.055935	1.5038	2	1.29962	109	
1.4532	-0.0704989	0.101495	0.982071	2	1.29962	109	
1.37201	0.479595	-0.202987	1.37523	2	1.29962	109	
1.38004	0.95649	0.0200797	1.19224	2	1.29962	109	
1.40988	1.48921	0.074594	1.3318	2	1.29962	109	
1.40934	2.14565	-0.0013495	1.64109	2	1.29962	109	
1.4281	2.48034	0.0469012	0.836726	2	1.29962	109	
1.48513	3.16527	0.142569	1.71233	2	1.29962	109	
0.094484	-8.7466	0.010082	1.02035	2	1.25227	109	
0.101985	-8.27769	0.0187515	1.17227	2	1.25227	109	
0.322531	-7.76203	0.551366	1.28914	2	1.25227	109	
0.463925	-7.28402	0.353487	1.19504	2	1.25227	109	
0.497055	-6.69804	0.0828238	1.46494	2	1.25227	109	
0.580019	-6.23851	0.207411	1.14883	2	1.25227	109	
0.625066	-5.77673	0.112616	1.15444	2	1.25227	109	
0.656867	-5.21336	0.079504	1.40842	2	1.25227	109	
0.66525	-4.72923	0.0209559	1.21033	2	1.25227	109	
0.734634	-4.171	0.173462	1.39557	2	1.25227	109	
0.765169	-3.62987	0.0763357	1.35283	2	1.25227	109	
0.791149	-3.16944	0.0649509	1.15106	2	1.25227	109	
0.857998	-2.65401	0.167122	1.28859	2	1.25227	109	
0.869653	-2.11267	0.0291385	1.35334	2	1.25227	109	
0.801816	-1.64188	-0.169592	1.17698	2	1.25227	109	
0.795871	-1.07854	-0.0148647	1.40835	2	1.25227	109	
0.690424	-0.602005	-0.263617	1.19134	2	1.25227	109	
0.738577	-0.0866367	0.120384	1.28842	2	1.25227	109	
0.804268	0.405219	0.164225	1.22964	2	1.25227	109	
0.81143	0.865105	0.0179061	1.14971	2	1.25227	109	
0.785636	1.41004	-0.0644841	1.36234	2	1.25227	109	
0.876627	2.01557	0.227475	1.51381	2	1.25227	109	
0.82205	2.38469	-0.136442	0.922818	2	1.25227	109	
0.813866	2.90593	-0.0204607	1.30308	2	1.25227	109	
1.6705	-6.20756	-0.321906	1.72722	2	1.53855	112	
1.53929	-5.55526	-0.328024	1.63074	2	1.53855	112	
1.53869	-4.89426	-0.00147725	1.65249	2	1.53855	112	
2.19737	-8.04562	-0.0665112	2.15028	4	1.81992	114	
2.16702	-8.60285	-0.18785	1.60859	2	1.65565	121	
2.05465	-6.6185	0.0439	1.64368	2	1.65565	121	
2.11099	-5.92526	0.140849	1.73309	2	1.65565	121	
1.75476	0.00465911	-0.0585597	1.44862	2	1.4858	123	
1.65886	0.614954	-0.239746	1.52574	2	1.4858	123	
1.34146	2.93266	-0.151072	1.46738	2	1.4858	123	
3.72417	0.512151	-0.14959	-1.14194	3	1.20117	127	
3.74628	-0.0744966	0.055261	-1.46662	3	1.20117	127	
2.21482	-7.38851	0.0731095	1.3415	3	1.5201	128	
2.79954	-2.66761	0.0264978	1.32749	3	1.51616	129	
2.8133	-2.0784	0.0344152	1.47302	3	1.51616	129	
2.98972	-1.49181	0.441051	1.46646	3	1.51616	129	
1.16868	-3.15205	0.140919	-1.67104	3	1.74111	130	
1.16801	-3.83418	-0.0016655	-1.70532	3	1.74111	130	
0.962526	1.20177	0.0289243	-1.15422	1	1.29097	134	
1.57471	-6.25974	-0.057919	-1.0471	1	1.26465	134	
1.43579	-6.75029	-0.347299	-1.22638	1	1.26465	134	
0.0086833	-6.21214	-0.361566	0.385494	4	0.463947	138	
2.21071	-0.754566	-0.0422515	1.73734	2	1.5523	140	
1.92489	-8.9893	0.0820645	1.49936	2	1.53894	140	
2.54978	-3.58627	0.0855458	1.574	2	1.53894	140	
2.81117	-0.445527	-0.0079465	1.52458	2	1.53894	140	
2.75298	0.152528	-0.145492	1.49514	2	1.53894	140	
2.76362	2.68148	-0.103003	1.43812	2	1.53894	140	
0.629569	-4.01884	-0.0351528	-1.45935	3	1.46966	144	
0.78159	-4.68002	0.380052	-1.65296	3	1.46966	144	
0.824013	-5.26915	0.106056	-1.47282	3	1.46966	144	
1.84271	-1.08044	-0.192473	-1.80927	1	1.64136	145	
1.46125	-3.60542	-0.0911715	-1.63927	1	1.64136	145	
1.44216	-4.28395	-0.0477128	-1.69633	1	1.64136	145	
1.25754	-8.95291	-0.0286895	-1.35967	1	1.64136	145	
0.00057226	-5.68196	-0.238697	0.0207573	4	0.142894	147	
-0.0423107	-5.75971	-0.107207	-0.194372	4	0.142894	147	
-0.653466	-0.598045	1.00612	-0.34296	1	1.37286	148	
-0.285027	-0.932973	0.921097	-0.83732	1	1.37286	148	
-0.118016	-1.3813	0.417528	-1.12081	1	1.37286	148	
-0.071726	-1.9146	0.115724	-1.33326	1	1.37286	148	
0.257753	-2.52209	0.823698	-1.51872	1	1.37286	148	
0.575487	-2.96341	0.794335	-1.10329	1	1.37286	148	
0.580257	-3.54922	0.0119244	-1.46454	1	1.37286	148	
0.724873	-4.00862	0.361541	-1.1485	1	1.37286	148	
0.845859	-4.5452	0.302463	-1.34145	1	1.37286	148	
0.870602	-5.1121	0.0618595	-1.41723	1	1.37286	148	
1.05424	-5.53191	0.459095	-1.04955	1	1.37286	148	
0.855143	-6.05908	-0.497743	-1.31792	1	1.37286	148	
0.800187	-6.70118	-0.137391	-1.60525	1	1.37286	148	
0.897908	-7.31486	0.244304	-1.5342	1	1.37286	148	
0.881718	-7.9406	-0.0404767	-1.56434	1	1.37286	148	
0.886576	-8.52774	0.0121467	-1.46786	1	1.37286	148	
1.02292	-9.12216	0.340848	-1.48604	1	1.37286	148	
2.09891	1.21959	-0.0971975	-1.76133	1	1.63952	149	
2.02236	0.499847	-0.191382	-1.79935	1	1.63952	149	
1.50418	-5.85282	0.146036	-1.56692	1	1.63952	149	
0.616421	-5.5939	-0.030642	-2.22108	1	1.92698	150	
0.629856	-6.36404	0.0335867	-1.92536	1	1.92698	150	
1.78109	-8.23931	0.134101	1.59711	2	1.43027	151	
2.04873	-5.38171	0.176044	1.52978	2	1.43027	151	
2.063	-4.78554	0.0356848	1.49042	2	1.43027	151	
2.16677	-3.56359	0.172604	1.47184	2	1.43027	151	
2.14336	-2.98516	-0.058524	1.44608	2	1.43027	151	
1.83347	-0.245087	-0.204232	1.31909	2	1.43027	151	
2.53454	-5.54532	0.171165	1.47322	2	1.42636	151	
2.56663	-4.95378	0.0802178	1.47885	2	1.42636	151	
2.37765	-0.383055	-0.103697	1.44593	2	1.42636	151	
1.98647	-9.21295	-0.0642518	1.35543	2	1.39249	156	
2.12156	-6.40448	-0.061362	1.40055	2	1.39249	156	
0.742805	0.655129	-0.208132	-1.17027	1	1.39554	158	
-0.163389	2.83505	0.713536	0.636153	2	0.930976	162	
0.508743	-5.48313	0.338803	-0.739881	1	0.830524	165	
0.678686	-5.49833	0.424858	-0.037997	1	0.830524	165	
0.536305	-5.6678	-0.355953	-0.423692	1	0.830524	165	
0.424531	-5.96213	-0.279435	-0.735818	1	0.830524	165	
0.521017	-6.27421	0.241215	-0.780193	1	0.830524	165	
0.573869	-6.68369	0.132128	-1.02371	1	0.830524	165	
0.593453	-7.00943	0.0489601	-0.814334	1	0.830524	165	
0.611898	-7.35535	0.0461141	-0.864796	1	0.830524	165	
0.76015	-7.75046	0.37063	-0.987789	1	0.830524	165	
0.836193	-8.07934	0.190106	-0.822188	1	0.830524	165	
0.832396	-8.48406	-0.00949087	-1.0118	1	0.830524	165	
0.886183	-8.87191	0.134467	-0.969638	1	0.830524	165	
2.68041	-7.22329	0.314823	1.61633	3	1.42766	166	
-2.29416	2.74202	-0.0249582	-1.33424	1	1.29711	1	
-1.4444	1.29255	0.152685	-1.14049	1	0.951097	2	
0.679288	-5.73236	0.0353796	0.369815	1	0.244789	6	
0.856013	-5.35614	0.110453	0.235133	1	0.244789	6	
0.87336	-5.32304	0.0433691	0.0827664	1	0.244789	6	
0.850458	-5.38135	-0.057257	-0.145783	1	0.244789	6	
0.827555	-5.43966	-0.057257	-0.145783	1	0.244789	6	
-3.56439	3.64259	0.0231755	-1.4691	1	1.30906	10	
-3.93199	4.08742	0.0209327	-1.43176	1	1.32652	16	
-1.83035	-8.74142	-0.0490662	1.301	2	1.36093	19	
-2.17494	3.62334	-0.027038	-1.71623	1	1.50754	20	
-2.11322	3.94257	0.156634	-1.26337	1	1.38394	25	
-2.79704	3.95032	0.17901	-1.29978	1	1.13348	26	
-1.87536	-9.14236	-0.0695264	1.23503	2	1.34332	29	
-2.71246	-9.36183	0.115877	1.41694	2	1.34463	30	
-2.99199	3.55081	0.27454	-1.44659	1	1.3219	32	
-2.08596	4.30821	0.412945	-1.45969	1	1.25251	32	
-2.81982	-8.7509	-0.120293	1.42879	2	1.57535	34	
-2.605	4.51784	0.311478	-0.680114	1	1.09254	36	
-2.48262	4.31002	0.305952	-0.519542	1	1.09254	36	
-2.36539	4.25207	0.293057	-0.144874	1	1.09254	36	
-2.24817	4.19412	0.293057	-0.144874	1	1.09254	36	
-2.1479	4.07582	0.250669	-0.295751	1	1.09254	36	
-2.08301	3.35642	0.0811141	-0.899257	1	1.09254	36	
-1.64824	-6.78761	-0.14696	-1.21606	1	1.09254	36	
-1.55324	4.02581	0.491168	-1.09105	1	1.2404	39	
-1.36635	3.47043	0.467217	-1.38846	1	1.2404	39	
0.2386	-8.00993	-0.311977	-1.30469	1	1.2404	39	
-2.70813	-9.61561	-0.0721014	1.16041	2	1.22776	40	
-4.20496	3.79764	0	-1.17348	4	0.878908	41	
5.59015	3.0458	-0.902147	0.186498	1	0.870673	43	
-2.17729	-4.71901	-0.0381713	1.14532	2	0.846607	45	
-2.62342	4.62776	0.060364	-1.13105	1	1.14837	1	
-7.0442	-4.37103	1.9717	-0.854192	1	1.64958	4	
-2.75139	-9.3039	0.0811141	1.13742	2	1.14727	6	
-3.70617	-9.12067	0.245535	1.22532	2	1.19517	6	
-2.4053	4.4501	0.50471	-1.22239	1	1.13506	10	
-2.20342	3.96115	0.50471	-1.22239	1	1.13506	10	
-2.5074	-9.18079	0.259565	1.18702	2	1.08199	15	
-4.23718	4.1398	-0.313268	-1.43261	1	1.52023	17	
-3.91943	-9.5398	0	1.39505	2	1.53902	18	
-3.91943	-8.98178	0	1.39505	2	1.53902	18	
-3.11478	-9.18383	-0.0927018	1.42748	2	1.4531	18	
-3.63045	4.03059	0.0865217	-1.63923	1	1.49849	17	
-2.7112	-9.75279	0.209327	1.45895	2	1.45561	19	
-2.12324	-9.49512	0.315186	1.05009	2	1.18413	20	
-2.91254	4.57072	0.459647	-1.06382	1	1.1212	21	
-2.72868	4.14519	0.459647	-1.06382	1	1.1212	21	
-1.30302	3.91433	0.389348	-1.26538	1	1.55052	22	
-3.70266	4.13981	-0.0350764	-1.59703	1	0.444055	28	
-2.49183	4.19655	0	-1.20631	1	1.19447	30	
-2.18743	4.54617	0.029496	-0.761931	1	1.0682	32	
-2.14441	4.06069	0.149749	-1.30604	1	1.18844	33	
-2.0836	3.54415	0.152018	-1.29136	1	1.18844	33	
-2.54985	3.58182	0.1336	-1.31652	1	1.19669	33	
-2.0622	4.29583	0.246139	-1.53973	1	1.29833	38	
-1.92597	-9.46513	-0.0370807	1.03523	2	1.09607	39	
-1.15224	-9.5084	-0.338563	1.21022	2	1.32712	40	
-0.669525	-9.43301	-0.0954284	1.14291	2	1.28476	41	
-2.27709	-9.31884	0.412945	1.1827	2	1.24868	46	
-2.02293	4.25325	0.188394	-1.4771	1	0.0816664	47	
-3.1667	-9.82442	0	1.31034	2	1.36852	50	
-2.69299	4.13911	0.162228	-1.37425	1	0.438982	52	
-1.84964	4.17587	0.19227	-1.35594	1	0.428868	53	
-2.52907	3.72127	-0.0536059	-1.43399	1	1.42922	54	
-3.42241	-9.77573	-0.19227	1.31582	2	1.35523	55	
-2.55931	4.13934	-0.0259565	-1.53926	1	1.49121	58	
-4.04381	3.91908	1.04033	-1.54548	1	1.42886	61	
-2.75412	-9.6629	0.273226	1.23728	2	1.09171	62	
0.898321	4.68539	0.0929389	-0.433243	3	0.536041	63	
2.19409	4.15923	-0.592928	-1.04187	1	1.24429	66	
1.79247	-3.62158	0.28132	0.43417	2	0.297182	4	
1.81887	-3.56329	0.00540605	0.032712	2	0.297182	4	
1.82103	-3.55021	0.00540605	0.032712	2	0.297182	4	
1.8232	-3.53712	0.00540605	0.032712	2	0.297182	4	
1.3558	6.19859	0.168504	-0.540822	3	0.388162	6	
3.56734	7.06564	0.541949	-0.146438	2	0.513996	8	
3.44555	-4.96005	0.0501353	0.629634	1	0.625027	9	
3.48566	-4.45634	0.0501353	0.629634	1	0.625027	9	
3.04936	-5.24513	-0.00814897	0.378255	1	0.599606	9	
3.06795	-5.59533	0.121373	0.433411	1	0.597553	9	
4.88466	4.50021	0.0526931	0.0989726	2	0.328314	10	
4.59167	4.05591	-0.00824767	0.421208	2	0.406537	10	
4.78913	3.70287	-0.0828573	0.470626	2	0.388387	10	
-0.188212	6.33915	0.160408	-0.597947	3	0.568453	6	
0.0832923	7.01751	-0.155104	-0.416	3	0.707733	12	
-2.82778	2.78146	0.0850318	0.106697	1	0.578569	13	
-2.72574	2.90949	0.0850318	0.106697	1	0.578569	13	
-0.345363	-4.68247	0.365182	0.536014	2	0.772492	14	
7.65337	4.10142	-0.593451	-0.00158347	3	0.817676	16	
4.08887	6.3851	0.143655	-1.04693	4	1.0088	17	
-2.04442	6.59174	0.430344	-1.27038	3	0.875749	18	
-1.48838	6.84867	0.301309	-1.23551	3	0.858199	18	
4.97383	6.86236	-0.302761	-0.948376	4	1.05441	22	
6.09162	7.10597	0.601744	-0.565543	4	0.566329	23	
1.52587	7.22901	0.0601276	-0.426339	3	0.740698	25	
1.54992	7.05848	0.0601276	-0.426339	3	0.740698	25	
5.97171	7.17838	0.371425	-1.03288	2	0.55694	26	
-2.12069	6.86322	-0.0725123	-0.360019	1	0.19026	27	
1.44815	7.13177	0.144243	-0.902448	3	0.51275	31	
-1.28525	6.7731	-0.00494302	-1.01686	3	0.783639	32	
-0.876402	6.56542	0.0155688	-0.876149	3	0.778475	32	
4.88248	6.93384	-0.103995	-0.99632	1	0.945936	33	
1.72254	6.66348	0.437091	-0.986418	3	0.796278	35	
2.26345	5.40119	0.456626	-1.07997	3	0.796278	35	
2.45298	5.04081	0.473823	-0.900972	3	0.796278	35	
3.02865	3.46407	0.143482	-0.781991	3	0.796278	35	
3.3374	2.46056	0.13608	-0.857747	3	0.796278	35	
3.36066	2.11194	0.0581608	-0.87156	3	0.796278	35	
3.38393	1.76331	0.0581608	-0.87156	3	0.796278	35	
3.39442	1.36116	0.0262326	-1.00538	3	0.796278	35	
3.29489	-1.59762	-0.133857	-0.95016	3	0.796278	35	
3.24135	-1.97769	-0.133857	-0.95016	3	0.796278	35	
3.19201	-2.29685	-0.123353	-0.797896	3	0.796278	35	
3.05309	-3.38787	-0.0892535	-0.363457	3	0.796278	35	
2.65386	-5.77925	-0.082557	-0.680811	3	0.796278	35	
1.45867	6.03801	0.498452	-0.969173	3	0.832819	35	
1.5316	6.90992	0.393507	-1.13864	4	0.952635	36	
1.689	6.45447	0.393507	-1.13864	4	0.952635	36	
2.11597	7.07975	-0.0454483	-0.7449	3	0.534489	37	
2.1413	6.54645	0.0830717	-0.614434	3	0.534489	37	
2.56384	6.8111	-0.0256102	-0.600044	3	0.531113	37	
2.88355	7.10843	0.320877	-0.71682	1	0.68285	41	
3.14211	7.12334	0.064584	-0.438457	3	0.529041	42	
3.15447	6.9522	0.0309102	-0.427868	3	0.529041	42	
2.03262	6.84732	-0.0191197	-0.696068	3	0.529829	42	
1.08336	7.43883	1.47973	-0.528208	2	0.825189	44	
3.98293	6.97715	0.158266	-0.845375	3	0.750646	45	
4.02409	6.77654	0.102894	-0.50153	3	0.750646	45	
4.78728	6.98282	0.170417	-0.770058	3	0.738763	45	
7.63016	5.02109	-0.267943	-0.305745	1	0.693494	47	
7.52298	4.89879	-0.267943	-0.305745	1	0.693494	47	
7.54025	5.47648	-0.138741	-0.40148	2	0.219927	48	
7.48617	5.78584	0.263342	0.0488831	2	0.219927	48	
7.83282	5.85244	0.288878	0.0555071	2	0.219927	48	
7.89146	5.92072	0.146597	0.170689	2	0.219927	48	
3.60469	-5.68408	0.0278363	0.476925	2	0.366613	4	
3.62504	-5.12073	-0.00477766	0.454512	2	0.366613	4	
2.49503	-5.44689	-0.0544011	0.57103	2	0.714666	50	
2.47327	-5.21848	-0.0544011	0.57103	2	0.714666	50	
3.02758	-5.44826	0.0477884	0.608819	2	0.72643	50	
3.0467	-5.20474	0.0477884	0.608819	2	0.72643	50	
3.06506	-4.9628	0.0459092	0.604843	2	0.72643	50	
7.88011	-3.72428	-0.65364	0.613493	1	1.10394	51	
0.985547	-5.56061	0.245657	0.806757	2	0.824583	52	
8.0553	5.2354	-0.439523	-0.0432203	1	0.435972	53	
7.455	5.48792	-0.513935	-0.0292443	3	0.849916	54	
7.24943	5.47622	-0.513935	-0.0292443	3	0.849916	54	
7.65607	5.18421	-0.239754	-0.0531883	1	0.486258	53	
7.22526	5.13897	-0.33811	0.0298475	1	0.486258	53	
7.57823	4.84573	-0.147423	-0.0147489	1	0.502498	53	
2.7044	-5.56392	0.188389	0.80187	2	0.767367	58	
2.03393	-5.32398	0.174401	0.769819	2	0.764031	58	
1.1902	-5.40981	-0.211554	0.667277	1	0.934032	59	
1.21196	-5.1677	0.172827	0.911773	2	0.888743	61	
-0.46236	-5.47215	-0.0191475	0.610587	1	0.951918	62	
0.150302	-5.38108	0.113226	0.729222	1	0.932811	62	
2.59953	-5.65097	0.282377	0.667044	2	0.480596	65	
2.18076	-5.33466	0.210825	0.701034	2	0.558311	65	
-0.847969	-5.25303	0.0929121	0.846457	1	1.47385	67	
-0.300312	-5.2741	0.0225135	0.819621	1	1.30439	68	
-0.187178	-5.49206	-0.0382329	0.510163	1	0.580111	69	
-0.202471	-5.28799	-0.0382329	0.510163	1	0.580111	69	
-0.267497	-5.62448	0.360847	0.797909	1	1.42983	71	
1.35922	7.13199	0.568263	-0.932021	3	0.80076	72	
2.18079	6.94096	-0.211843	-0.738089	3	0.761764	73	
2.79544	7.02923	-0.257881	-0.730717	3	0.730325	73	
2.69229	6.73694	-0.257881	-0.730717	3	0.730325	73	
2.85523	-5.3077	0.0045466	0.702001	2	0.744829	74	
2.38838	6.91053	-0.419567	-0.628795	3	0.895829	75	
1.53535	5.48205	0.0660949	-1.08087	3	0.935039	75	
1.56179	5.0497	0.0660949	-1.08087	3	0.935039	75	
1.58823	4.61735	0.0660949	-1.08087	3	0.935039	75	
1.79452	1.82192	-0.00956199	-0.963484	3	0.935039	75	
1.79069	1.43652	-0.00956199	-0.963484	3	0.935039	75	
1.73572	1.0022	-0.137422	-1.0858	3	0.935039	75	
1.49695	-0.289713	-0.258165	-0.997047	3	0.935039	75	
1.38974	-0.683228	-0.268029	-0.983788	3	0.935039	75	
0.544475	-4.83887	-0.116625	-0.659091	3	0.935039	75	
0.497825	-5.10251	-0.116625	-0.659091	3	0.935039	75	
4.62033	7.04253	0.212294	-1.57022	3	1.15312	76	
1.27557	6.96551	0.0918916	-0.737085	3	0.645489	77	
1.31233	6.67068	0.0918916	-0.737085	3	0.645489	77	
2.1548	7.11076	-0.0218806	-0.796581	3	0.602443	77	
1.77119	6.59679	0.104279	-0.796413	3	0.606947	77	
0.634421	6.50944	0.102804	-1.12307	3	0.694052	77	
3.53466	6.94237	0.717754	-0.86657	2	0.595068	78	
2.56608	6.85204	-0.455306	-1.23249	3	1.24601	79	
2.38396	6.35904	-0.455306	-1.23249	3	1.24601	79	
1.87817	6.24576	-0.443009	-1.18333	3	0.536426	79	
0.756824	6.5046	-0.116972	-1.1816	4	0.898872	80	
2.7053	6.22954	-0.757004	-1.21226	3	0.535938	79	
1.93523	6.99399	0.108439	-0.975154	4	0.661061	83	
1.97861	6.60393	0.108439	-0.975154	4	0.661061	83	
1.16119	6.43415	0.0316924	-1.01063	4	0.67741	83	
0.632849	6.7838	0.180146	-1.19076	4	0.683844	84	
2.2496	7.05741	0.351358	-0.939032	4	0.631523	84	
2.39014	6.6818	0.351358	-0.939032	4	0.631523	84	
2.05012	6.42438	0.37821	-0.951922	4	0.642492	84	
0.810762	6.36824	0.0532292	-1.03537	4	0.764145	86	
3.36149	6.56581	-0.333024	-0.915447	3	1.01981	88	
0.633653	6.96805	-0.0228403	-0.831519	3	0.722496	89	
0.624516	6.63544	-0.0228403	-0.831519	3	0.722496	89	
1.37472	7.05058	0.176525	-0.788178	3	0.734063	89	
1.44533	6.73531	0.176525	-0.788178	3	0.734063	89	
2.33259	6.83407	0.0852996	-0.944148	3	0.793266	91	
2.66152	-5.00236	-0.21342	1.00428	2	0.275851	92	
6.67229	-2.17561	0.716325	-0.302368	4	0.696986	145	
6.57078	-2.58935	0.548281	-0.308214	4	0.643167	145	
5.62768	-1.88304	0.675149	-0.147457	4	0.649202	146	
0.266238	1.02215	0.0437167	0.0606149	3	0.59435	147	
0.353672	1.14338	0.0437167	0.0606149	3	0.59435	147	
-0.842635	-3.04899	0.101528	-0.226806	3	0.549074	148	
-1.17629	0.456233	0.0772688	-0.00986653	3	0.579356	147	
-1.14538	0.452286	0.0772688	-0.00986653	3	0.579356	147	
-0.854025	0.392116	0.110241	-0.0714932	3	0.579356	147	
-0.36242	1.28451	0.0117206	-0.0561336	3	0.550189	147	
-0.357732	1.26206	0.0117206	-0.0561336	3	0.550189	147	
-0.353044	1.23961	0.0117206	-0.0561336	3	0.550189	147	
-0.324915	1.10489	0.0117206	-0.0561336	3	0.550189	147	
3.30441	-5.3619	-0.108122	0.371324	1	0.592705	149	
7.73677	5.82259	-0.535912	-0.082122	1	0.237596	150	
7.53253	5.79993	-0.510582	-0.0566345	1	0.237596	150	
7.6265	3.78098	-0.371873	0.141878	1	0.377654	151	
7.56344	3.79754	-0.157663	0.0414072	1	0.377654	151	
7.37424	3.84723	-0.157663	0.0414072	1	0.377654	151	
7.57554	3.59964	-0.19073	0.0305416	1	0.436131	151	
7.46837	3.64328	-0.267937	0.109077	1	0.436131	151	
7.72324	4.62822	-0.2061	0.229057	3	0.661679	152	
7.6408	4.71984	-0.2061	0.229057	3	0.661679	152	
7.71128	4.09044	-0.334928	0.170072	1	0.380265	151	
7.36624	3.37702	-0.777912	-0.648577	1	1.13234	153	
7.68569	3.93451	-0.235542	-0.387957	3	0.850892	154	
-4.41213	-1.93359	0.267508	0.273822	1	0.835958	155	
-4.18633	-2.59783	0.640582	0.233817	1	1.08409	155	
-3.9301	-2.5043	0.640582	0.233817	1	1.08409	155	
-3.7105	-2.30794	0.548997	0.490923	1	1.08409	155	
7.15907	4.05983	-0.777636	-0.413546	3	0.758157	156	
-0.473791	-5.43441	0.170942	0.823878	1	0.285582	157	
5.64252	7.01035	0.0637836	-0.475706	3	0.655719	160	
5.53228	6.8896	-0.137799	-0.150943	3	0.655719	160	
5.40544	6.71674	-0.179301	-0.281205	3	0.655719	160	
8.09293	-4.73596	-0.54766	0.519712	2	0.624896	162	
8.36884	-4.10177	-0.470984	0.52147	2	0.610634	163	
7.99206	-3.6846	-0.470984	0.52147	2	0.610634	163	
2.44474	-5.37648	0.14941	0.557423	2	0.577573	165	
2.49324	-5.19697	0.121248	0.448771	2	0.577573	165	
3.25591	-5.52749	0.0142258	0.517901	2	0.521747	166	
3.2616	-5.32033	0.0142258	0.517901	2	0.521747	166	
3.24061	-5.06567	-0.0435804	0.232784	2	0.521747	166	
2.76422	-5.34557	0.0859908	0.594482	2	0.548562	166	
2.75494	-5.04953	-0.0441363	0.295243	2	0.548562	166	
-0.301336	-5.4435	0.216534	0.725333	1	0.883407	167	
-0.214722	-5.15337	0.216534	0.725333	1	0.883407	167	
-1.01832	-5.23606	0.261349	0.756277	1	0.944241	167	
-0.384634	-5.05464	0.22154	0.766732	1	0.230113	168	
-1.29972	-5.19709	0.239073	1.03201	1	1.1481	169	
1.27944	-5.42763	0.39485	0.876318	2	0.839335	170	
2.3645	-5.49775	0.509567	0.897674	2	0.755373	171	
1.8455	-5.42177	0.640959	0.738154	2	0.716625	171	
-0.782554	-5.73368	0.105665	0.85786	1	1.41931	172	
3.1465	-5.59611	-0.271758	0.230294	2	0.241134	173	
2.55606	-5.76697	0.122905	0.620276	2	0.814821	174	
4.43002	7.716	0.294925	-0.0979836	2	0.424069	8	
4.731	6.96504	0.0538543	-1.38702	2	0.810267	187	
6.93773	6.51887	-0.36645	-0.0898742	3	0.611693	203	
6.79115	6.48292	-0.36645	-0.0898742	3	0.611693	203	
6.30043	7.3348	0.251304	-0.230219	4	0.3655	204	
7.00534	6.84357	-0.109502	-0.673993	4	0.570389	205	
7.18047	7.3068	-0.458131	-0.168044	1	0.436794	207	
7.07651	7.47037	-0.342735	-0.272638	1	0.307177	208	
6.73957	7.36308	-0.258253	-0.0227786	1	0.307177	208	
5.60242	7.33228	0.106371	-0.486381	2	0.514486	209	
5.64497	7.13773	0.106371	-0.486381	2	0.514486	209	
6.11173	7.03622	0.218048	-0.695481	2	0.49931	209	
6.10659	7.031	0.609888	-0.538593	2	0.67497	210	
8.25173	5.85954	0.336194	-0.463653	2	0.67497	210	
8.38621	5.67408	0.336194	-0.463653	2	0.67497	210	
8.52069	5.48862	0.336194	-0.463653	2	0.67497	210	
6.17217	7.0397	0.216338	-0.685819	4	0.553425	211	
7.62071	7.09973	0.517751	-0.407371	4	0.199571	212	
5.11945	7.01588	0.157308	-0.710823	4	0.633074	214	
6.5082	0.528334	-0.353039	-0.318385	3	0.688277	215	
6.13631	2.5443	-0.42447	-0.0830578	1	0.550333	216	
6.21189	2.4952	-0.193033	-0.053309	1	0.581112	216	
5.80964	2.94533	-0.278992	-0.442845	3	0.929969	217	
5.69804	2.76819	-0.278992	-0.442845	3	0.929969	217	
6.18718	2.77909	-0.429402	-0.481813	3	0.920273	217	
7.47324	3.98366	-0.216037	-0.256771	3	0.529642	219	
7.73727	-5.34872	-0.0855626	0.234435	1	0.460981	222	
8.29298	-4.77547	-0.151878	0.341153	1	0.461176	222	
5.33403	-0.199191	-0.378814	-0.292519	4	0.462127	223	
5.1825	-0.316199	-0.378814	-0.292519	4	0.462127	223	
5.48894	-0.642011	0.0113538	-0.109724	4	0.581358	224	
5.49802	-0.72979	0.0113538	-0.109724	4	0.581358	224	
5.48764	-0.789191	-0.0259551	-0.148503	4	0.581358	224	
7.62472	5.98761	-0.162386	0.0661074	1	0.249345	150	
7.55976	6.01406	-0.162386	0.0661074	1	0.249345	150	
7.34733	5.16674	-0.373956	-0.223657	1	0.607708	233	
7.46135	4.82257	0.314696	-0.499061	1	0.607708	233	
7.23426	5.00211	-0.587239	0.216916	1	0.607708	233	
7.5061	6.84184	-0.457678	-0.353443	1	0.885234	234	
7.51385	6.57215	-0.780406	-0.10416	1	0.389558	150	
7.3022	6.5428	-0.529143	-0.0733709	1	0.389558	150	
7.56417	4.20863	-0.321349	-0.0752615	4	0.535629	236	
7.29236	3.86575	-0.143522	-0.469893	4	0.535629	236	
7.12059	4.41071	-0.169081	-0.29717	4	0.576002	236	
7.02989	4.27945	-0.226735	-0.328137	4	0.576002	236	
6.59045	2.96754	-0.405947	0.0695322	2	0.537579	237	
7.7963	3.63931	0.0788249	0.544942	2	0.655715	238	
6.71709	5.69435	-0.211879	0.333555	2	0.457846	239	
6.63234	5.82777	-0.211879	0.333555	2	0.457846	239	
6.55324	5.95097	-0.197727	0.30801	2	0.457846	239	
6.48265	6.05885	-0.176498	0.269692	2	0.457846	239	
6.41205	6.16673	-0.176498	0.269692	2	0.457846	239	
6.20387	6.38798	-0.128919	0.134916	2	0.457846	239	
6.0565	6.46282	-0.368421	0.187079	2	0.457846	239	
5.90914	6.53765	-0.368421	0.187079	2	0.457846	239	
5.64829	6.60615	-0.652104	0.171262	2	0.457846	239	
5.18063	6.94709	-0.179914	0.257414	2	0.457846	239	
5.0498	7.11957	-0.327086	0.431184	2	0.457846	239	
4.91896	7.29204	-0.327086	0.431184	2	0.457846	239	
8.2035	6.37518	-0.536403	0.232109	1	0.430516	239	
7.04348	7.0033	-0.0431587	0.013823	4	0.208198	255	
7.02621	7.00883	-0.0431587	0.013823	4	0.208198	255	
6.97442	7.02542	-0.0431587	0.013823	4	0.208198	255	
6.19703	7.31072	0.237983	-0.542021	4	0.451008	257	
5.58541	7.30582	0.552677	-0.802026	2	0.552852	258	
6.11675	7.27188	0.204645	-0.596932	2	0.479924	260	
5.7045	6.89867	0.292691	-0.629907	2	0.528594	261	
-0.198146	4.07282	-0.341743	-0.176396	3	0.372555	284	
-1.79634	0.414429	0.0216666	-0.518875	3	0.639567	287	
-2.63051	0.000168631	0.461311	-0.641181	3	0.684365	287	
-2.44599	-0.256304	0.461311	-0.641181	3	0.684365	287	
-2.60819	4.43917	0.055129	0.104954	1	0.679617	290	
-2.58614	4.48115	0.055129	0.104954	1	0.679617	290	
0.710807	4.07354	-0.224434	-0.42155	3	0.564632	6	
0.530145	3.69572	-0.22722	-0.522999	3	0.564632	6	
1.54018	4.30389	-0.0232364	-0.230566	3	0.671528	6	
1.44487	3.97076	-0.191809	-0.371702	3	0.671528	6	
-0.201307	5.49417	0.0304735	-0.145947	3	0.743171	291	
-0.176929	5.37741	0.0304735	-0.145947	3	0.743171	291	
0.010108	5.19009	0.320934	-0.271966	3	0.743171	291	
0.916259	4.3167	-0.144594	-0.435734	3	0.779725	292	
6.28451	4.49132	0.67259	0.188877	2	0.752026	293	
6.2055	5.19204	0.289774	0.0881157	2	0.566189	293	
