0 1.0 -346.0 51.0
10 1.0 -311.0 41.0
20 1.0 -276.0 31.0
30 1.0 -240.48 20.56
40 1.0 -204.19 9.44
50 1.0 -167.89 -1.67
60 1.0 -129.52 -10.7
70 1.0 -90.26 -18.85
80 1.0 -51.0 -27.0
90 1.0 -12.03 -34.59
100 1.0 26.93 -42.17
110 1.0 66.07 -49.48
120 1.0 106.76 -54.31
130 1.0 147.45 -59.14
140 1.0 187.67 -64.27
150 1.0 226.0 -70.6
160 1.0 264.33 -76.93
170 1.0 302.89 -82.95
180 1.0 342.37 -87.68
190 1.0 381.84 -92.42
10 2.0 -346.73 130.55
20 2.0 -309.45 125.09
30 2.0 -272.18 119.64
40 2.0 -235.96 112.88
50 2.0 -200.19 105.58
60 2.0 -164.63 97.56
70 2.0 -130.93 83.11
80 2.0 -97.22 68.67
90 2.0 -63.34 53.52
100 2.0 -29.21 37.31
110 2.0 4.93 21.1
120 2.0 40.04 5.83
130 2.0 76.13 -8.52
140 2.0 112.6 -21.84
150 2.0 150.6 -31.04
160 2.0 188.6 -40.24
170 2.0 226.04 -43.28
180 2.0 263.24 -43.68
190 2.0 300.3 -43.6
200 2.0 336.8 -41.6
230 4.0 366.68 93.18
240 4.0 334.41 95.91
250 4.0 302.14 98.64
260 4.0 269.1 103.28
270 4.0 235.31 109.83
280 4.0 201.52 116.38
290 4.0 169.28 124.76
300 4.0 138.08 134.36
310 4.0 107.04 143.89
320 4.0 77.41 152.78
330 4.0 47.78 161.67
340 4.0 17.6 169.27
350 4.0 -13.4 174.93
360 4.0 -44.4 180.6
370 4.0 -74.73 186.13
380 4.0 -104.07 191.47
390 4.0 -133.4 196.8
400 4.0 -163.23 201.94
410 4.0 -193.8 206.8
420 4.0 -224.37 211.66
240 5.0 354.71 71.05
250 5.0 321.86 71.52
260 5.0 289.0 72.0
270 5.0 255.21 79.59
280 5.0 221.41 87.17
290 5.0 187.58 94.73
300 5.0 153.35 102.04
310 5.0 119.12 109.35
320 5.0 86.04 116.46
330 5.0 54.12 123.38
340 5.0 22.19 130.31
350 5.0 -9.2 136.7
360 5.0 -40.53 143.03
370 5.0 -71.87 149.37
380 5.0 -102.96 156.43
390 5.0 -134.04 163.57
400 5.0 -165.08 170.68
410 5.0 -195.88 177.48
420 5.0 -226.68 184.28
430 5.0 -257.44 190.51
500 6.0 352.93 89.71
510 6.0 332.57 88.29
520 6.0 312.21 86.86
530 6.0 291.5 85.83
540 6.0 270.25 85.42
550 6.0 249.0 85.0
560 6.0 225.79 89.29
570 6.0 202.57 93.57
580 6.0 179.59 97.34
590 6.0 157.52 99.07
600 6.0 135.45 100.79
610 6.0 113.53 102.75
620 6.0 91.97 105.25
630 6.0 70.41 107.75
640 6.0 48.86 110.48
650 6.0 27.48 115.31
660 6.0 6.1 120.14
670 6.0 -15.36 124.79
680 6.0 -37.14 128.71
690 6.0 -58.93 132.64
610 7.0 176.05 51.33
620 7.0 154.14 58.0
630 7.0 133.8 65.87
640 7.0 115.8 75.53
650 7.0 97.8 85.2
660 7.0 79.63 95.38
670 7.0 61.19 106.31
680 7.0 42.75 117.25
690 7.0 23.67 128.25
700 7.0 2.0 139.5
710 7.0 -19.67 150.75
720 7.0 -43.83 158.91
730 7.0 -68.61 166.3
740 7.0 -93.31 172.31
750 7.0 -117.92 176.92
760 7.0 -142.54 181.54
770 7.0 -165.74 178.48
780 7.0 -188.78 174.57
790 7.0 -211.5 171.13
800 7.0 -234.0 168.0
610 8.0 -351.32 203.96
620 8.0 -322.92 198.76
630 8.0 -294.52 193.56
640 8.0 -266.45 190.07
650 8.0 -238.52 187.31
660 8.0 -210.59 184.55
670 8.0 -182.29 182.71
680 8.0 -153.9 181.1
690 8.0 -125.52 179.48
700 8.0 -98.8 177.95
710 8.0 -72.8 176.45
720 8.0 -48.81 172.94
730 8.0 -26.0 168.89
740 8.0 -6.0 167.84
750 8.0 14.78 165.96
760 8.0 38.7 160.74
770 8.0 62.61 155.52
780 8.0 86.0 146.33
790 8.0 109.33 136.7
800 8.0 133.17 126.42
680 9.0 358.16 94.44
690 9.0 326.56 100.04
700 9.0 294.96 105.64
710 9.0 263.69 111.46
720 9.0 232.92 117.62
730 9.0 202.15 123.77
740 9.0 170.46 126.54
750 9.0 138.54 128.46
760 9.0 106.55 130.73
770 9.0 74.27 134.36
780 9.0 42.0 138.0
790 9.0 12.0 143.56
800 9.0 -18.0 149.11
810 9.0 -48.48 155.52
820 9.0 -80.1 163.9
830 9.0 -111.71 172.29
840 9.0 -143.06 180.69
850 9.0 -173.38 189.13
860 9.0 -203.69 197.56
870 9.0 -234.0 206.0
680 10.0 360.27 63.5
690 10.0 327.6 68.5
700 10.0 294.93 73.5
710 10.0 262.27 78.5
720 10.0 231.0 82.67
730 10.0 199.89 86.74
740 10.0 168.47 90.67
750 10.0 135.8 94.0
760 10.0 103.13 97.33
770 10.0 70.81 101.03
780 10.0 39.84 106.19
790 10.0 8.87 111.35
800 10.0 -22.19 116.75
810 10.0 -54.06 124.25
820 10.0 -85.94 131.75
830 10.0 -117.81 139.25
840 10.0 -150.17 147.76
850 10.0 -182.59 156.38
860 10.0 -215.0 165.0
870 10.0 -245.67 170.33
680 12.0 135.58 -22.15
690 12.0 127.7 -36.39
700 12.0 119.82 -50.64
710 12.0 111.94 -64.88
720 12.0 102.83 -81.83
730 12.0 92.5 -101.5
740 12.0 82.17 -121.17
750 12.0 73.43 -139.0
760 12.0 66.29 -155.0
770 12.0 59.14 -171.0
780 12.0 52.0 -187.0
790 12.0 44.86 -199.86
800 12.0 37.71 -212.71
810 12.0 30.57 -225.57
820 12.0 21.31 -233.9
830 12.0 9.93 -237.69
840 12.0 -1.45 -241.48
850 12.0 -11.29 -240.53
860 12.0 -20.12 -236.41
870 12.0 -28.94 -232.29
750 11.0 -355.8 34.8
760 11.0 -329.8 23.8
770 11.0 -303.8 12.8
780 11.0 -277.65 1.55
790 11.0 -250.87 -10.71
800 11.0 -224.1 -22.97
810 11.0 -197.17 -34.97
820 11.0 -168.83 -44.69
830 11.0 -140.5 -54.42
840 11.0 -112.17 -64.14
850 11.0 -82.12 -72.53
860 11.0 -50.35 -79.59
870 11.0 -18.59 -86.65
880 11.0 13.18 -93.3
890 11.0 44.92 -96.3
900 11.0 76.67 -99.3
910 11.0 108.42 -102.3
920 11.0 140.17 -105.11
930 11.0 171.83 -106.22
940 11.0 203.5 -107.33
890 13.0 358.0 79.0
900 13.0 328.71 79.71
910 13.0 299.43 80.43
920 13.0 269.79 82.1
930 13.0 238.76 87.62
940 13.0 207.72 93.14
950 13.0 176.81 99.42
960 13.0 146.16 107.48
970 13.0 115.52 115.55
980 13.0 84.82 123.35
990 13.0 53.94 130.12
1000 13.0 23.06 136.88
1010 13.0 -7.82 143.65
1020 13.0 -38.92 147.15
1030 13.0 -70.08 149.85
1040 13.0 -101.3 153.41
1050 13.0 -132.78 160.44
1060 13.0 -164.26 167.48
1070 13.0 -195.37 173.22
1080 13.0 -226.11 177.67
1130 18.0 372.96 63.67
1140 18.0 335.56 67.0
1150 18.0 298.15 70.33
1160 18.0 260.74 73.67
1170 18.0 223.0 80.67
1180 18.0 185.22 88.07
1190 18.0 147.55 94.76
1200 18.0 110.31 98.55
1210 18.0 73.07 102.34
1220 18.0 35.81 106.62
1230 18.0 -1.5 112.0
1240 18.0 -38.81 117.38
1250 18.0 -75.85 123.31
1260 18.0 -112.77 129.46
1270 18.0 -149.69 135.38
1280 18.0 -186.56 139.13
1290 18.0 -223.44 142.88
1300 18.0 -260.31 146.63
1310 18.0 -297.23 152.19
1320 18.0 -334.15 157.96
1140 21.0 -306.03 32.64
1150 21.0 -286.28 39.05
1160 21.0 -266.54 45.46
1170 21.0 -246.79 51.87
1180 21.0 -226.33 58.4
1190 21.0 -203.0 65.4
1200 21.0 -179.67 72.4
1210 21.0 -156.58 78.79
1220 21.0 -134.45 82.73
1230 21.0 -112.33 86.67
1240 21.0 -90.21 90.61
1250 21.0 -63.81 96.63
1260 21.0 -39.75 102.05
1270 21.0 -22.25 105.55
1280 21.0 -3.48 109.43
1290 21.0 18.26 114.22
1300 21.0 40.0 119.0
1310 21.0 58.06 119.0
1320 21.0 76.13 119.0
1330 21.0 94.19 119.0
1160 19.0 221.67 25.88
1170 19.0 205.0 27.09
1180 19.0 188.33 28.3
1190 19.0 171.67 29.52
1200 19.0 151.38 31.85
1210 19.0 128.69 34.92
1220 19.0 106.0 38.0
1230 19.0 75.6 45.6
1240 19.0 45.2 53.2
1250 19.0 19.74 65.68
1260 19.0 -0.79 83.05
1270 19.0 -26.43 96.29
1280 19.0 -55.48 106.76
1290 19.0 -85.63 117.42
1300 19.0 -116.88 128.25
1310 19.0 -147.85 139.27
1320 19.0 -176.31 151.96
1330 19.0 -204.77 164.65
1340 19.0 -232.83 173.5
1350 19.0 -260.5 178.5
1200 20.0 209.72 53.96
1210 20.0 183.32 58.76
1220 20.0 156.92 63.56
1230 20.0 132.15 67.85
1240 20.0 108.07 71.93
1250 20.0 84.0 76.0
1260 20.0 56.5 78.0
1270 20.0 29.0 80.0
1280 20.0 5.09 81.74
1290 20.0 -18.83 83.48
1300 20.0 -43.25 87.75
1310 20.0 -67.89 93.11
1320 20.0 -92.54 98.46
1330 20.0 -119.84 106.2
1340 20.0 -147.44 114.2
1350 20.0 -174.0 120.43
1360 20.0 -199.0 124.0
1370 20.0 -224.0 127.57
1380 20.0 -249.31 131.9
1390 20.0 -274.83 136.72
1230 25.0 -177.1 -95.67
1240 25.0 -168.08 -92.39
1250 25.0 -159.07 -89.11
1260 25.0 -150.05 -85.84
1270 25.0 -141.03 -82.56
1280 25.0 -132.02 -79.28
1290 25.0 -123.0 -76.0
1300 25.0 -111.72 -74.3
1310 25.0 -100.45 -72.6
1320 25.0 -89.17 -70.89
1330 25.0 -77.89 -69.19
1340 25.0 -66.59 -66.3
1350 25.0 -55.23 -60.61
1360 25.0 -43.86 -54.93
1370 25.0 -32.5 -49.25
1380 25.0 -21.14 -43.57
1390 25.0 -10.25 -39.0
1400 25.0 0.58 -34.56
1410 25.0 11.42 -30.11
1420 25.0 21.13 -26.05
1310 22.0 342.28 -41.51
1320 22.0 320.49 -42.79
1330 22.0 298.69 -44.08
1340 22.0 276.9 -45.36
1350 22.0 256.0 -45.42
1360 22.0 236.0 -44.26
1370 22.0 216.0 -43.09
1380 22.0 196.0 -41.93
1390 22.0 175.79 -41.41
1400 22.0 154.77 -43.46
1410 22.0 133.74 -45.51
1420 22.0 112.72 -47.56
1430 22.0 92.34 -50.37
1440 22.0 73.49 -54.94
1450 22.0 54.63 -59.51
1460 22.0 35.77 -64.09
1470 22.0 17.17 -65.78
1480 22.0 -1.37 -66.76
1490 22.0 -19.9 -67.73
1500 22.0 -38.44 -68.71
1310 23.0 349.82 -72.0
1320 23.0 328.94 -72.0
1330 23.0 308.06 -72.0
1340 23.0 287.18 -72.0
1350 23.0 266.06 -71.53
1360 23.0 244.88 -70.94
1370 23.0 223.71 -70.35
1380 23.0 203.0 -70.56
1390 23.0 183.0 -71.94
1400 23.0 163.0 -73.33
1410 23.0 143.0 -74.72
1420 23.0 123.8 -77.2
1430 23.0 104.8 -79.95
1440 23.0 85.8 -82.7
1450 23.0 66.8 -85.45
1460 23.0 47.62 -88.26
1470 23.0 28.38 -91.08
1480 23.0 9.15 -93.9
1490 23.0 -10.08 -96.72
1500 23.0 -31.66 -98.18
1310 24.0 349.66 -103.11
1320 24.0 327.94 -103.69
1330 24.0 306.23 -104.26
1340 24.0 284.51 -104.83
1350 24.0 263.66 -105.85
1360 24.0 243.17 -107.07
1370 24.0 222.68 -108.29
1380 24.0 202.2 -109.51
1390 24.0 184.48 -115.38
1400 24.0 168.62 -124.34
1410 24.0 152.76 -133.31
1420 24.0 135.24 -140.32
1430 24.0 117.0 -146.5
1440 24.0 98.76 -152.68
1450 24.0 78.65 -156.63
1460 24.0 54.15 -155.38
1470 24.0 29.65 -154.13
1480 24.0 5.15 -152.88
1490 24.0 -19.23 -151.0
1500 24.0 -43.33 -147.67
1370 27.0 -57.46 -267.43
1380 27.0 -56.39 -240.29
1390 27.0 -55.32 -213.14
1400 27.0 -54.6 -188.2
1410 27.0 -54.03 -164.2
1420 27.0 -53.46 -140.2
1430 27.0 -53.0 -116.85
1440 27.0 -53.0 -96.08
1450 27.0 -53.0 -75.31
1460 27.0 -53.0 -54.54
1470 27.0 -52.17 -33.92
1480 27.0 -49.42 -13.68
1490 27.0 -46.67 6.57
1500 27.0 -43.92 26.83
1510 27.0 -39.55 46.0
1520 27.0 -31.36 62.67
1530 27.0 -23.18 79.33
1540 27.0 -15.0 96.0
1550 27.0 -8.16 110.21
1560 27.0 -1.32 124.42
1430 26.0 28.24 -22.89
1440 26.0 35.34 -19.74
1450 26.0 42.45 -16.58
1460 26.0 49.14 -13.72
1470 26.0 55.42 -11.16
1480 26.0 61.7 -8.6
1490 26.0 67.98 -6.05
1500 26.0 72.4 -3.88
1510 26.0 69.43 -3.29
1520 26.0 66.45 -2.69
1530 26.0 63.48 -2.1
1540 26.0 60.5 -1.5
1550 26.0 57.52 -0.9
1560 26.0 54.55 -0.31
1570 26.0 51.57 0.29
1580 26.0 48.6 0.88
1590 26.0 41.81 -0.66
1600 26.0 34.08 -2.74
1610 26.0 26.34 -4.81
1620 26.0 18.6 -6.89
1560 28.0 104.04 98.19
1570 28.0 104.16 96.17
1580 28.0 104.27 94.15
1590 28.0 104.38 92.12
1600 28.0 104.49 90.1
1610 28.0 104.61 88.08
1620 28.0 104.72 86.06
1630 28.0 104.83 84.03
1640 28.0 104.94 82.01
1650 28.0 99.69 72.56
1660 28.0 89.06 55.69
1670 28.0 76.43 32.79
1680 28.0 66.36 8.05
1690 28.0 59.09 -17.86
1700 28.0 52.88 -42.63
1710 28.0 49.13 -64.71
1720 28.0 45.38 -86.79
1730 28.0 42.65 -103.87
1740 28.0 40.04 -120.39
1750 28.0 39.4 -133.0
1560 29.0 -319.89 26.63
1570 29.0 -310.16 20.05
1580 29.0 -300.42 13.47
1590 29.0 -290.68 6.89
1600 29.0 -280.95 0.32
1610 29.0 -266.53 -4.76
1620 29.0 -250.94 -9.47
1630 29.0 -235.35 -14.18
1640 29.0 -219.0 -16.67
1650 29.0 -201.5 -15.83
1660 29.0 -184.0 -15.0
1670 29.0 -166.5 -14.17
1680 29.0 -145.82 -12.35
1690 29.0 -124.35 -10.29
1700 29.0 -102.88 -8.24
1710 29.0 -82.63 -7.5
1720 29.0 -64.19 -8.75
1730 29.0 -45.75 -10.0
1740 29.0 -28.16 -12.48
1750 29.0 -13.97 -19.9
1780 30.0 248.8 95.9
1790 30.0 221.47 105.57
1800 30.0 194.13 115.23
1810 30.0 166.97 125.19
1820 30.0 140.19 135.84
1830 30.0 113.42 146.48
1840 30.0 86.53 157.07
1850 30.0 59.2 167.4
1860 30.0 31.87 177.73
1870 30.0 4.69 186.92
1880 30.0 -21.85 191.54
1890 30.0 -48.38 196.15
1900 30.0 -74.35 197.47
1910 30.0 -99.94 196.59
1920 30.0 -125.53 195.71
1930 30.0 -150.76 194.41
1940 30.0 -174.59 191.47
1950 30.0 -198.41 188.53
1960 30.0 -222.24 185.59
1970 30.0 -246.61 189.39
1780 31.0 -275.22 175.44
1790 31.0 -245.96 166.93
1800 31.0 -216.7 158.41
1810 31.0 -189.36 149.86
1820 31.0 -163.29 141.29
1830 31.0 -137.21 132.71
1840 31.0 -107.16 126.79
1850 31.0 -76.11 121.53
1860 31.0 -46.0 116.7
1870 31.0 -16.0 111.91
1880 31.0 13.38 104.41
1890 31.0 42.34 95.1
1900 31.0 71.31 85.79
1910 31.0 102.96 76.28
1920 31.0 135.76 66.68
1930 31.0 168.74 58.78
1940 31.0 202.44 57.67
1950 31.0 236.15 56.56
1960 31.0 269.21 55.7
1970 31.0 301.64 55.09
2040 33.0 -353.07 145.76
2050 33.0 -323.76 143.34
2060 33.0 -294.45 140.93
2070 33.0 -265.14 137.48
2080 33.0 -235.83 129.9
2090 33.0 -206.52 122.31
2100 33.0 -178.24 115.03
2110 33.0 -152.38 108.48
2120 33.0 -126.52 101.93
2130 33.0 -101.3 94.36
2140 33.0 -77.06 85.27
2150 33.0 -52.82 76.18
2160 33.0 -28.55 67.47
2170 33.0 -4.08 62.21
2180 33.0 20.39 56.95
2190 33.0 44.87 51.68
2200 33.0 68.41 47.07
2210 33.0 89.79 43.97
2220 33.0 111.17 40.86
2230 33.0 133.9 37.3
2110 35.0 -351.33 62.33
2120 35.0 -329.67 60.67
2130 35.0 -308.0 59.0
2140 35.0 -285.88 56.75
2150 35.0 -263.06 53.63
2160 35.0 -240.25 50.5
2170 35.0 -217.79 48.21
2180 35.0 -196.71 49.29
2190 35.0 -175.64 50.36
2200 35.0 -154.15 51.85
2210 35.0 -132.03 53.97
2220 35.0 -109.91 56.09
2230 35.0 -87.77 57.7
2240 35.0 -65.43 54.7
2250 35.0 -43.1 51.7
2260 35.0 -20.61 48.67
2270 35.0 3.33 45.33
2280 35.0 27.27 42.0
2290 35.0 51.21 38.67
2300 35.0 74.16 31.3
2150 36.0 346.0 -31.36
2160 36.0 316.0 -28.14
2170 36.0 286.0 -24.93
2180 36.0 256.48 -22.2
2190 36.0 227.68 -20.2
2200 36.0 198.88 -18.2
2210 36.0 167.56 -16.2
2220 36.0 135.96 -14.2
2230 36.0 103.67 -11.83
2240 36.0 70.33 -8.92
2250 36.0 37.0 -6.0
2260 36.0 7.0 -0.58
2270 36.0 -23.0 4.83
2280 36.0 -53.69 10.46
2290 36.0 -84.85 16.23
2300 36.0 -116.0 22.0
2310 36.0 -146.0 26.62
2320 36.0 -176.0 31.23
2330 36.0 -206.77 35.69
2340 36.0 -238.69 39.92
2200 37.0 -74.79 233.24
2210 37.0 -73.76 219.45
2220 37.0 -72.72 205.66
2230 37.0 -71.48 191.55
2240 37.0 -69.76 176.72
2250 37.0 -68.03 161.9
2260 37.0 -66.6 146.87
2270 37.0 -65.6 131.53
2280 37.0 -64.6 116.2
2290 37.0 -63.86 100.86
2300 37.0 -63.5 85.5
2310 37.0 -63.14 70.14
2320 37.0 -64.8 56.2
2330 37.0 -67.8 43.2
2340 37.0 -70.8 30.2
2350 37.0 -75.86 16.0
2360 37.0 -82.29 1.0
2370 37.0 -88.71 -14.0
2380 37.0 -88.9 -25.83
2390 37.0 -87.52 -36.86
2440 40.0 347.3 -13.0
2450 40.0 313.83 -3.0
2460 40.0 280.35 7.0
2470 40.0 245.09 15.36
2480 40.0 209.64 23.55
2490 40.0 175.96 30.96
2500 40.0 143.04 38.04
2510 40.0 110.04 44.44
2520 40.0 76.84 49.24
2530 40.0 43.64 54.04
2540 40.0 8.67 56.0
2550 40.0 -26.75 57.25
2560 40.0 -60.4 59.6
2570 40.0 -91.4 63.6
2580 40.0 -122.4 67.6
2590 40.0 -155.43 70.14
2600 40.0 -191.5 70.5
2610 40.0 -227.57 70.86
2620 40.0 -262.29 74.88
2630 40.0 -296.12 81.35
2440 41.0 366.04 90.0
2450 41.0 329.25 90.0
2460 41.0 292.46 90.0
2470 41.0 255.68 90.0
2480 41.0 217.33 97.33
2490 41.0 178.81 105.48
2500 41.0 140.58 114.17
2510 41.0 103.5 125.0
2520 41.0 66.42 135.83
2530 41.0 30.84 146.96
2540 41.0 -4.36 158.16
2550 41.0 -38.88 170.13
2560 41.0 -71.79 183.88
2570 41.0 -104.71 197.63
2580 41.0 -135.72 210.16
2590 41.0 -166.52 222.56
2600 41.0 -196.5 235.7
2610 41.0 -225.25 249.95
2620 41.0 -254.0 264.2
2630 41.0 -282.75 278.45
2730 43.0 363.85 91.08
2740 43.0 329.62 90.69
2750 43.0 295.38 90.31
2760 43.0 261.6 91.2
2770 43.0 229.6 97.2
2780 43.0 197.6 103.2
2790 43.0 166.13 114.33
2800 43.0 134.88 127.67
2810 43.0 103.36 139.79
2820 43.0 71.21 149.07
2830 43.0 39.07 158.36
2840 43.0 8.0 168.71
2850 43.0 -22.0 180.14
2860 43.0 -52.0 191.57
2870 43.0 -81.19 201.73
2880 43.0 -110.04 211.35
2890 43.0 -139.11 220.71
2900 43.0 -170.18 227.86
2910 43.0 -201.25 235.0
2920 43.0 -231.9 242.17
2730 44.0 117.47 0.8
2740 44.0 115.13 11.8
2750 44.0 112.8 22.8
2760 44.0 110.47 33.8
2770 44.0 107.57 47.13
2780 44.0 104.52 61.04
2790 44.0 101.17 71.83
2800 44.0 97.5 79.5
2810 44.0 93.83 87.17
2820 44.0 84.83 92.74
2830 44.0 70.48 96.22
2840 44.0 57.25 98.75
2850 44.0 48.5 97.5
2860 44.0 39.75 96.25
2870 44.0 31.0 95.0
2880 44.0 23.29 89.86
2890 44.0 15.57 84.71
2900 44.0 7.86 79.57
2910 44.0 4.59 74.5
2920 44.0 5.76 69.5
2950 46.0 358.08 32.77
2960 46.0 327.31 35.08
2970 46.0 296.54 37.38
2980 46.0 265.56 40.67
2990 46.0 234.07 46.22
3000 46.0 202.59 51.78
3010 46.0 172.78 57.65
3020 46.0 144.09 63.74
3030 46.0 114.86 69.91
3040 46.0 84.41 76.27
3050 46.0 53.96 82.72
3060 46.0 23.56 89.92
3070 46.0 -6.84 97.12
3080 46.0 -38.11 104.44
3090 46.0 -69.96 111.85
3100 46.0 -101.81 119.26
3110 46.0 -132.64 124.82
3120 46.0 -163.36 130.18
3130 46.0 -194.18 135.43
3140 46.0 -225.96 139.71
2960 47.0 338.04 60.04
2970 47.0 310.13 62.13
2980 47.0 282.14 64.5
2990 47.0 253.5 69.5
3000 47.0 224.86 74.5
3010 47.0 195.78 82.04
3020 47.0 166.65 89.87
3030 47.0 135.8 97.8
3040 47.0 103.8 105.8
3050 47.0 72.08 113.84
3060 47.0 42.88 122.24
3070 47.0 13.68 130.64
3080 47.0 -16.24 139.28
3090 47.0 -46.64 148.08
3100 47.0 -77.08 156.42
3110 47.0 -107.92 160.58
3120 47.0 -138.75 164.75
3130 47.0 -170.17 167.75
3140 47.0 -201.83 170.25
3150 47.0 -232.89 173.11
2960 48.0 338.8 89.4
2970 48.0 310.4 88.2
2980 48.0 282.0 87.0
2990 48.0 257.19 91.81
3000 48.0 232.37 96.63
3010 48.0 206.38 103.25
3020 48.0 177.63 114.08
3030 48.0 148.88 124.92
3040 48.0 120.5 133.5
3050 48.0 92.17 141.83
3060 48.0 63.6 149.2
3070 48.0 34.8 155.6
3080 48.0 6.0 162.0
3090 48.0 -26.58 168.13
3100 48.0 -59.16 174.26
3110 48.0 -91.74 180.39
3120 48.0 -122.75 187.38
3130 48.0 -153.58 194.46
3140 48.0 -184.0 200.14
3150 48.0 -214.0 204.43
3010 49.0 62.46 67.38
3020 49.0 77.08 61.23
3030 49.0 91.69 55.08
3040 49.0 108.57 52.22
3050 49.0 127.7 52.65
3060 49.0 146.57 52.93
3070 49.0 164.43 52.57
3080 49.0 182.29 52.21
3090 49.0 202.82 52.91
3100 49.0 227.36 55.18
3110 49.0 249.42 58.26
3120 49.0 261.53 64.58
3130 49.0 273.24 67.56
3140 49.0 284.04 62.76
3150 49.0 294.84 57.96
3160 49.0 287.55 55.0
3170 49.0 275.73 52.5
3180 49.0 263.91 50.0
3190 49.0 252.09 47.5
3200 49.0 240.27 45.0
3040 50.0 -354.7 138.9
3050 50.0 -337.7 129.9
3060 50.0 -320.7 120.9
3070 50.0 -303.7 111.9
3080 50.0 -286.48 104.17
3090 50.0 -269.24 96.59
3100 50.0 -252.0 89.0
3110 50.0 -236.83 84.52
3120 50.0 -221.66 80.03
3130 50.0 -207.06 75.74
3140 50.0 -197.71 73.16
3150 50.0 -188.35 70.58
3160 50.0 -179.0 68.0
3170 50.0 -176.65 67.65
3180 50.0 -174.29 67.29
3190 50.0 -171.94 66.94
3200 50.0 -169.59 66.59
3210 50.0 -167.24 66.24
3220 50.0 -164.88 65.88
3230 50.0 -162.53 65.53
3100 52.0 -354.38 253.19
3110 52.0 -339.0 250.5
3120 52.0 -323.62 247.81
3130 52.0 -308.84 246.1
3140 52.0 -294.32 244.81
3150 52.0 -279.81 243.52
3160 52.0 -267.83 241.67
3170 52.0 -257.56 239.44
3180 52.0 -247.28 237.22
3190 52.0 -237.0 235.0
3200 52.0 -229.9 230.48
3210 52.0 -222.81 225.97
3220 52.0 -215.71 221.45
3230 52.0 -209.38 214.81
3240 52.0 -203.13 207.94
3250 52.0 -196.88 201.06
3260 52.0 -191.8 193.6
3270 52.0 -187.23 185.89
3280 52.0 -182.66 178.17
3290 52.0 -177.75 170.44
3200 54.0 338.53 91.76
3210 54.0 307.35 91.18
3220 54.0 274.0 95.67
3230 54.0 239.71 102.33
3240 54.0 208.0 110.48
3250 54.0 178.0 119.61
3260 54.0 147.88 128.76
3270 54.0 117.48 137.96
3280 54.0 87.08 147.16
3290 54.0 55.61 157.0
3300 54.0 23.87 167.0
3310 54.0 -7.63 176.17
3320 54.0 -38.88 184.5
3330 54.0 -70.18 192.61
3340 54.0 -101.96 198.68
3350 54.0 -133.75 204.75
3360 54.0 -165.1 211.17
3370 54.0 -195.45 218.41
3380 54.0 -225.79 225.66
3390 54.0 -255.7 232.7
3240 51.0 -160.18 65.18
3250 51.0 -151.0 63.14
3260 51.0 -135.0 59.43
3270 51.0 -119.0 55.71
3280 51.0 -103.0 52.0
3290 51.0 -82.44 47.0
3300 51.0 -61.89 42.0
3310 51.0 -41.33 37.0
3320 51.0 -18.44 32.0
3330 51.0 7.94 27.0
3340 51.0 34.33 22.0
3350 51.0 60.72 17.0
3360 51.0 86.24 9.41
3370 51.0 111.53 1.18
3380 51.0 136.82 -7.06
3390 51.0 163.17 -13.66
3400 51.0 191.1 -17.79
3410 51.0 219.03 -21.93
3420 51.0 245.5 -24.7
3430 51.0 270.5 -26.1
3300 53.0 -171.5 162.63
3310 53.0 -165.25 154.81
3320 53.0 -159.0 147.0
3330 53.0 -150.21 140.33
3340 53.0 -141.42 133.67
3350 53.0 -132.64 127.0
3360 53.0 -123.21 119.65
3370 53.0 -113.5 112.0
3380 53.0 -103.79 104.35
3390 53.0 -93.59 97.84
3400 53.0 -82.23 93.98
3410 53.0 -70.86 90.11
3420 53.0 -59.5 86.25
3430 53.0 -48.14 82.39
3440 53.0 -34.29 79.09
3450 53.0 -20.18 75.85
3460 53.0 -6.06 72.62
3470 53.0 9.55 72.61
3480 53.0 26.65 75.84
3490 53.0 43.74 79.06
3460 55.0 -367.68 175.23
3470 55.0 -325.41 171.14
3480 55.0 -283.14 167.05
3490 55.0 -241.31 163.79
3500 55.0 -199.93 161.38
3510 55.0 -158.55 158.97
3520 55.0 -118.75 156.88
3530 55.0 -80.0 155.0
3540 55.0 -41.25 153.13
3550 55.0 -3.04 149.78
3560 55.0 34.37 144.22
3570 55.0 71.78 138.67
3580 55.0 109.25 132.5
3590 55.0 146.75 126.07
3600 55.0 184.25 119.64
3610 55.0 221.26 117.43
3620 55.0 258.22 115.7
3630 55.0 295.96 111.87
3640 55.0 334.22 106.65
3650 55.0 372.48 101.43
3520 56.0 -353.75 174.57
3530 56.0 -321.25 170.29
3540 56.0 -288.75 166.0
3550 56.0 -256.36 162.09
3560 56.0 -224.24 159.06
3570 56.0 -192.12 156.03
3580 56.0 -160.0 153.0
3590 56.0 -127.74 149.45
3600 56.0 -95.48 145.9
3610 56.0 -63.23 142.35
3620 56.0 -33.0 139.48
3630 56.0 -3.0 136.68
3640 56.0 26.04 134.68
3650 56.0 53.64 133.88
3660 56.0 81.24 133.08
3670 56.0 107.54 131.27
3680 56.0 133.69 129.35
3690 56.0 160.17 125.93
3700 56.0 187.41 119.03
3710 56.0 214.66 112.14
3970 60.0 341.48 50.56
3980 60.0 305.19 59.44
3990 60.0 268.89 68.33
4000 60.0 236.46 80.96
4010 60.0 205.69 95.19
4020 60.0 174.8 109.92
4030 60.0 142.8 129.12
4040 60.0 110.8 148.32
4050 60.0 78.38 163.38
4060 60.0 45.69 175.69
4070 60.0 13.0 188.0
4080 60.0 -21.64 194.07
4090 60.0 -56.29 200.14
4100 60.0 -91.29 206.07
4110 60.0 -127.71 211.43
4120 60.0 -164.14 216.79
4130 60.0 -200.0 222.86
4140 60.0 -235.0 230.0
4150 60.0 -270.0 237.14
4160 60.0 -303.2 245.28
3990 62.0 -199.47 11.82
4000 62.0 -184.76 23.59
4010 62.0 -170.06 35.35
4020 62.0 -155.35 47.12
4030 62.0 -134.96 58.87
4040 62.0 -108.87 70.61
4050 62.0 -83.03 82.0
4060 62.0 -58.21 92.0
4070 62.0 -33.38 102.0
4080 62.0 -8.88 111.88
4090 62.0 14.88 121.46
4100 62.0 38.63 131.04
4110 62.0 58.22 146.09
4120 62.0 77.35 161.74
4130 62.0 94.82 171.55
4140 62.0 111.18 177.45
4150 62.0 128.17 179.17
4160 62.0 146.08 174.58
4170 62.0 164.0 170.0
4180 62.0 171.39 156.09
4220 64.0 -251.0 187.16
4230 64.0 -221.0 178.76
4240 64.0 -191.0 170.36
4250 64.0 -161.38 160.63
4260 64.0 -132.0 150.0
4270 64.0 -102.63 139.38
4280 64.0 -73.43 127.14
4290 64.0 -44.5 112.5
4300 64.0 -15.57 97.86
4310 64.0 14.69 85.77
4320 64.0 45.85 75.38
4330 64.0 77.0 65.0
4340 64.0 106.06 65.0
4350 64.0 135.13 65.0
4360 64.0 164.19 65.0
4370 64.0 195.67 68.0
4380 64.0 227.75 71.75
4390 64.0 260.18 72.35
4400 64.0 293.12 68.24
4410 64.0 326.06 64.12
4220 65.0 -33.27 91.45
4230 65.0 -39.64 113.73
4240 65.0 -46.0 136.0
4250 65.0 -55.09 159.64
4260 65.0 -64.18 183.27
4270 65.0 -72.81 201.63
4280 65.0 -81.33 218.67
4290 65.0 -90.14 234.82
4300 65.0 -101.5 243.0
4310 65.0 -112.86 251.18
4320 65.0 -117.81 243.69
4330 65.0 -122.04 234.46
4340 65.0 -125.41 223.64
4350 65.0 -126.77 209.09
4360 65.0 -128.39 194.43
4370 65.0 -132.3 178.78
4380 65.0 -136.22 163.13
4390 65.0 -141.16 153.6
4400 65.0 -146.36 145.6
4410 65.0 -151.56 137.6
4270 66.0 174.27 45.82
4280 66.0 155.18 51.88
4290 66.0 136.09 57.94
4300 66.0 117.0 64.0
4310 66.0 90.46 78.62
4320 66.0 63.92 93.23
4330 66.0 35.84 102.8
4340 66.0 5.44 104.8
4350 66.0 -24.96 106.8
4360 66.0 -53.62 103.54
4370 66.0 -82.08 99.69
4380 66.0 -109.5 95.62
4390 66.0 -134.5 91.0
4400 66.0 -159.5 86.38
4410 66.0 -181.54 80.42
4420 66.0 -202.31 73.88
4430 66.0 -223.32 67.84
4440 66.0 -246.52 66.24
4450 66.0 -269.72 64.64
4460 66.0 -287.25 67.38
4280 67.0 363.36 12.56
4290 67.0 326.56 9.76
4300 67.0 289.76 6.96
4310 67.0 252.35 5.0
4320 67.0 213.5 5.0
4330 67.0 174.65 5.0
4340 67.0 137.33 7.92
4350 67.0 100.67 12.08
4360 67.0 65.67 17.56
4370 67.0 34.56 26.07
4380 67.0 3.44 34.59
4390 67.0 -27.23 44.46
4400 67.0 -57.62 55.23
4410 67.0 -88.0 66.0
4420 67.0 -123.2 76.0
4430 67.0 -158.4 86.0
4440 67.0 -193.12 95.42
4450 67.0 -227.35 104.27
4460 67.0 -261.58 113.12
4470 67.0 -293.2 126.6
4310 68.0 130.0 115.0
4320 68.0 110.0 109.38
4330 68.0 87.0 100.5
4340 68.0 59.5 86.75
4350 68.0 32.5 76.5
4360 68.0 5.75 67.25
4370 68.0 -20.5 58.5
4380 68.0 -46.0 50.0
4390 68.0 -71.0 41.67
4400 68.0 -94.95 33.68
4410 68.0 -118.63 25.79
4420 68.0 -146.58 22.63
4430 68.0 -175.0 20.0
4440 68.0 -202.08 17.5
4450 68.0 -229.17 15.0
4460 68.0 -257.14 10.29
4470 68.0 -285.71 4.1
4480 68.0 -313.13 -7.54
4490 68.0 -339.38 -24.63
4500 68.0 -365.63 -41.71
4510 69.0 87.97 258.69
4520 69.0 85.41 247.92
4530 69.0 82.85 237.15
4540 69.0 80.28 226.38
4550 69.0 79.0 214.33
4560 69.0 79.0 201.0
4570 69.0 79.0 187.67
4580 69.0 79.28 174.45
4590 69.0 80.66 161.69
4600 69.0 82.03 148.93
4610 69.0 83.0 136.1
4620 69.0 83.0 123.1
4630 69.0 82.04 109.18
4640 69.0 78.82 93.11
4650 69.0 75.61 77.04
4660 69.0 73.48 61.07
4670 69.0 72.45 45.21
4680 69.0 71.41 29.34
4690 69.0 71.43 13.36
4700 69.0 72.14 -2.71
4510 70.0 124.55 272.76
4520 70.0 125.93 259.66
4530 70.0 127.31 246.55
4540 70.0 127.87 234.1
4550 70.0 127.62 222.31
4560 70.0 127.36 210.51
4570 70.0 127.1 198.72
4580 70.0 128.09 185.64
4590 70.0 129.91 171.7
4600 70.0 131.73 157.76
4610 70.0 133.89 143.44
4620 70.0 136.85 128.26
4630 70.0 139.81 113.07
4640 70.0 139.76 99.76
4650 70.0 137.69 87.69
4660 70.0 135.62 75.62
4670 70.0 136.87 61.27
4680 70.0 139.53 45.93
4690 70.0 142.2 30.6
4700 70.0 146.38 13.21
4600 73.0 -351.92 124.85
4610 73.0 -321.15 123.31
4620 73.0 -290.38 121.77
4630 73.0 -260.25 119.5
4640 73.0 -230.75 116.5
4650 73.0 -201.23 112.5
4660 73.0 -171.68 107.5
4670 73.0 -142.24 102.44
4680 73.0 -113.04 97.24
4690 73.0 -83.84 92.04
4700 73.0 -55.28 87.16
4710 73.0 -26.88 82.36
4720 73.0 2.96 77.44
4730 73.0 36.16 72.24
4740 73.0 69.36 67.04
4750 73.0 100.0 62.95
4760 73.0 130.0 59.14
4770 73.0 161.21 55.83
4780 73.0 192.93 52.72
4790 73.0 224.66 49.62
4610 74.0 -338.68 139.39
4620 74.0 -304.04 136.18
4630 74.0 -269.39 132.96
4640 74.0 -236.78 131.09
4650 74.0 -205.04 129.78
4660 74.0 -173.81 127.67
4670 74.0 -143.33 124.33
4680 74.0 -112.25 121.04
4690 74.0 -79.75 117.82
4700 74.0 -47.25 114.61
4710 74.0 -15.44 109.85
4720 74.0 15.67 103.56
4730 74.0 46.78 97.26
4740 74.0 78.19 91.26
4750 74.0 109.67 85.33
4760 74.0 141.1 79.72
4770 74.0 172.14 76.97
4780 74.0 203.17 74.21
4790 74.0 233.7 71.7
4800 74.0 262.22 70.22
4640 75.0 -364.77 193.08
4650 75.0 -337.85 185.38
4660 75.0 -310.92 177.69
4670 75.0 -284.0 170.0
4680 75.0 -256.63 173.16
4690 75.0 -228.63 174.88
4700 75.0 -195.71 167.0
4710 75.0 -164.76 167.0
4720 75.0 -133.14 166.81
4730 75.0 -98.86 165.86
4740 75.0 -64.92 164.5
4750 75.0 -34.08 159.5
4760 75.0 -3.25 154.5
4770 75.0 23.82 142.82
4780 75.0 49.27 128.27
4790 75.0 70.33 109.89
4800 75.0 82.4 81.8
4810 75.0 91.65 53.47
4820 75.0 101.06 27.59
4830 75.0 102.0 -0.31
4680 76.0 -344.43 7.61
4690 76.0 -317.29 20.82
4700 76.0 -290.14 34.04
4710 76.0 -268.33 52.0
4720 76.0 -248.81 72.0
4730 76.0 -233.25 91.75
4740 76.0 -220.33 111.33
4750 76.0 -206.0 129.61
4760 76.0 -186.0 142.65
4770 76.0 -166.0 155.7
4780 76.0 -144.88 162.25
4790 76.0 -123.63 168.08
4800 76.0 -103.75 169.0
4810 76.0 -85.25 165.0
4820 76.0 -74.79 158.69
4830 76.0 -72.38 150.07
4840 76.0 -69.97 141.45
4850 76.0 -73.8 129.6
4860 76.0 -81.8 115.6
4870 76.0 -89.8 101.6
4690 77.0 -360.69 100.0
4700 77.0 -332.23 90.0
4710 77.0 -305.73 76.36
4720 77.0 -281.13 59.33
4730 77.0 -256.47 42.67
4740 77.0 -227.5 28.0
4750 77.0 -197.89 14.06
4760 77.0 -166.78 4.61
4770 77.0 -133.9 -4.4
4780 77.0 -96.9 -12.4
4790 77.0 -60.2 -20.85
4800 77.0 -24.2 -30.35
4810 77.0 12.29 -38.24
4820 77.0 49.94 -42.35
4830 77.0 89.0 -48.13
4840 77.0 129.0 -55.0
4850 77.0 165.11 -59.44
4860 77.0 201.5 -63.7
4870 77.0 239.0 -67.2
4880 77.0 276.5 -70.7
4910 79.0 -356.0 61.0
4920 79.0 -334.42 61.0
4930 79.0 -312.48 60.81
4940 79.0 -287.3 58.96
4950 79.0 -262.11 57.11
4960 79.0 -237.33 54.67
4970 79.0 -213.17 51.33
4980 79.0 -189.0 48.0
4990 79.0 -162.57 41.93
5000 79.0 -136.14 35.86
5010 79.0 -109.6 30.07
5020 79.0 -82.6 25.4
5030 79.0 -55.6 20.73
5040 79.0 -28.67 15.74
5050 79.0 -2.0 9.44
5060 79.0 24.67 3.15
5070 79.0 51.06 -1.29
5080 79.0 77.19 -3.87
5090 79.0 103.32 -6.45
5100 79.0 129.62 -8.97
4910 80.0 -361.86 81.62
4920 80.0 -337.57 83.52
4930 80.0 -313.29 85.43
4940 80.0 -288.92 86.84
4950 80.0 -264.52 88.04
4960 80.0 -240.14 88.0
4970 80.0 -215.86 83.0
4980 80.0 -191.57 78.0
4990 80.0 -169.0 72.33
5000 80.0 -148.22 65.56
5010 80.0 -124.33 58.33
5020 80.0 -97.78 52.44
5030 80.0 -67.22 48.56
5040 80.0 -40.75 46.75
5050 80.0 -17.0 46.33
5060 80.0 7.36 45.0
5070 80.0 34.14 40.0
5080 80.0 60.93 35.0
5090 80.0 87.32 31.23
5100 80.0 113.13 29.29
4960 82.0 350.0 128.09
4970 82.0 320.0 133.51
4980 82.0 290.0 138.94
4990 82.0 260.0 144.37
5000 82.0 231.5 149.25
5010 82.0 203.64 153.89
5020 82.0 175.79 158.54
5030 82.0 146.33 163.0
5040 82.0 116.7 167.44
5050 82.0 86.91 172.36
5060 82.0 56.45 179.18
5070 82.0 26.0 186.0
5080 82.0 -6.22 191.56
5090 82.0 -38.44 197.11
5100 82.0 -70.23 202.5
5110 82.0 -101.0 207.5
5120 82.0 -131.77 212.5
5130 82.0 -163.21 215.93
5140 82.0 -194.93 218.69
5150 82.0 -226.66 221.45
4960 83.0 360.0 86.29
4970 83.0 330.0 89.86
4980 83.0 300.0 93.43
4990 83.0 270.0 97.0
5000 83.0 238.57 101.64
5010 83.0 207.14 106.29
5020 83.0 176.07 111.79
5030 83.0 146.41 120.76
5040 83.0 116.76 129.72
5050 83.0 86.67 138.22
5060 83.0 55.56 145.63
5070 83.0 24.44 153.04
5080 83.0 -5.4 158.2
5090 83.0 -34.4 161.87
5100 83.0 -63.4 165.53
5110 83.0 -93.69 170.92
5120 83.0 -124.85 177.46
5130 83.0 -156.0 184.0
5140 83.0 -186.74 188.81
5150 83.0 -217.48 193.63
5010 84.0 -351.46 198.13
5020 84.0 -316.04 189.38
5030 84.0 -280.63 180.63
5040 84.0 -245.75 170.75
5050 84.0 -211.11 160.39
5060 84.0 -176.46 150.04
5070 84.0 -141.03 139.38
5080 84.0 -105.52 128.69
5090 84.0 -70.0 118.0
5100 84.0 -32.0 114.8
5110 84.0 6.0 111.6
5120 84.0 43.7 108.52
5130 84.0 81.11 105.56
5140 84.0 118.52 102.59
5150 84.0 156.15 99.85
5160 84.0 193.85 97.15
5170 84.0 231.21 94.95
5180 84.0 267.26 94.68
5190 84.0 303.32 94.42
5200 84.0 339.37 94.16
5230 87.0 -117.78 182.04
5240 87.0 -93.33 179.44
5250 87.0 -68.89 176.85
5260 87.0 -44.44 174.26
5270 87.0 -20.34 170.06
5280 87.0 3.72 165.69
5290 87.0 27.78 161.31
5300 87.0 52.63 157.67
5310 87.0 77.81 154.33
5320 87.0 103.0 151.0
5330 87.0 127.58 147.25
5340 87.0 152.17 143.5
5350 87.0 176.77 138.08
5360 87.0 201.38 131.54
5370 87.0 226.0 125.0
5380 87.0 251.0 116.92
5390 87.0 276.0 108.85
5400 87.0 300.33 101.33
5410 87.0 323.67 94.67
5420 87.0 347.0 88.0
5240 88.0 345.21 59.43
5250 88.0 321.64 62.29
5260 88.0 298.07 65.14
5270 88.0 274.14 70.14
5280 88.0 250.05 76.05
5290 88.0 226.96 79.63
5300 88.0 204.88 80.88
5310 88.0 182.64 82.56
5320 88.0 159.04 88.16
5330 88.0 135.44 93.76
5340 88.0 112.56 100.08
5350 88.0 90.16 106.88
5360 88.0 67.79 113.75
5370 88.0 45.71 121.25
5380 88.0 23.63 128.75
5390 88.0 0.14 129.73
5400 88.0 -23.95 127.91
5410 88.0 -47.45 127.65
5420 88.0 -70.35 128.94
5430 88.0 -93.26 130.23
5240 89.0 343.7 83.91
5250 89.0 323.09 85.73
5260 89.0 302.48 87.55
5270 89.0 280.97 90.21
5280 89.0 255.82 96.27
5290 89.0 230.67 102.33
5300 89.0 205.52 108.39
5310 89.0 183.67 115.33
5320 89.0 162.19 122.37
5330 89.0 140.46 128.77
5340 89.0 117.77 132.62
5350 89.0 95.08 136.46
5360 89.0 72.85 141.0
5370 89.0 50.92 146.0
5380 89.0 29.0 151.0
5390 89.0 6.0 156.33
5400 89.0 -17.0 161.67
5410 89.0 -40.0 167.0
5420 89.0 -63.7 168.11
5430 89.0 -87.41 169.22
5270 90.0 364.2 23.88
5280 90.0 328.2 29.48
5290 90.0 292.2 35.08
5300 90.0 256.8 40.92
5310 90.0 222.8 47.32
5320 90.0 188.8 53.72
5330 90.0 156.15 61.15
5340 90.0 123.85 68.85
5350 90.0 91.43 75.67
5360 90.0 58.57 79.0
5370 90.0 25.44 82.44
5380 90.0 -9.95 86.84
5390 90.0 -44.68 91.05
5400 90.0 -78.88 96.0
5410 90.0 -111.79 102.67
5420 90.0 -144.71 109.33
5430 90.0 -177.4 116.3
5440 90.0 -210.07 123.3
5450 90.0 -242.73 130.3
5460 90.0 -274.0 138.33
5300 91.0 -234.13 83.88
5310 91.0 -208.5 89.5
5320 91.0 -182.88 95.13
5330 91.0 -157.25 100.75
5340 91.0 -130.92 105.64
5350 91.0 -104.12 110.04
5360 91.0 -76.86 114.21
5370 91.0 -45.43 116.36
5380 91.0 -22.0 115.6
5390 91.0 0.0 113.9
5400 91.0 30.0 113.4
5410 91.0 59.91 112.36
5420 91.0 89.45 109.18
5430 91.0 119.0 106.0
5440 91.0 145.52 99.91
5450 91.0 172.04 93.83
5460 91.0 196.86 84.05
5470 91.0 220.95 72.68
5480 91.0 238.0 60.5
5490 91.0 248.0 47.5
5410 92.0 -342.88 236.75
5420 92.0 -309.13 232.58
5430 92.0 -275.38 228.42
5440 92.0 -238.17 220.86
5450 92.0 -200.59 212.93
5460 92.0 -163.0 205.0
5470 92.0 -133.0 196.79
5480 92.0 -103.0 188.57
5490 92.0 -71.09 179.13
5500 92.0 -31.52 164.78
5510 92.0 8.04 150.43
5520 92.0 44.04 137.48
5530 92.0 79.64 124.68
5540 92.0 115.0 111.0
5550 92.0 150.0 96.0
5560 92.0 185.57 80.96
5570 92.0 223.39 65.74
5580 92.0 261.22 50.52
5590 92.0 298.12 39.64
5600 92.0 334.92 29.24
5410 93.0 -335.71 282.64
5420 93.0 -311.43 274.79
5430 93.0 -287.14 266.93
5440 93.0 -264.29 261.21
5450 93.0 -242.86 257.64
5460 93.0 -221.43 254.07
5470 93.0 -196.1 249.5
5480 93.0 -169.1 244.5
5490 93.0 -142.1 239.5
5500 93.0 -117.29 231.45
5510 93.0 -93.42 222.1
5520 93.0 -69.55 212.74
5530 93.0 -45.0 204.6
5540 93.0 -20.0 197.27
5550 93.0 5.0 189.93
5560 93.0 28.66 180.38
5570 93.0 51.41 169.34
5580 93.0 74.17 158.31
5590 93.0 98.14 146.79
5600 93.0 122.62 135.07
5480 94.0 -343.0 210.0
5490 94.0 -313.0 208.0
5500 94.0 -283.0 206.0
5510 94.0 -257.21 203.89
5520 94.0 -231.48 201.36
5530 94.0 -206.28 194.96
5540 94.0 -181.08 188.56
5550 94.0 -153.26 182.61
5560 94.0 -123.7 176.96
5570 94.0 -94.3 172.2
5580 94.0 -65.3 169.53
5590 94.0 -36.3 166.87
5600 94.0 -7.43 164.25
5610 94.0 21.14 161.75
5620 94.0 49.71 159.25
5630 94.0 78.11 153.89
5640 94.0 106.32 145.68
5650 94.0 134.54 137.46
5660 94.0 161.2 125.76
5670 94.0 187.2 112.56
5660 95.0 -358.52 228.63
5670 95.0 -335.93 220.48
5680 95.0 -313.33 212.33
5690 95.0 -290.7 204.41
5700 95.0 -267.74 198.48
5710 95.0 -244.78 192.56
5720 95.0 -220.43 186.57
5730 95.0 -194.0 180.5
5740 95.0 -167.57 174.43
5750 95.0 -141.67 169.33
5760 95.0 -116.11 164.89
5770 95.0 -90.56 160.44
5780 95.0 -66.73 154.27
5790 95.0 -43.09 147.91
5800 95.0 -21.0 139.5
5810 95.0 0.43 130.21
5820 95.0 21.86 120.93
5830 95.0 46.67 114.0
5840 95.0 71.85 107.33
5850 95.0 97.04 100.22
5670 96.0 -349.12 192.48
5680 96.0 -324.72 184.88
5690 96.0 -300.32 177.28
5700 96.0 -277.48 169.83
5710 96.0 -255.3 162.43
5720 96.0 -232.0 155.87
5730 96.0 -207.0 150.53
5740 96.0 -182.0 145.2
5750 96.0 -155.89 139.78
5760 96.0 -128.11 134.22
5770 96.0 -100.33 128.67
5780 96.0 -74.5 122.84
5790 96.0 -49.5 116.91
5800 96.0 -24.5 110.97
5810 96.0 -1.26 103.93
5820 96.0 20.22 95.78
5830 96.0 41.7 87.63
5840 96.0 66.16 78.32
5850 96.0 91.36 68.72
5860 96.0 116.97 59.41
5970 97.0 343.03 52.19
5980 97.0 317.09 56.56
5990 97.0 291.16 60.94
6000 97.0 265.26 65.06
6010 97.0 239.45 68.61
6020 97.0 213.65 72.16
6030 97.0 187.38 76.44
6040 97.0 159.25 83.63
6050 97.0 131.13 90.81
6060 97.0 103.0 98.0
6070 97.0 76.79 104.21
6080 97.0 50.59 110.41
6090 97.0 24.37 116.41
6100 97.0 -1.93 120.48
6110 97.0 -28.22 124.56
6120 97.0 -54.52 128.93
6130 97.0 -80.81 133.74
6140 97.0 -107.11 138.56
6150 97.0 -132.14 142.41
6160 97.0 -156.62 145.86
5970 98.0 340.75 79.41
5980 98.0 318.25 82.22
5990 98.0 295.75 85.03
6000 98.0 272.13 88.59
6010 98.0 245.88 93.91
6020 98.0 219.63 99.22
6030 98.0 193.55 104.55
6040 98.0 169.0 110.0
6050 98.0 144.45 115.45
6060 98.0 119.91 120.91
6070 98.0 93.67 125.64
6080 98.0 67.0 130.18
6090 98.0 40.33 134.73
6100 98.0 13.86 139.0
6110 98.0 -12.43 143.0
6120 98.0 -38.71 147.0
6130 98.0 -65.0 151.0
6140 98.0 -90.94 155.69
6150 98.0 -116.88 160.38
6160 98.0 -142.81 165.06
6040 99.0 349.07 77.86
6050 99.0 319.43 82.14
6060 99.0 289.79 86.43
6070 99.0 260.3 90.04
6080 99.0 231.04 92.63
6090 99.0 201.78 95.22
6100 99.0 171.79 98.97
6110 99.0 141.48 103.21
6120 99.0 111.18 107.45
6130 99.0 81.29 110.29
6140 99.0 52.0 111.0
6150 99.0 22.71 111.71
6160 99.0 -6.23 114.9
6170 99.0 -34.94 119.74
6180 99.0 -63.65 124.58
6190 99.0 -92.03 129.1
6200 99.0 -120.1 133.29
6210 99.0 -148.16 137.48
6220 99.0 -177.64 141.12
6230 99.0 -209.24 143.92
6290 104.0 -334.23 288.8
6300 104.0 -303.09 284.8
6310 104.0 -271.94 280.8
6320 104.0 -240.8 276.8
6330 104.0 -209.8 272.9
6340 104.0 -179.13 269.23
6350 104.0 -148.47 265.57
6360 104.0 -116.74 261.74
6370 104.0 -82.55 257.55
6380 104.0 -48.35 253.35
6390 104.0 -14.2 248.13
6400 104.0 19.8 238.8
6410 104.0 53.8 229.47
6420 104.0 87.0 219.21
6430 104.0 117.0 205.29
6440 104.0 147.0 191.36
6450 104.0 177.15 175.92
6460 104.0 207.54 158.23
6470 104.0 237.92 140.54
6480 104.0 272.85 126.82
6360 105.0 -363.0 257.77
6370 105.0 -343.0 255.21
6380 105.0 -323.0 252.64
6390 105.0 -303.0 250.08
6400 105.0 -283.0 247.51
6410 105.0 -261.36 244.95
6420 105.0 -239.31 242.38
6430 105.0 -217.26 239.82
6440 105.0 -195.21 237.26
6450 105.0 -169.82 235.36
6460 105.0 -144.06 233.55
6470 105.0 -118.3 231.73
6480 105.0 -93.6 229.2
6490 105.0 -69.6 226.2
6500 105.0 -45.6 223.2
6510 105.0 -21.6 221.2
6520 105.0 2.4 219.87
6530 105.0 26.4 218.53
6540 105.0 49.44 215.12
6550 105.0 71.84 210.32
6430 106.0 352.0 79.0
6440 106.0 324.4 79.4
6450 106.0 296.8 79.8
6460 106.0 268.96 82.69
6470 106.0 240.88 88.08
6480 106.0 212.81 93.46
6490 106.0 187.11 100.94
6500 106.0 161.69 108.66
6510 106.0 136.26 116.37
6520 106.0 109.77 123.45
6530 106.0 81.71 129.58
6540 106.0 53.65 135.71
6550 106.0 25.75 141.03
6560 106.0 -1.75 144.47
6570 106.0 -29.25 147.91
6580 106.0 -57.0 151.26
6590 106.0 -87.0 153.84
6600 106.0 -117.0 156.42
6610 106.0 -147.0 159.0
6620 106.0 -178.54 160.92
6430 107.0 364.88 54.25
6440 107.0 335.29 56.75
6450 107.0 305.71 59.25
6460 107.0 276.1 62.03
6470 107.0 246.45 65.48
6480 107.0 216.79 68.93
6490 107.0 187.63 74.25
6500 107.0 159.19 82.38
6510 107.0 130.75 90.5
6520 107.0 101.81 98.06
6530 107.0 70.88 103.38
6540 107.0 39.94 108.69
6550 107.0 9.0 114.0
6560 107.0 -18.94 117.53
6570 107.0 -46.88 121.06
6580 107.0 -74.82 124.59
6590 107.0 -103.64 126.18
6600 107.0 -133.03 126.48
6610 107.0 -162.42 126.79
6620 107.0 -192.28 126.91
6890 112.0 344.25 23.4
6900 112.0 311.75 29.4
6910 112.0 279.25 35.4
6920 112.0 248.55 42.3
6930 112.0 218.05 49.3
6940 112.0 186.36 55.73
6950 112.0 154.55 62.09
6960 112.0 125.11 68.42
6970 112.0 96.68 74.74
6980 112.0 67.0 79.08
6990 112.0 37.0 82.92
7000 112.0 6.53 87.07
7010 112.0 -25.8 92.4
7020 112.0 -58.13 97.73
7030 112.0 -89.93 103.2
7040 112.0 -119.6 109.2
7050 112.0 -149.27 115.2
7060 112.0 -179.28 120.62
7070 112.0 -210.66 123.72
7080 112.0 -242.03 126.83
6890 113.0 353.09 50.45
6900 113.0 322.18 55.91
6910 113.0 291.27 61.36
6920 113.0 262.35 67.04
6930 113.0 234.27 72.81
6940 113.0 206.21 78.54
6950 113.0 178.29 83.96
6960 113.0 150.38 89.38
6970 113.0 121.0 93.71
6980 113.0 91.0 97.58
6990 113.0 61.0 101.45
7000 113.0 31.86 105.79
7010 113.0 3.29 110.43
7020 113.0 -25.29 115.07
7030 113.0 -57.29 121.43
7040 113.0 -90.14 128.21
7050 113.0 -123.0 135.0
7060 113.0 -151.67 139.0
7070 113.0 -180.33 143.0
7080 113.0 -209.0 147.0
7170 116.0 -356.0 175.0
7180 116.0 -331.38 171.54
7190 116.0 -306.77 168.08
7200 116.0 -283.52 164.3
7210 116.0 -262.3 160.06
7220 116.0 -241.09 155.82
7230 116.0 -219.56 151.52
7240 116.0 -195.11 146.7
7250 116.0 -170.67 141.89
7260 116.0 -145.94 137.29
7270 116.0 -120.8 133.0
7280 116.0 -95.66 128.71
7290 116.0 -70.51 124.43
7300 116.0 -47.43 120.4
7310 116.0 -24.57 116.4
7320 116.0 -1.71 112.4
7330 116.0 22.0 108.24
7340 116.0 47.0 103.82
7350 116.0 72.0 99.41
7360 116.0 97.0 95.0
7180 117.0 -347.88 147.75
7190 117.0 -324.13 143.58
7200 117.0 -300.38 139.42
7210 117.0 -276.14 135.46
7220 117.0 -251.86 131.54
7230 117.0 -227.36 127.4
7240 117.0 -200.96 121.4
7250 117.0 -174.56 115.4
7260 117.0 -150.44 110.33
7270 117.0 -127.85 105.89
7280 117.0 -105.26 101.44
7290 117.0 -79.46 98.58
7300 117.0 -53.31 95.88
7310 117.0 -28.4 93.2
7320 117.0 -6.4 90.53
7330 117.0 15.6 87.87
7340 117.0 38.3 84.17
7350 117.0 62.65 78.09
7360 117.0 87.0 72.0
7370 117.0 112.93 65.33
