0.000000 14.000000 21.467000 -17.871000
12.000000 14.000000 20.844000 -17.956000
24.000000 14.000000 20.221000 -18.040000
36.000000 14.000000 19.711000 -18.040000
48.000000 14.000000 19.088000 -18.125000
60.000000 14.000000 18.465000 -18.125000
72.000000 14.000000 17.927000 -18.125000
84.000000 14.000000 17.332000 -18.125000
96.000000 14.000000 16.483000 -18.547167
108.000000 14.000000 15.860000 -18.631667
120.000000 14.000000 15.237000 -18.716167
132.000000 14.000000 14.614000 -18.800667
144.000000 14.000000 13.991000 -18.885167
156.000000 14.000000 13.368000 -18.969667
168.000000 14.000000 12.745000 -19.054167
180.000000 14.000000 12.122000 -19.138667
192.000000 14.000000 11.499000 -19.223167
204.000000 14.000000 10.876000 -19.307667
216.000000 14.000000 10.253000 -19.392167
228.000000 14.000000 9.630000 -19.476667
240.000000 15.000000 10.167000 -17.078000
252.000000 15.000000 9.629000 -16.993000
264.000000 15.000000 9.119000 -16.794000
276.000000 15.000000 8.496000 -16.709000
288.000000 15.000000 7.987000 -16.539000
300.000000 15.000000 7.590000 -16.370000
312.000000 15.000000 7.080000 -16.200000
324.000000 15.000000 6.542000 -16.001000
336.000000 15.000000 5.970333 -15.961000
348.000000 15.000000 5.446333 -15.819000
360.000000 15.000000 4.922333 -15.677000
372.000000 15.000000 4.398333 -15.535000
384.000000 15.000000 3.874333 -15.393000
396.000000 15.000000 3.350333 -15.251000
408.000000 15.000000 2.826333 -15.109000
420.000000 15.000000 2.302333 -14.967000
432.000000 15.000000 1.778333 -14.825000
444.000000 15.000000 1.254333 -14.683000
456.000000 15.000000 0.730333 -14.541000
468.000000 15.000000 0.206333 -14.399000
348.000000 18.000000 9.006000 -18.295000
360.000000 18.000000 9.459000 -18.040000
372.000000 18.000000 10.082000 -17.786000
384.000000 18.000000 10.705000 -17.417000
396.000000 18.000000 11.300000 -17.163000
408.000000 18.000000 11.923000 -16.794000
420.000000 18.000000 12.461000 -16.709000
432.000000 18.000000 13.084000 -16.709000
444.000000 18.000000 13.281667 -16.258833
456.000000 18.000000 13.819667 -16.004333
468.000000 18.000000 14.357667 -15.749833
480.000000 18.000000 14.895667 -15.495333
492.000000 18.000000 15.433667 -15.240833
504.000000 18.000000 15.971667 -14.986333
516.000000 18.000000 16.509667 -14.731833
528.000000 18.000000 17.047667 -14.477333
540.000000 18.000000 17.585667 -14.222833
552.000000 18.000000 18.123667 -13.968333
564.000000 18.000000 18.661667 -13.713833
576.000000 18.000000 19.199667 -13.459333
588.000000 19.000000 20.986000 -16.313000
600.000000 19.000000 21.722000 -16.313000
612.000000 19.000000 22.544000 -16.313000
624.000000 19.000000 23.252000 -16.313000
636.000000 19.000000 23.875000 -16.426000
648.000000 19.000000 24.611000 -16.483000
660.000000 19.000000 25.347000 -16.681000
672.000000 19.000000 25.970000 -16.766000
684.000000 19.000000 27.203667 -16.313000
696.000000 19.000000 27.982667 -16.313000
708.000000 19.000000 28.761667 -16.313000
720.000000 19.000000 29.540667 -16.313000
732.000000 19.000000 30.319667 -16.313000
744.000000 19.000000 31.098667 -16.313000
756.000000 19.000000 31.877667 -16.313000
768.000000 19.000000 32.656667 -16.313000
780.000000 19.000000 33.435667 -16.313000
792.000000 19.000000 34.214667 -16.313000
804.000000 19.000000 34.993667 -16.313000
816.000000 19.000000 35.772667 -16.313000
1188.000000 0.000000 32.569000 -18.550000
1200.000000 0.000000 31.889000 -18.550000
1212.000000 0.000000 31.266000 -18.550000
1224.000000 0.000000 30.643000 -18.437000
1236.000000 0.000000 30.134000 -18.437000
1248.000000 0.000000 29.510000 -18.352000
1260.000000 0.000000 28.887000 -18.352000
1272.000000 0.000000 28.264000 -18.267000
1284.000000 0.000000 27.347500 -18.550000
1296.000000 0.000000 26.696000 -18.550000
1308.000000 0.000000 26.044500 -18.550000
1320.000000 0.000000 25.393000 -18.550000
1332.000000 0.000000 24.741500 -18.550000
1344.000000 0.000000 24.090000 -18.550000
1356.000000 0.000000 23.438500 -18.550000
1368.000000 0.000000 22.787000 -18.550000
1380.000000 0.000000 22.135500 -18.550000
1392.000000 0.000000 21.484000 -18.550000
1404.000000 0.000000 20.832500 -18.550000
1416.000000 0.000000 20.181000 -18.550000
1188.000000 1.000000 32.569000 -17.474000
1200.000000 1.000000 31.889000 -17.474000
1212.000000 1.000000 31.266000 -17.361000
1224.000000 1.000000 30.757000 -17.361000
1236.000000 1.000000 30.134000 -17.304000
1248.000000 1.000000 29.510000 -17.304000
1260.000000 1.000000 28.887000 -17.304000
1272.000000 1.000000 28.264000 -17.304000
1284.000000 1.000000 27.347500 -17.040833
1296.000000 1.000000 26.696000 -16.984333
1308.000000 1.000000 26.044500 -16.927833
1320.000000 1.000000 25.393000 -16.871333
1332.000000 1.000000 24.741500 -16.814833
1344.000000 1.000000 24.090000 -16.758333
1356.000000 1.000000 23.438500 -16.701833
1368.000000 1.000000 22.787000 -16.645333
1380.000000 1.000000 22.135500 -16.588833
1392.000000 1.000000 21.484000 -16.532333
1404.000000 1.000000 20.832500 -16.475833
1416.000000 1.000000 20.181000 -16.419333
1188.000000 2.000000 32.569000 -16.058000
1200.000000 2.000000 31.889000 -16.058000
1212.000000 2.000000 31.181000 -16.058000
1224.000000 2.000000 30.558000 -15.973000
1236.000000 2.000000 29.850000 -15.973000
1248.000000 2.000000 29.227000 -15.860000
1260.000000 2.000000 28.717000 -15.860000
1272.000000 2.000000 28.094000 -15.860000
1284.000000 2.000000 27.021667 -16.058000
1296.000000 2.000000 26.327667 -16.058000
1308.000000 2.000000 25.633667 -16.058000
1320.000000 2.000000 24.939667 -16.058000
1332.000000 2.000000 24.245667 -16.058000
1344.000000 2.000000 23.551667 -16.058000
1356.000000 2.000000 22.857667 -16.058000
1368.000000 2.000000 22.163667 -16.058000
1380.000000 2.000000 21.469667 -16.058000
1392.000000 2.000000 20.775667 -16.058000
1404.000000 2.000000 20.081667 -16.058000
1416.000000 2.000000 19.387667 -16.058000
1188.000000 34.000000 32.711000 -16.823000
1200.000000 34.000000 31.946000 -16.823000
1212.000000 34.000000 31.323000 -16.709000
1224.000000 34.000000 30.813000 -16.709000
1236.000000 34.000000 30.190000 -16.624000
1248.000000 34.000000 29.567000 -16.624000
1260.000000 34.000000 28.944000 -16.539000
1272.000000 34.000000 28.434000 -16.539000
1284.000000 34.000000 27.135333 -16.386000
1296.000000 34.000000 26.441333 -16.329000
1308.000000 34.000000 25.747333 -16.272000
1320.000000 34.000000 25.053333 -16.215000
1332.000000 34.000000 24.359333 -16.158000
1344.000000 34.000000 23.665333 -16.101000
1356.000000 34.000000 22.971333 -16.044000
1368.000000 34.000000 22.277333 -15.987000
1380.000000 34.000000 21.583333 -15.930000
1392.000000 34.000000 20.889333 -15.873000
1404.000000 34.000000 20.195333 -15.816000
1416.000000 34.000000 19.501333 -15.759000
1188.000000 36.000000 32.343000 -18.975000
1200.000000 36.000000 31.606000 -18.862000
1212.000000 36.000000 31.011000 -18.749000
1224.000000 36.000000 30.445000 -18.607000
1236.000000 36.000000 29.879000 -18.494000
1248.000000 36.000000 29.256000 -18.352000
1260.000000 36.000000 28.604000 -18.437000
1272.000000 36.000000 28.066000 -18.409000
1284.000000 36.000000 26.991333 -18.071000
1296.000000 36.000000 26.325333 -17.958000
1308.000000 36.000000 25.659333 -17.845000
1320.000000 36.000000 24.993333 -17.732000
1332.000000 36.000000 24.327333 -17.619000
1344.000000 36.000000 23.661333 -17.506000
1356.000000 36.000000 22.995333 -17.393000
1368.000000 36.000000 22.329333 -17.280000
1380.000000 36.000000 21.663333 -17.167000
1392.000000 36.000000 20.997333 -17.054000
1404.000000 36.000000 20.331333 -16.941000
1416.000000 36.000000 19.665333 -16.828000
1428.000000 35.000000 20.674000 -16.370000
1440.000000 35.000000 20.051000 -16.285000
1452.000000 35.000000 19.315000 -16.285000
1464.000000 35.000000 18.805000 -16.285000
1476.000000 35.000000 18.295000 -16.370000
1488.000000 35.000000 17.786000 -16.370000
1500.000000 35.000000 17.276000 -16.370000
1512.000000 35.000000 16.738000 -16.285000
1524.000000 35.000000 15.256833 -16.015833
1536.000000 35.000000 14.577333 -15.973333
1548.000000 35.000000 13.897833 -15.930833
1560.000000 35.000000 13.218333 -15.888333
1572.000000 35.000000 12.538833 -15.845833
1584.000000 35.000000 11.859333 -15.803333
1596.000000 35.000000 11.179833 -15.760833
1608.000000 35.000000 10.500333 -15.718333
1620.000000 35.000000 9.820833 -15.675833
1632.000000 35.000000 9.141333 -15.633333
1644.000000 35.000000 8.461833 -15.590833
1656.000000 35.000000 7.782333 -15.548333
1428.000000 37.000000 20.419000 -18.324000
1440.000000 37.000000 19.881000 -18.324000
1452.000000 37.000000 19.372000 -18.324000
1464.000000 37.000000 18.862000 -18.324000
1476.000000 37.000000 18.239000 -18.210000
1488.000000 37.000000 17.729000 -18.210000
1500.000000 37.000000 17.219000 -18.125000
1512.000000 37.000000 16.624000 -18.012000
1524.000000 37.000000 16.226167 -18.324000
1536.000000 37.000000 15.702667 -18.324000
1548.000000 37.000000 15.179167 -18.324000
1560.000000 37.000000 14.655667 -18.324000
1572.000000 37.000000 14.132167 -18.324000
1584.000000 37.000000 13.608667 -18.324000
1596.000000 37.000000 13.085167 -18.324000
1608.000000 37.000000 12.561667 -18.324000
1620.000000 37.000000 12.038167 -18.324000
1632.000000 37.000000 11.514667 -18.324000
1644.000000 37.000000 10.991167 -18.324000
1656.000000 37.000000 10.467667 -18.324000
1596.000000 28.000000 33.022000 -18.040000
1608.000000 28.000000 32.371000 -18.012000
1620.000000 28.000000 31.974000 -17.871000
1632.000000 28.000000 31.521000 -17.757000
1644.000000 28.000000 31.238000 -17.644000
1656.000000 28.000000 30.842000 -17.474000
1668.000000 28.000000 30.388000 -17.332000
1680.000000 28.000000 29.992000 -17.247000
1692.000000 28.000000 28.787667 -17.382833
1704.000000 28.000000 28.263667 -17.298333
1716.000000 28.000000 27.739667 -17.213833
1728.000000 28.000000 27.215667 -17.129333
1740.000000 28.000000 26.691667 -17.044833
1752.000000 28.000000 26.167667 -16.960333
1764.000000 28.000000 25.643667 -16.875833
1776.000000 28.000000 25.119667 -16.791333
1788.000000 28.000000 24.595667 -16.706833
1800.000000 28.000000 24.071667 -16.622333
1812.000000 28.000000 23.547667 -16.537833
1824.000000 28.000000 23.023667 -16.453333
1596.000000 47.000000 32.711000 -18.947000
1608.000000 47.000000 32.314000 -18.975000
1620.000000 47.000000 31.804000 -18.749000
1632.000000 47.000000 31.408000 -18.465000
1644.000000 47.000000 30.898000 -18.324000
1656.000000 47.000000 30.502000 -18.125000
1668.000000 47.000000 30.105000 -18.040000
1680.000000 47.000000 29.709000 -17.956000
1692.000000 47.000000 29.101833 -18.197333
1704.000000 47.000000 28.648333 -18.098333
1716.000000 47.000000 28.194833 -17.999333
1728.000000 47.000000 27.741333 -17.900333
1740.000000 47.000000 27.287833 -17.801333
1752.000000 47.000000 26.834333 -17.702333
1764.000000 47.000000 26.380833 -17.603333
1776.000000 47.000000 25.927333 -17.504333
1788.000000 47.000000 25.473833 -17.405333
1800.000000 47.000000 25.020333 -17.306333
1812.000000 47.000000 24.566833 -17.207333
1824.000000 47.000000 24.113333 -17.108333
1632.000000 20.000000 7.024000 -16.228000
1644.000000 20.000000 7.194000 -16.228000
1656.000000 20.000000 7.420000 -16.143000
1668.000000 20.000000 7.647000 -16.143000
1680.000000 20.000000 7.930000 -16.058000
1692.000000 20.000000 8.156000 -16.058000
1704.000000 20.000000 8.326000 -15.973000
1716.000000 20.000000 8.553000 -15.973000
1728.000000 20.000000 8.598667 -15.902167
1740.000000 20.000000 8.796667 -15.859667
1752.000000 20.000000 8.994667 -15.817167
1764.000000 20.000000 9.192667 -15.774667
1776.000000 20.000000 9.390667 -15.732167
1788.000000 20.000000 9.588667 -15.689667
1800.000000 20.000000 9.786667 -15.647167
1812.000000 20.000000 9.984667 -15.604667
1824.000000 20.000000 10.182667 -15.562167
1836.000000 20.000000 10.380667 -15.519667
1848.000000 20.000000 10.578667 -15.477167
1860.000000 20.000000 10.776667 -15.434667
1680.000000 25.000000 6.797000 -17.786000
1692.000000 25.000000 6.995000 -17.786000
1704.000000 25.000000 7.392000 -17.672000
1716.000000 25.000000 7.675000 -17.672000
1728.000000 25.000000 8.015000 -17.616000
1740.000000 25.000000 8.355000 -17.616000
1752.000000 25.000000 8.666000 -17.502000
1764.000000 25.000000 8.978000 -17.502000
1776.000000 25.000000 9.143833 -17.349000
1788.000000 25.000000 9.441333 -17.292000
1800.000000 25.000000 9.738833 -17.235000
1812.000000 25.000000 10.036333 -17.178000
1824.000000 25.000000 10.333833 -17.121000
1836.000000 25.000000 10.631333 -17.064000
1848.000000 25.000000 10.928833 -17.007000
1860.000000 25.000000 11.226333 -16.950000
1872.000000 25.000000 11.523833 -16.893000
1884.000000 25.000000 11.821333 -16.836000
1896.000000 25.000000 12.118833 -16.779000
1908.000000 25.000000 12.416333 -16.722000
1680.000000 38.000000 6.231000 -16.681000
1692.000000 38.000000 6.429000 -16.681000
1704.000000 38.000000 6.769000 -16.681000
1716.000000 38.000000 7.052000 -16.681000
1728.000000 38.000000 7.392000 -16.681000
1740.000000 38.000000 7.675000 -16.681000
1752.000000 38.000000 8.015000 -16.681000
1764.000000 38.000000 8.298000 -16.681000
1776.000000 38.000000 8.359333 -16.681000
1788.000000 38.000000 8.628333 -16.681000
1800.000000 38.000000 8.897333 -16.681000
1812.000000 38.000000 9.166333 -16.681000
1824.000000 38.000000 9.435333 -16.681000
1836.000000 38.000000 9.704333 -16.681000
1848.000000 38.000000 9.973333 -16.681000
1860.000000 38.000000 10.242333 -16.681000
1872.000000 38.000000 10.511333 -16.681000
1884.000000 38.000000 10.780333 -16.681000
1896.000000 38.000000 11.049333 -16.681000
1908.000000 38.000000 11.318333 -16.681000
1836.000000 29.000000 24.243000 -16.539000
1848.000000 29.000000 23.818000 -16.455000
1860.000000 29.000000 23.535000 -16.370000
1872.000000 29.000000 23.025000 -16.539000
1884.000000 29.000000 22.487000 -16.738000
1896.000000 29.000000 21.949000 -16.908000
1908.000000 29.000000 21.552000 -16.964000
1920.000000 29.000000 21.156000 -17.078000
1932.000000 29.000000 21.387333 -15.863167
1944.000000 29.000000 21.033333 -15.778667
1956.000000 29.000000 20.679333 -15.694167
1968.000000 29.000000 20.325333 -15.609667
1980.000000 29.000000 19.971333 -15.525167
1992.000000 29.000000 19.617333 -15.440667
2004.000000 29.000000 19.263333 -15.356167
2016.000000 29.000000 18.909333 -15.271667
2028.000000 29.000000 18.555333 -15.187167
2040.000000 29.000000 18.201333 -15.102667
2052.000000 29.000000 17.847333 -15.018167
2064.000000 29.000000 17.493333 -14.933667
1836.000000 48.000000 24.158000 -17.502000
1848.000000 48.000000 23.648000 -17.672000
1860.000000 48.000000 22.912000 -17.672000
1872.000000 48.000000 22.402000 -17.616000
1884.000000 48.000000 21.949000 -17.616000
1896.000000 48.000000 21.552000 -17.672000
1908.000000 48.000000 21.156000 -17.786000
1920.000000 48.000000 20.703000 -17.871000
1932.000000 48.000000 19.211667 -18.210333
1944.000000 48.000000 18.588667 -18.295333
1956.000000 48.000000 17.965667 -18.380333
1968.000000 48.000000 17.342667 -18.465333
1980.000000 48.000000 16.719667 -18.550333
1992.000000 48.000000 16.096667 -18.635333
2004.000000 48.000000 15.473667 -18.720333
2016.000000 48.000000 14.850667 -18.805333
2028.000000 48.000000 14.227667 -18.890333
2040.000000 48.000000 13.604667 -18.975333
2052.000000 48.000000 12.981667 -19.060333
2064.000000 48.000000 12.358667 -19.145333
1872.000000 21.000000 13.169000 -15.520000
1884.000000 21.000000 13.481000 -15.520000
1896.000000 21.000000 13.792000 -15.520000
1908.000000 21.000000 14.104000 -15.520000
1920.000000 21.000000 14.500000 -15.520000
1932.000000 21.000000 14.840000 -15.520000
1944.000000 21.000000 15.123000 -15.463000
1956.000000 21.000000 15.548000 -15.463000
1968.000000 21.000000 15.661167 -15.520000
1980.000000 21.000000 15.972667 -15.520000
1992.000000 21.000000 16.284167 -15.520000
2004.000000 21.000000 16.595667 -15.520000
2016.000000 21.000000 16.907167 -15.520000
2028.000000 21.000000 17.218667 -15.520000
2040.000000 21.000000 17.530167 -15.520000
2052.000000 21.000000 17.841667 -15.520000
2064.000000 21.000000 18.153167 -15.520000
2076.000000 21.000000 18.464667 -15.520000
2088.000000 21.000000 18.776167 -15.520000
2100.000000 21.000000 19.087667 -15.520000
1920.000000 26.000000 13.452000 -17.247000
1932.000000 26.000000 13.792000 -17.163000
1944.000000 26.000000 14.189000 -17.049000
1956.000000 26.000000 14.529000 -16.993000
1968.000000 26.000000 14.812000 -16.993000
1980.000000 26.000000 15.152000 -16.879000
1992.000000 26.000000 15.435000 -16.823000
2004.000000 26.000000 15.860000 -16.823000
2016.000000 26.000000 16.390500 -16.460000
2028.000000 26.000000 16.759000 -16.361000
2040.000000 26.000000 17.127500 -16.262000
2052.000000 26.000000 17.496000 -16.163000
2064.000000 26.000000 17.864500 -16.064000
2076.000000 26.000000 18.233000 -15.965000
2088.000000 26.000000 18.601500 -15.866000
2100.000000 26.000000 18.970000 -15.767000
2112.000000 26.000000 19.338500 -15.668000
2124.000000 26.000000 19.707000 -15.569000
2136.000000 26.000000 20.075500 -15.470000
2148.000000 26.000000 20.444000 -15.371000
1920.000000 39.000000 12.320000 -16.285000
1932.000000 39.000000 12.773000 -16.200000
1944.000000 39.000000 13.056000 -16.200000
1956.000000 39.000000 13.452000 -16.200000
1968.000000 39.000000 13.906000 -16.200000
1980.000000 39.000000 14.189000 -16.200000
1992.000000 39.000000 14.642000 -16.200000
2004.000000 39.000000 15.038000 -16.228000
2016.000000 39.000000 15.292333 -15.930833
2028.000000 39.000000 15.660333 -15.888333
2040.000000 39.000000 16.028333 -15.845833
2052.000000 39.000000 16.396333 -15.803333
2064.000000 39.000000 16.764333 -15.760833
2076.000000 39.000000 17.132333 -15.718333
2088.000000 39.000000 17.500333 -15.675833
2100.000000 39.000000 17.868333 -15.633333
2112.000000 39.000000 18.236333 -15.590833
2124.000000 39.000000 18.604333 -15.548333
2136.000000 39.000000 18.972333 -15.505833
2148.000000 39.000000 19.340333 -15.463333
2076.000000 30.000000 17.417000 -16.879000
2088.000000 30.000000 17.616000 -16.936000
2100.000000 30.000000 18.040000 -16.936000
2112.000000 30.000000 18.352000 -17.021000
2124.000000 30.000000 18.749000 -17.021000
2136.000000 30.000000 19.173000 -17.106000
2148.000000 30.000000 19.598000 -17.106000
2160.000000 30.000000 19.995000 -17.106000
2172.000000 30.000000 19.871500 -17.116500
2184.000000 30.000000 20.183000 -17.145000
2196.000000 30.000000 20.494500 -17.173500
2208.000000 30.000000 20.806000 -17.202000
2220.000000 30.000000 21.117500 -17.230500
2232.000000 30.000000 21.429000 -17.259000
2244.000000 30.000000 21.740500 -17.287500
2256.000000 30.000000 22.052000 -17.316000
2268.000000 30.000000 22.363500 -17.344500
2280.000000 30.000000 22.675000 -17.373000
2292.000000 30.000000 22.986500 -17.401500
2304.000000 30.000000 23.298000 -17.430000
2076.000000 49.000000 15.916000 -17.474000
2088.000000 49.000000 15.293000 -17.389000
2100.000000 49.000000 14.670000 -17.219000
2112.000000 49.000000 14.047000 -17.106000
2124.000000 49.000000 13.424000 -17.106000
2136.000000 49.000000 12.914000 -17.106000
2148.000000 49.000000 12.405000 -17.106000
2160.000000 49.000000 11.866000 -17.219000
2172.000000 49.000000 10.932000 -16.468167
2184.000000 49.000000 10.309000 -16.340667
2196.000000 49.000000 9.686000 -16.213167
2208.000000 49.000000 9.063000 -16.085667
2220.000000 49.000000 8.440000 -15.958167
2232.000000 49.000000 7.817000 -15.830667
2244.000000 49.000000 7.194000 -15.703167
2256.000000 49.000000 6.571000 -15.575667
2268.000000 49.000000 5.948000 -15.448167
2280.000000 49.000000 5.325000 -15.320667
2292.000000 49.000000 4.702000 -15.193167
2304.000000 49.000000 4.079000 -15.065667
2100.000000 23.000000 33.277000 -18.494000
2112.000000 23.000000 32.824000 -18.833000
2124.000000 23.000000 32.626000 -18.833000
2136.000000 23.000000 32.116000 -18.749000
2148.000000 23.000000 31.493000 -18.550000
2160.000000 23.000000 30.757000 -18.380000
2172.000000 23.000000 30.134000 -18.210000
2184.000000 23.000000 29.539000 -18.040000
2196.000000 23.000000 30.630500 -19.906500
2208.000000 23.000000 30.305000 -20.076000
2220.000000 23.000000 29.979500 -20.245500
2232.000000 23.000000 29.654000 -20.415000
2244.000000 23.000000 29.328500 -20.584500
2256.000000 23.000000 29.003000 -20.754000
2268.000000 23.000000 28.677500 -20.923500
2280.000000 23.000000 28.352000 -21.093000
2292.000000 23.000000 28.026500 -21.262500
2304.000000 23.000000 27.701000 -21.432000
2316.000000 23.000000 27.375500 -21.601500
2328.000000 23.000000 27.050000 -21.771000
2112.000000 22.000000 20.504000 -15.831000
2124.000000 22.000000 20.844000 -15.831000
2136.000000 22.000000 21.127000 -15.831000
2148.000000 22.000000 21.467000 -15.831000
2160.000000 22.000000 21.751000 -15.945000
2172.000000 22.000000 22.090000 -16.001000
2184.000000 22.000000 22.487000 -16.115000
2196.000000 22.000000 22.798000 -16.171000
2208.000000 22.000000 23.005500 -15.831000
2220.000000 22.000000 23.317000 -15.831000
2232.000000 22.000000 23.628500 -15.831000
2244.000000 22.000000 23.940000 -15.831000
2256.000000 22.000000 24.251500 -15.831000
2268.000000 22.000000 24.563000 -15.831000
2280.000000 22.000000 24.874500 -15.831000
2292.000000 22.000000 25.186000 -15.831000
2304.000000 22.000000 25.497500 -15.831000
2316.000000 22.000000 25.809000 -15.831000
2328.000000 22.000000 26.120500 -15.831000
2340.000000 22.000000 26.432000 -15.831000
2160.000000 27.000000 21.467000 -17.247000
2172.000000 27.000000 21.864000 -17.247000
2184.000000 27.000000 22.260000 -17.247000
2196.000000 27.000000 22.600000 -17.247000
2208.000000 27.000000 22.997000 -17.247000
2220.000000 27.000000 23.421000 -17.361000
2232.000000 27.000000 23.733000 -17.361000
2244.000000 27.000000 24.016000 -17.417000
2256.000000 27.000000 24.639167 -17.247000
2268.000000 27.000000 25.035667 -17.247000
2280.000000 27.000000 25.432167 -17.247000
2292.000000 27.000000 25.828667 -17.247000
2304.000000 27.000000 26.225167 -17.247000
2316.000000 27.000000 26.621667 -17.247000
2328.000000 27.000000 27.018167 -17.247000
2340.000000 27.000000 27.414667 -17.247000
2352.000000 27.000000 27.811167 -17.247000
2364.000000 27.000000 28.207667 -17.247000
2376.000000 27.000000 28.604167 -17.247000
2388.000000 27.000000 29.000667 -17.247000
2160.000000 40.000000 20.136000 -16.200000
2172.000000 40.000000 20.589000 -16.256000
2184.000000 40.000000 20.986000 -16.370000
2196.000000 40.000000 21.297000 -16.370000
2208.000000 40.000000 21.722000 -16.455000
2220.000000 40.000000 22.119000 -16.539000
2232.000000 40.000000 22.430000 -16.653000
2244.000000 40.000000 22.855000 -16.653000
2256.000000 40.000000 23.545333 -16.870333
2268.000000 40.000000 23.970333 -16.955333
2280.000000 40.000000 24.395333 -17.040333
2292.000000 40.000000 24.820333 -17.125333
2304.000000 40.000000 25.245333 -17.210333
2316.000000 40.000000 25.670333 -17.295333
2328.000000 40.000000 26.095333 -17.380333
2340.000000 40.000000 26.520333 -17.465333
2352.000000 40.000000 26.945333 -17.550333
2364.000000 40.000000 27.370333 -17.635333
2376.000000 40.000000 27.795333 -17.720333
2388.000000 40.000000 28.220333 -17.805333
2316.000000 31.000000 25.376000 -17.021000
2328.000000 31.000000 25.800000 -17.191000
2340.000000 31.000000 26.197000 -17.304000
2352.000000 31.000000 26.622000 -17.474000
2364.000000 31.000000 27.047000 -17.644000
2376.000000 31.000000 27.443000 -17.814000
2388.000000 31.000000 27.981000 -17.814000
2400.000000 31.000000 28.604000 -17.729000
2412.000000 31.000000 28.664500 -18.162500
2424.000000 31.000000 29.075000 -18.304000
2436.000000 31.000000 29.485500 -18.445500
2448.000000 31.000000 29.896000 -18.587000
2460.000000 31.000000 30.306500 -18.728500
2472.000000 31.000000 30.717000 -18.870000
2484.000000 31.000000 31.127500 -19.011500
2496.000000 31.000000 31.538000 -19.153000
2508.000000 31.000000 31.948500 -19.294500
2520.000000 31.000000 32.359000 -19.436000
2532.000000 31.000000 32.769500 -19.577500
2544.000000 31.000000 33.180000 -19.719000
2340.000000 24.000000 22.487000 -17.956000
2352.000000 24.000000 21.977000 -17.871000
2364.000000 24.000000 21.354000 -17.871000
2376.000000 24.000000 20.731000 -17.871000
2388.000000 24.000000 19.995000 -17.871000
2400.000000 24.000000 19.372000 -17.871000
2412.000000 24.000000 18.749000 -17.871000
2424.000000 24.000000 18.125000 -17.871000
2436.000000 24.000000 17.973833 -17.601833
2448.000000 24.000000 17.407333 -17.559333
2460.000000 24.000000 16.840833 -17.516833
2472.000000 24.000000 16.274333 -17.474333
2484.000000 24.000000 15.707833 -17.431833
2496.000000 24.000000 15.141333 -17.389333
2508.000000 24.000000 14.574833 -17.346833
2520.000000 24.000000 14.008333 -17.304333
2532.000000 24.000000 13.441833 -17.261833
2544.000000 24.000000 12.875333 -17.219333
2556.000000 24.000000 12.308833 -17.176833
2568.000000 24.000000 11.742333 -17.134333
2568.000000 11.000000 5.919000 -21.212000
2580.000000 11.000000 6.457000 -20.788000
2592.000000 11.000000 7.080000 -20.419000
2604.000000 11.000000 7.703000 -20.080000
2616.000000 11.000000 8.298000 -19.711000
2628.000000 11.000000 8.836000 -19.372000
2640.000000 11.000000 9.233000 -19.032000
2652.000000 11.000000 9.629000 -18.664000
2664.000000 11.000000 10.548833 -18.030833
2676.000000 11.000000 11.129333 -17.634333
2688.000000 11.000000 11.709833 -17.237833
2700.000000 11.000000 12.290333 -16.841333
2712.000000 11.000000 12.870833 -16.444833
2724.000000 11.000000 13.451333 -16.048333
2736.000000 11.000000 14.031833 -15.651833
2748.000000 11.000000 14.612333 -15.255333
2760.000000 11.000000 15.192833 -14.858833
2772.000000 11.000000 15.773333 -14.462333
2784.000000 11.000000 16.353833 -14.065833
2796.000000 11.000000 16.934333 -13.669333
2808.000000 12.000000 17.389000 -17.502000
2820.000000 12.000000 18.125000 -17.502000
2832.000000 12.000000 18.749000 -17.616000
2844.000000 12.000000 19.372000 -17.616000
2856.000000 12.000000 20.108000 -17.616000
2868.000000 12.000000 20.731000 -17.672000
2880.000000 12.000000 21.354000 -17.672000
2892.000000 12.000000 21.977000 -17.786000
2904.000000 12.000000 22.847667 -17.939000
2916.000000 12.000000 23.527667 -17.996000
2928.000000 12.000000 24.207667 -18.053000
2940.000000 12.000000 24.887667 -18.110000
2952.000000 12.000000 25.567667 -18.167000
2964.000000 12.000000 26.247667 -18.224000
2976.000000 12.000000 26.927667 -18.281000
2988.000000 12.000000 27.607667 -18.338000
3000.000000 12.000000 28.287667 -18.395000
3012.000000 12.000000 28.967667 -18.452000
3024.000000 12.000000 29.647667 -18.509000
3036.000000 12.000000 30.327667 -18.566000
2868.000000 13.000000 -9.544000 -15.010000
2880.000000 13.000000 -10.281000 -14.812000
2892.000000 13.000000 -10.790000 -14.642000
2904.000000 13.000000 -11.413000 -14.472000
2916.000000 13.000000 -11.923000 -14.302000
2928.000000 13.000000 -12.461000 -14.302000
2940.000000 13.000000 -12.886000 -14.302000
2952.000000 13.000000 -13.396000 -14.302000
2964.000000 13.000000 -14.566000 -13.533333
2976.000000 13.000000 -15.189000 -13.349333
2988.000000 13.000000 -15.812000 -13.165333
3000.000000 13.000000 -16.435000 -12.981333
3012.000000 13.000000 -17.058000 -12.797333
3024.000000 13.000000 -17.681000 -12.613333
3036.000000 13.000000 -18.304000 -12.429333
3048.000000 13.000000 -18.927000 -12.245333
3060.000000 13.000000 -19.550000 -12.061333
3072.000000 13.000000 -20.173000 -11.877333
3084.000000 13.000000 -20.796000 -11.693333
3096.000000 13.000000 -21.419000 -11.509333
4296.000000 41.000000 31.918000 10.479000
4308.000000 41.000000 31.918000 9.856000
4320.000000 41.000000 31.918000 9.233000
4332.000000 41.000000 31.918000 8.610000
4344.000000 41.000000 31.918000 7.987000
4356.000000 41.000000 31.918000 7.363000
4368.000000 41.000000 31.918000 6.740000
4380.000000 41.000000 31.804000 5.891000
4392.000000 41.000000 31.918000 5.495000
4404.000000 41.000000 31.918000 4.872000
4416.000000 41.000000 31.918000 4.249000
4428.000000 41.000000 31.918000 3.626000
4440.000000 41.000000 31.918000 3.003000
4452.000000 41.000000 31.918000 2.380000
4464.000000 41.000000 31.918000 1.757000
4476.000000 41.000000 31.918000 1.134000
4488.000000 41.000000 31.918000 0.511000
4500.000000 41.000000 31.918000 -0.112000
4512.000000 41.000000 31.918000 -0.735000
4524.000000 41.000000 31.918000 -1.358000
4344.000000 6.000000 33.362000 -11.923000
4356.000000 6.000000 33.362000 -11.555000
4368.000000 6.000000 33.362000 -11.187000
4380.000000 6.000000 33.362000 -10.847000
4392.000000 6.000000 33.419000 -10.507000
4404.000000 6.000000 33.419000 -10.224000
4416.000000 6.000000 33.419000 -9.941000
4428.000000 6.000000 33.305000 -9.488000
4440.000000 6.000000 33.362000 -8.979000
4452.000000 6.000000 33.362000 -8.611000
4464.000000 6.000000 33.362000 -8.243000
4476.000000 6.000000 33.362000 -7.875000
4488.000000 6.000000 33.362000 -7.507000
4500.000000 6.000000 33.362000 -7.139000
4512.000000 6.000000 33.362000 -6.771000
4524.000000 6.000000 33.362000 -6.403000
4536.000000 6.000000 33.362000 -6.035000
4548.000000 6.000000 33.362000 -5.667000
4560.000000 6.000000 33.362000 -5.299000
4572.000000 6.000000 33.362000 -4.931000
4536.000000 42.000000 32.258000 -2.804000
4548.000000 42.000000 32.258000 -3.427000
4560.000000 42.000000 32.059000 -4.333000
4572.000000 42.000000 32.484000 -4.673000
4584.000000 42.000000 32.258000 -5.126000
4596.000000 42.000000 31.748000 -5.749000
4608.000000 42.000000 31.635000 -6.401000
4620.000000 42.000000 31.748000 -6.797000
4632.000000 42.000000 31.495167 -8.872833
4644.000000 42.000000 31.395667 -9.637333
4656.000000 42.000000 31.296167 -10.401833
4668.000000 42.000000 31.196667 -11.166333
4680.000000 42.000000 31.097167 -11.930833
4692.000000 42.000000 30.997667 -12.695333
4704.000000 42.000000 30.898167 -13.459833
4716.000000 42.000000 30.798667 -14.224333
4728.000000 42.000000 30.699167 -14.988833
4740.000000 42.000000 30.599667 -15.753333
4752.000000 42.000000 30.500167 -16.517833
4764.000000 42.000000 30.400667 -17.282333
4584.000000 7.000000 32.682000 -7.052000
4596.000000 7.000000 32.682000 -7.052000
4608.000000 7.000000 32.796000 -7.137000
4620.000000 7.000000 32.796000 -7.250000
4632.000000 7.000000 32.881000 -7.307000
4644.000000 7.000000 32.881000 -7.647000
4656.000000 7.000000 32.881000 -7.930000
4668.000000 7.000000 32.881000 -8.100000
4680.000000 7.000000 33.119000 -7.377833
4692.000000 7.000000 33.176000 -7.420333
4704.000000 7.000000 33.233000 -7.462833
4716.000000 7.000000 33.290000 -7.505333
4728.000000 7.000000 33.347000 -7.547833
4740.000000 7.000000 33.404000 -7.590333
4752.000000 7.000000 33.461000 -7.632833
4764.000000 7.000000 33.518000 -7.675333
4776.000000 7.000000 33.575000 -7.717833
4788.000000 7.000000 33.632000 -7.760333
4800.000000 7.000000 33.689000 -7.802833
4812.000000 7.000000 33.746000 -7.845333
4596.000000 16.000000 32.824000 -18.494000
4608.000000 16.000000 32.201000 -18.324000
4620.000000 16.000000 31.804000 -18.210000
4632.000000 16.000000 31.380000 -18.125000
4644.000000 16.000000 30.983000 -17.956000
4656.000000 16.000000 30.360000 -17.956000
4668.000000 16.000000 29.935000 -17.871000
4680.000000 16.000000 29.822000 -17.871000
4692.000000 16.000000 28.706333 -17.348667
4704.000000 16.000000 28.196333 -17.206667
4716.000000 16.000000 27.686333 -17.064667
4728.000000 16.000000 27.176333 -16.922667
4740.000000 16.000000 26.666333 -16.780667
4752.000000 16.000000 26.156333 -16.638667
4764.000000 16.000000 25.646333 -16.496667
4776.000000 16.000000 25.136333 -16.354667
4788.000000 16.000000 24.626333 -16.212667
4800.000000 16.000000 24.116333 -16.070667
4812.000000 16.000000 23.606333 -15.928667
4824.000000 16.000000 23.096333 -15.786667
4776.000000 43.000000 31.861000 -11.753000
4788.000000 43.000000 31.804000 -12.036000
4800.000000 43.000000 31.804000 -12.291000
4812.000000 43.000000 31.918000 -12.575000
4824.000000 43.000000 31.974000 -12.886000
4836.000000 43.000000 31.635000 -13.226000
4848.000000 43.000000 31.635000 -13.934000
4860.000000 43.000000 31.635000 -14.302000
4872.000000 43.000000 31.623500 -13.909667
4884.000000 43.000000 31.595000 -14.178667
4896.000000 43.000000 31.566500 -14.447667
4908.000000 43.000000 31.538000 -14.716667
4920.000000 43.000000 31.509500 -14.985667
4932.000000 43.000000 31.481000 -15.254667
4944.000000 43.000000 31.452500 -15.523667
4956.000000 43.000000 31.424000 -15.792667
4968.000000 43.000000 31.395500 -16.061667
4980.000000 43.000000 31.367000 -16.330667
4992.000000 43.000000 31.338500 -16.599667
5004.000000 43.000000 31.310000 -16.868667
4824.000000 8.000000 32.796000 -12.631000
4836.000000 8.000000 32.796000 -12.971000
4848.000000 8.000000 32.796000 -13.764000
4860.000000 8.000000 32.796000 -13.934000
4872.000000 8.000000 32.796000 -14.104000
4884.000000 8.000000 32.682000 -14.274000
4896.000000 8.000000 32.682000 -14.840000
4908.000000 8.000000 32.428000 -15.350000
4920.000000 8.000000 32.796000 -17.087500
4932.000000 8.000000 32.796000 -17.654000
4944.000000 8.000000 32.796000 -18.220500
4956.000000 8.000000 32.796000 -18.787000
4968.000000 8.000000 32.796000 -19.353500
4980.000000 8.000000 32.796000 -19.920000
4992.000000 8.000000 32.796000 -20.486500
5004.000000 8.000000 32.796000 -21.053000
5016.000000 8.000000 32.796000 -21.619500
5028.000000 8.000000 32.796000 -22.186000
5040.000000 8.000000 32.796000 -22.752500
5052.000000 8.000000 32.796000 -23.319000
4836.000000 17.000000 22.912000 -17.417000
4848.000000 17.000000 22.600000 -17.531000
4860.000000 17.000000 22.289000 -17.531000
4872.000000 17.000000 21.354000 -17.531000
4884.000000 17.000000 20.618000 -17.531000
4896.000000 17.000000 20.306000 -17.531000
4908.000000 17.000000 19.683000 -17.417000
4920.000000 17.000000 19.060000 -17.417000
4932.000000 17.000000 20.419833 -17.892000
4944.000000 17.000000 20.108333 -17.949000
4956.000000 17.000000 19.796833 -18.006000
4968.000000 17.000000 19.485333 -18.063000
4980.000000 17.000000 19.173833 -18.120000
4992.000000 17.000000 18.862333 -18.177000
5004.000000 17.000000 18.550833 -18.234000
5016.000000 17.000000 18.239333 -18.291000
5028.000000 17.000000 17.927833 -18.348000
5040.000000 17.000000 17.616333 -18.405000
5052.000000 17.000000 17.304833 -18.462000
5064.000000 17.000000 16.993333 -18.519000
4944.000000 4.000000 32.937000 -17.644000
4956.000000 4.000000 32.428000 -17.814000
4968.000000 4.000000 32.031000 -17.814000
4980.000000 4.000000 31.918000 -17.814000
4992.000000 4.000000 31.295000 -17.814000
5004.000000 4.000000 30.672000 -17.842000
5016.000000 4.000000 30.190000 -17.729000
5028.000000 4.000000 29.680000 -17.644000
5040.000000 4.000000 29.294333 -18.352333
5052.000000 4.000000 28.841333 -18.437333
5064.000000 4.000000 28.388333 -18.522333
5076.000000 4.000000 27.935333 -18.607333
5088.000000 4.000000 27.482333 -18.692333
5100.000000 4.000000 27.029333 -18.777333
5112.000000 4.000000 26.576333 -18.862333
5124.000000 4.000000 26.123333 -18.947333
5136.000000 4.000000 25.670333 -19.032333
5148.000000 4.000000 25.217333 -19.117333
5160.000000 4.000000 24.764333 -19.202333
5172.000000 4.000000 24.311333 -19.287333
4944.000000 32.000000 32.739000 -18.437000
4956.000000 32.000000 32.229000 -18.437000
4968.000000 32.000000 31.493000 -18.607000
4980.000000 32.000000 30.870000 -18.352000
4992.000000 32.000000 30.558000 -18.267000
5004.000000 32.000000 30.303000 -18.324000
5016.000000 32.000000 29.935000 -18.324000
5028.000000 32.000000 29.624000 -18.352000
5040.000000 32.000000 27.792667 -19.088667
5052.000000 32.000000 27.169667 -19.173667
5064.000000 32.000000 26.546667 -19.258667
5076.000000 32.000000 25.923667 -19.343667
5088.000000 32.000000 25.300667 -19.428667
5100.000000 32.000000 24.677667 -19.513667
5112.000000 32.000000 24.054667 -19.598667
5124.000000 32.000000 23.431667 -19.683667
5136.000000 32.000000 22.808667 -19.768667
5148.000000 32.000000 22.185667 -19.853667
5160.000000 32.000000 21.562667 -19.938667
5172.000000 32.000000 20.939667 -20.023667
5016.000000 44.000000 31.181000 -16.511000
5028.000000 44.000000 31.238000 -16.483000
5040.000000 44.000000 31.351000 -16.455000
5052.000000 44.000000 31.351000 -16.455000
5064.000000 44.000000 31.408000 -16.455000
5076.000000 44.000000 31.408000 -16.426000
5088.000000 44.000000 31.181000 -16.455000
5100.000000 44.000000 30.785000 -16.539000
5112.000000 44.000000 31.851667 -16.287000
5124.000000 44.000000 31.936667 -16.259000
5136.000000 44.000000 32.021667 -16.231000
5148.000000 44.000000 32.106667 -16.203000
5160.000000 44.000000 32.191667 -16.175000
5172.000000 44.000000 32.276667 -16.147000
5184.000000 44.000000 32.361667 -16.119000
5196.000000 44.000000 32.446667 -16.091000
5208.000000 44.000000 32.531667 -16.063000
5220.000000 44.000000 32.616667 -16.035000
5232.000000 44.000000 32.701667 -16.007000
5244.000000 44.000000 32.786667 -15.979000
5064.000000 9.000000 31.550000 -17.332000
5076.000000 9.000000 31.436000 -17.389000
5088.000000 9.000000 31.351000 -17.502000
5100.000000 9.000000 31.238000 -17.559000
5112.000000 9.000000 31.125000 -17.701000
5124.000000 9.000000 30.615000 -17.729000
5136.000000 9.000000 30.162000 -17.814000
5148.000000 9.000000 29.680000 -17.899000
5160.000000 9.000000 30.749167 -18.002667
5172.000000 9.000000 30.649667 -18.087667
5184.000000 9.000000 30.550167 -18.172667
5196.000000 9.000000 30.450667 -18.257667
5208.000000 9.000000 30.351167 -18.342667
5220.000000 9.000000 30.251667 -18.427667
5232.000000 9.000000 30.152167 -18.512667
5244.000000 9.000000 30.052667 -18.597667
5256.000000 9.000000 29.953167 -18.682667
5268.000000 9.000000 29.853667 -18.767667
5280.000000 9.000000 29.754167 -18.852667
5292.000000 9.000000 29.654667 -18.937667
5184.000000 5.000000 23.421000 -16.539000
5196.000000 5.000000 22.940000 -16.539000
5208.000000 5.000000 22.487000 -16.539000
5220.000000 5.000000 22.062000 -16.511000
5232.000000 5.000000 21.382000 -16.455000
5244.000000 5.000000 20.929000 -16.455000
5256.000000 5.000000 20.731000 -16.539000
5268.000000 5.000000 20.193000 -16.455000
5280.000000 5.000000 19.680333 -16.539000
5292.000000 5.000000 19.213333 -16.539000
5304.000000 5.000000 18.746333 -16.539000
5316.000000 5.000000 18.279333 -16.539000
5328.000000 5.000000 17.812333 -16.539000
5340.000000 5.000000 17.345333 -16.539000
5352.000000 5.000000 16.878333 -16.539000
5364.000000 5.000000 16.411333 -16.539000
5376.000000 5.000000 15.944333 -16.539000
5388.000000 5.000000 15.477333 -16.539000
5400.000000 5.000000 15.010333 -16.539000
5412.000000 5.000000 14.543333 -16.539000
5184.000000 33.000000 23.053000 -17.644000
5196.000000 33.000000 22.628000 -17.559000
5208.000000 33.000000 22.119000 -17.474000
5220.000000 33.000000 21.779000 -17.446000
5232.000000 33.000000 21.326000 -17.219000
5244.000000 33.000000 20.816000 -17.219000
5256.000000 33.000000 20.306000 -17.219000
5268.000000 33.000000 19.796000 -17.219000
5280.000000 33.000000 19.331000 -16.964000
5292.000000 33.000000 18.864000 -16.879000
5304.000000 33.000000 18.397000 -16.794000
5316.000000 33.000000 17.930000 -16.709000
5328.000000 33.000000 17.463000 -16.624000
5340.000000 33.000000 16.996000 -16.539000
5352.000000 33.000000 16.529000 -16.454000
5364.000000 33.000000 16.062000 -16.369000
5376.000000 33.000000 15.595000 -16.284000
5388.000000 33.000000 15.128000 -16.199000
5400.000000 33.000000 14.661000 -16.114000
5412.000000 33.000000 14.194000 -16.029000
5232.000000 55.000000 7.194000 -19.428000
5244.000000 55.000000 7.732000 -19.145000
5256.000000 55.000000 8.156000 -18.975000
5268.000000 55.000000 8.553000 -18.692000
5280.000000 55.000000 8.949000 -18.437000
5292.000000 55.000000 9.516000 -18.182000
5304.000000 55.000000 10.026000 -18.012000
5316.000000 55.000000 10.649000 -17.899000
5328.000000 55.000000 11.061000 -17.597167
5340.000000 55.000000 11.542000 -17.370667
5352.000000 55.000000 12.023000 -17.144167
5364.000000 55.000000 12.504000 -16.917667
5376.000000 55.000000 12.985000 -16.691167
5388.000000 55.000000 13.466000 -16.464667
5400.000000 55.000000 13.947000 -16.238167
5412.000000 55.000000 14.428000 -16.011667
5424.000000 55.000000 14.909000 -15.785167
5436.000000 55.000000 15.390000 -15.558667
5448.000000 55.000000 15.871000 -15.332167
5460.000000 55.000000 16.352000 -15.105667
5256.000000 45.000000 25.404000 -17.247000
5268.000000 45.000000 24.866000 -17.163000
5280.000000 45.000000 24.328000 -17.163000
5292.000000 45.000000 23.818000 -17.163000
5304.000000 45.000000 23.421000 -17.049000
5316.000000 45.000000 22.912000 -17.049000
5328.000000 45.000000 22.487000 -16.993000
5340.000000 45.000000 22.062000 -16.879000
5352.000000 45.000000 21.100000 -16.897000
5364.000000 45.000000 20.562000 -16.855000
5376.000000 45.000000 20.024000 -16.813000
5388.000000 45.000000 19.486000 -16.771000
5400.000000 45.000000 18.948000 -16.729000
5412.000000 45.000000 18.410000 -16.687000
5424.000000 45.000000 17.872000 -16.645000
5436.000000 45.000000 17.334000 -16.603000
5448.000000 45.000000 16.796000 -16.561000
5460.000000 45.000000 16.258000 -16.519000
5472.000000 45.000000 15.720000 -16.477000
5484.000000 45.000000 15.182000 -16.435000
5304.000000 10.000000 23.535000 -18.069000
5316.000000 10.000000 22.912000 -18.069000
5328.000000 10.000000 22.289000 -18.069000
5340.000000 10.000000 21.949000 -18.125000
5352.000000 10.000000 21.552000 -18.125000
5364.000000 10.000000 21.156000 -18.125000
5376.000000 10.000000 20.816000 -18.125000
5388.000000 10.000000 20.306000 -18.069000
5400.000000 10.000000 18.551000 -18.069000
5412.000000 10.000000 17.928000 -18.069000
5424.000000 10.000000 17.305000 -18.069000
5436.000000 10.000000 16.682000 -18.069000
5448.000000 10.000000 16.059000 -18.069000
5460.000000 10.000000 15.436000 -18.069000
5472.000000 10.000000 14.813000 -18.069000
5484.000000 10.000000 14.190000 -18.069000
5496.000000 10.000000 13.567000 -18.069000
5508.000000 10.000000 12.944000 -18.069000
5520.000000 10.000000 12.321000 -18.069000
5532.000000 10.000000 11.698000 -18.069000
5472.000000 56.000000 17.163000 -18.069000
5484.000000 56.000000 17.672000 -18.069000
5496.000000 56.000000 18.069000 -18.069000
5508.000000 56.000000 18.550000 -18.069000
5520.000000 56.000000 19.088000 -18.040000
5532.000000 56.000000 19.485000 -17.956000
5544.000000 56.000000 19.995000 -17.927000
5556.000000 56.000000 20.476000 -17.871000
5568.000000 56.000000 20.805667 -18.069000
5580.000000 56.000000 21.258667 -18.069000
5592.000000 56.000000 21.711667 -18.069000
5604.000000 56.000000 22.164667 -18.069000
5616.000000 56.000000 22.617667 -18.069000
5628.000000 56.000000 23.070667 -18.069000
5640.000000 56.000000 23.523667 -18.069000
5652.000000 56.000000 23.976667 -18.069000
5664.000000 56.000000 24.429667 -18.069000
5676.000000 56.000000 24.882667 -18.069000
5688.000000 56.000000 25.335667 -18.069000
5700.000000 56.000000 25.788667 -18.069000
5496.000000 46.000000 15.237000 -16.455000
5508.000000 46.000000 14.812000 -16.539000
5520.000000 46.000000 14.444000 -16.624000
5532.000000 46.000000 13.934000 -16.624000
5544.000000 46.000000 13.424000 -16.624000
5556.000000 46.000000 12.914000 -16.624000
5568.000000 46.000000 12.405000 -16.624000
5580.000000 46.000000 11.951000 -16.624000
5592.000000 46.000000 12.055500 -17.130833
5604.000000 46.000000 11.659000 -17.215333
5616.000000 46.000000 11.262500 -17.299833
5628.000000 46.000000 10.866000 -17.384333
5640.000000 46.000000 10.469500 -17.468833
5652.000000 46.000000 10.073000 -17.553333
5664.000000 46.000000 9.676500 -17.637833
5676.000000 46.000000 9.280000 -17.722333
5688.000000 46.000000 8.883500 -17.806833
5700.000000 46.000000 8.487000 -17.891333
5712.000000 46.000000 8.090500 -17.975833
5724.000000 46.000000 7.694000 -18.060333
5712.000000 57.000000 26.622000 -16.709000
5724.000000 57.000000 27.245000 -16.709000
5736.000000 57.000000 27.755000 -16.709000
5748.000000 57.000000 28.293000 -16.709000
5760.000000 57.000000 28.916000 -16.709000
5772.000000 57.000000 29.312000 -16.709000
5784.000000 57.000000 29.737000 -16.709000
5796.000000 57.000000 30.134000 -16.709000
5808.000000 57.000000 31.172833 -16.709000
5820.000000 57.000000 31.739333 -16.709000
5832.000000 57.000000 32.305833 -16.709000
5844.000000 57.000000 32.872333 -16.709000
5856.000000 57.000000 33.438833 -16.709000
5868.000000 57.000000 34.005333 -16.709000
5880.000000 57.000000 34.571833 -16.709000
5892.000000 57.000000 35.138333 -16.709000
5904.000000 57.000000 35.704833 -16.709000
5916.000000 57.000000 36.271333 -16.709000
5928.000000 57.000000 36.837833 -16.709000
5940.000000 57.000000 37.404333 -16.709000
5760.000000 50.000000 24.724000 1.982000
5772.000000 50.000000 24.866000 1.784000
5784.000000 50.000000 25.064000 1.784000
5796.000000 50.000000 25.631000 1.982000
5808.000000 50.000000 26.254000 1.982000
5820.000000 50.000000 26.820000 1.982000
5832.000000 50.000000 27.358000 1.982000
5844.000000 50.000000 27.981000 1.982000
5856.000000 50.000000 26.074667 1.157000
5868.000000 50.000000 26.244667 1.058000
5880.000000 50.000000 26.414667 0.959000
5892.000000 50.000000 26.584667 0.860000
5904.000000 50.000000 26.754667 0.761000
5916.000000 50.000000 26.924667 0.662000
5928.000000 50.000000 27.094667 0.563000
5940.000000 50.000000 27.264667 0.464000
5952.000000 50.000000 27.434667 0.365000
5964.000000 50.000000 27.604667 0.266000
5976.000000 50.000000 27.774667 0.167000
5988.000000 50.000000 27.944667 0.068000
6156.000000 51.000000 32.428000 -19.287000
6168.000000 51.000000 31.918000 -19.117000
6180.000000 51.000000 31.493000 -18.833000
6192.000000 51.000000 30.955000 -18.664000
6204.000000 51.000000 30.558000 -18.380000
6216.000000 51.000000 30.162000 -18.324000
6228.000000 51.000000 29.624000 -18.324000
6240.000000 51.000000 29.114000 -18.324000
6252.000000 51.000000 28.673833 -17.490000
6264.000000 51.000000 28.206333 -17.263000
6276.000000 51.000000 27.738833 -17.036000
6288.000000 51.000000 27.271333 -16.809000
6300.000000 51.000000 26.803833 -16.582000
6312.000000 51.000000 26.336333 -16.355000
6324.000000 51.000000 25.868833 -16.128000
6336.000000 51.000000 25.401333 -15.901000
6348.000000 51.000000 24.933833 -15.674000
6360.000000 51.000000 24.466333 -15.447000
6372.000000 51.000000 23.998833 -15.220000
6384.000000 51.000000 23.531333 -14.993000
6156.000000 53.000000 32.994000 -18.720000
6168.000000 53.000000 32.456000 -18.437000
6180.000000 53.000000 31.946000 -18.182000
6192.000000 53.000000 31.436000 -17.927000
6204.000000 53.000000 30.813000 -17.927000
6216.000000 53.000000 30.303000 -17.814000
6228.000000 53.000000 29.680000 -17.814000
6240.000000 53.000000 29.284000 -17.814000
6252.000000 53.000000 28.797333 -16.563333
6264.000000 53.000000 28.273333 -16.294333
6276.000000 53.000000 27.749333 -16.025333
6288.000000 53.000000 27.225333 -15.756333
6300.000000 53.000000 26.701333 -15.487333
6312.000000 53.000000 26.177333 -15.218333
6324.000000 53.000000 25.653333 -14.949333
6336.000000 53.000000 25.129333 -14.680333
6348.000000 53.000000 24.605333 -14.411333
6360.000000 53.000000 24.081333 -14.142333
6372.000000 53.000000 23.557333 -13.873333
6384.000000 53.000000 23.033333 -13.604333
6396.000000 54.000000 22.657000 -17.729000
6408.000000 54.000000 22.119000 -17.644000
6420.000000 54.000000 21.609000 -17.474000
6432.000000 54.000000 21.071000 -17.474000
6444.000000 54.000000 20.561000 -17.474000
6456.000000 54.000000 20.051000 -17.389000
6468.000000 54.000000 19.541000 -17.389000
6480.000000 54.000000 19.032000 -17.304000
6492.000000 54.000000 18.460333 -16.723167
6504.000000 54.000000 17.936333 -16.595667
6516.000000 54.000000 17.412333 -16.468167
6528.000000 54.000000 16.888333 -16.340667
6540.000000 54.000000 16.364333 -16.213167
6552.000000 54.000000 15.840333 -16.085667
6564.000000 54.000000 15.316333 -15.958167
6576.000000 54.000000 14.792333 -15.830667
6588.000000 54.000000 14.268333 -15.703167
6600.000000 54.000000 13.744333 -15.575667
6612.000000 54.000000 13.220333 -15.448167
6624.000000 54.000000 12.696333 -15.320667
8028.000000 52.000000 25.631000 -8.949000
8040.000000 52.000000 26.140000 -9.063000
8052.000000 52.000000 26.678000 -9.233000
8064.000000 52.000000 27.103000 -9.403000
8076.000000 52.000000 27.613000 -9.572000
8088.000000 52.000000 28.123000 -9.742000
8100.000000 52.000000 28.633000 -9.856000
8112.000000 52.000000 29.142000 -10.026000
8124.000000 52.000000 29.814167 -10.075667
8136.000000 52.000000 30.337667 -10.217667
8148.000000 52.000000 30.861167 -10.359667
8160.000000 52.000000 31.384667 -10.501667
8172.000000 52.000000 31.908167 -10.643667
8184.000000 52.000000 32.431667 -10.785667
8196.000000 52.000000 32.955167 -10.927667
8208.000000 52.000000 33.478667 -11.069667
8220.000000 52.000000 34.002167 -11.211667
8232.000000 52.000000 34.525667 -11.353667
8244.000000 52.000000 35.049167 -11.495667
8256.000000 52.000000 35.572667 -11.637667
8040.000000 58.000000 33.362000 -15.180000
8052.000000 58.000000 33.136000 -14.274000
8064.000000 58.000000 33.051000 -13.254000
8076.000000 58.000000 33.051000 -12.744000
8088.000000 58.000000 33.051000 -12.575000
8100.000000 58.000000 33.051000 -12.405000
8112.000000 58.000000 32.937000 -12.121000
8124.000000 58.000000 32.937000 -11.612000
8136.000000 58.000000 32.094500 -7.495000
8148.000000 58.000000 31.939000 -6.532000
8160.000000 58.000000 31.783500 -5.569000
8172.000000 58.000000 31.628000 -4.606000
8184.000000 58.000000 31.472500 -3.643000
8196.000000 58.000000 31.317000 -2.680000
8208.000000 58.000000 31.161500 -1.717000
8220.000000 58.000000 31.006000 -0.754000
8232.000000 58.000000 30.850500 0.209000
8244.000000 58.000000 30.695000 1.172000
8256.000000 58.000000 30.539500 2.135000
8268.000000 58.000000 30.384000 3.098000
8280.000000 59.000000 32.003000 -4.531000
8292.000000 59.000000 32.003000 -4.022000
8304.000000 59.000000 32.003000 -3.455000
8316.000000 59.000000 32.003000 -2.860000
8328.000000 59.000000 32.116000 -2.266000
8340.000000 59.000000 32.116000 -1.643000
8352.000000 59.000000 32.116000 -1.076000
8364.000000 59.000000 32.116000 -0.566000
8376.000000 59.000000 32.003000 -0.236667
8388.000000 59.000000 32.003000 0.301333
8400.000000 59.000000 32.003000 0.839333
8412.000000 59.000000 32.003000 1.377333
8424.000000 59.000000 32.003000 1.915333
8436.000000 59.000000 32.003000 2.453333
8448.000000 59.000000 32.003000 2.991333
8460.000000 59.000000 32.003000 3.529333
8472.000000 59.000000 32.003000 4.067333
8484.000000 59.000000 32.003000 4.605333
8496.000000 59.000000 32.003000 5.143333
8508.000000 59.000000 32.003000 5.681333
9252.000000 60.000000 5.296000 -21.581000
9264.000000 60.000000 4.843000 -21.467000
9276.000000 60.000000 5.353000 -21.043000
9288.000000 60.000000 5.862000 -20.618000
9300.000000 60.000000 6.372000 -20.250000
9312.000000 60.000000 6.995000 -19.825000
9324.000000 60.000000 7.420000 -19.428000
9336.000000 60.000000 7.845000 -19.032000
9348.000000 60.000000 5.363500 -19.480667
9360.000000 60.000000 5.392000 -19.211667
9372.000000 60.000000 5.420500 -18.942667
9384.000000 60.000000 5.449000 -18.673667
9396.000000 60.000000 5.477500 -18.404667
9408.000000 60.000000 5.506000 -18.135667
9420.000000 60.000000 5.534500 -17.866667
9432.000000 60.000000 5.563000 -17.597667
9444.000000 60.000000 5.591500 -17.328667
9456.000000 60.000000 5.620000 -17.059667
9468.000000 60.000000 5.648500 -16.790667
9480.000000 60.000000 5.677000 -16.521667
9492.000000 61.000000 16.341000 -16.709000
9504.000000 61.000000 17.049000 -16.766000
9516.000000 61.000000 17.757000 -16.766000
9528.000000 61.000000 18.437000 -16.794000
9540.000000 61.000000 19.230000 -16.851000
9552.000000 61.000000 19.881000 -16.823000
9564.000000 61.000000 20.674000 -16.851000
9576.000000 61.000000 21.411000 -16.908000
9588.000000 61.000000 22.005000 -16.946500
9600.000000 61.000000 22.713000 -16.975000
9612.000000 61.000000 23.421000 -17.003500
9624.000000 61.000000 24.129000 -17.032000
9636.000000 61.000000 24.837000 -17.060500
9648.000000 61.000000 25.545000 -17.089000
9660.000000 61.000000 26.253000 -17.117500
9672.000000 61.000000 26.961000 -17.146000
9684.000000 61.000000 27.669000 -17.174500
9696.000000 61.000000 28.377000 -17.203000
9708.000000 61.000000 29.085000 -17.231500
9720.000000 61.000000 29.793000 -17.260000