0.000000 1.000000 16.085000 13.733000
12.000000 1.000000 15.567000 13.889000
24.000000 1.000000 15.082000 14.027000
36.000000 1.000000 14.563000 14.166000
48.000000 1.000000 14.079000 14.304000
60.000000 1.000000 13.595000 14.442000
72.000000 1.000000 13.111000 14.581000
84.000000 1.000000 12.782000 14.719000
96.000000 1.000000 12.067500 14.912000
108.000000 1.000000 11.566000 15.059000
120.000000 1.000000 11.064500 15.206000
132.000000 1.000000 10.563000 15.353000
144.000000 1.000000 10.061500 15.500000
156.000000 1.000000 9.560000 15.647000
168.000000 1.000000 9.058500 15.794000
180.000000 1.000000 8.557000 15.941000
192.000000 1.000000 8.055500 16.088000
204.000000 1.000000 7.554000 16.235000
216.000000 1.000000 7.052500 16.382000
228.000000 1.000000 6.551000 16.529000
0.000000 5.000000 -18.455000 11.364000
12.000000 5.000000 -17.953000 11.364000
24.000000 5.000000 -17.435000 11.364000
36.000000 5.000000 -16.916000 11.364000
48.000000 5.000000 -16.397000 11.364000
60.000000 5.000000 -15.878000 11.364000
72.000000 5.000000 -15.359000 11.364000
84.000000 5.000000 -14.979000 11.364000
96.000000 5.000000 -14.377667 11.364000
108.000000 5.000000 -13.867667 11.364000
120.000000 5.000000 -13.357667 11.364000
132.000000 5.000000 -12.847667 11.364000
144.000000 5.000000 -12.337667 11.364000
156.000000 5.000000 -11.827667 11.364000
168.000000 5.000000 -11.317667 11.364000
180.000000 5.000000 -10.807667 11.364000
192.000000 5.000000 -10.297667 11.364000
204.000000 5.000000 -9.787667 11.364000
216.000000 5.000000 -9.277667 11.364000
228.000000 5.000000 -8.767667 11.364000
0.000000 7.000000 -19.977000 -5.275000
12.000000 7.000000 -19.839000 -5.552000
24.000000 7.000000 -19.718000 -5.690000
36.000000 7.000000 -19.597000 -5.967000
48.000000 7.000000 -19.458000 -6.106000
60.000000 7.000000 -19.130000 -6.106000
72.000000 7.000000 -18.732000 -6.106000
84.000000 7.000000 -18.490000 -6.244000
96.000000 7.000000 -18.938167 -6.958167
108.000000 7.000000 -18.808667 -7.165667
120.000000 7.000000 -18.679167 -7.373167
132.000000 7.000000 -18.549667 -7.580667
144.000000 7.000000 -18.420167 -7.788167
156.000000 7.000000 -18.290667 -7.995667
168.000000 7.000000 -18.161167 -8.203167
180.000000 7.000000 -18.031667 -8.410667
192.000000 7.000000 -17.902167 -8.618167
204.000000 7.000000 -17.772667 -8.825667
216.000000 7.000000 -17.643167 -9.033167
228.000000 7.000000 -17.513667 -9.240667
0.000000 10.000000 16.501000 -0.017000
12.000000 10.000000 16.501000 -0.017000
24.000000 10.000000 16.501000 -0.017000
36.000000 10.000000 16.501000 -0.017000
48.000000 10.000000 16.501000 -0.017000
60.000000 10.000000 16.501000 -0.017000
72.000000 10.000000 16.501000 -0.017000
84.000000 10.000000 16.501000 -0.017000
96.000000 10.000000 16.501000 -0.017000
108.000000 10.000000 16.501000 -0.017000
120.000000 10.000000 16.501000 -0.017000
132.000000 10.000000 16.501000 -0.017000
144.000000 10.000000 16.501000 -0.017000
156.000000 10.000000 16.501000 -0.017000
168.000000 10.000000 16.501000 -0.017000
180.000000 10.000000 16.501000 -0.017000
192.000000 10.000000 16.501000 -0.017000
204.000000 10.000000 16.501000 -0.017000
216.000000 10.000000 16.501000 -0.017000
228.000000 10.000000 16.501000 -0.017000
0.000000 12.000000 6.002000 10.533000
12.000000 12.000000 6.382000 10.257000
24.000000 12.000000 6.832000 10.118000
36.000000 12.000000 7.299000 9.963000
48.000000 12.000000 7.766000 9.824000
60.000000 12.000000 8.147000 9.547000
72.000000 12.000000 8.596000 9.409000
84.000000 12.000000 9.046000 9.271000
96.000000 12.000000 9.310333 8.850167
108.000000 12.000000 9.725333 8.642667
120.000000 12.000000 10.140333 8.435167
132.000000 12.000000 10.555333 8.227667
144.000000 12.000000 10.970333 8.020167
156.000000 12.000000 11.385333 7.812667
168.000000 12.000000 11.800333 7.605167
180.000000 12.000000 12.215333 7.397667
192.000000 12.000000 12.630333 7.190167
204.000000 12.000000 13.045333 6.982667
216.000000 12.000000 13.460333 6.775167
228.000000 12.000000 13.875333 6.567667
108.000000 3.000000 -21.638000 44.157000
120.000000 3.000000 -21.361000 43.742000
132.000000 3.000000 -20.980000 43.586000
144.000000 3.000000 -20.600000 43.448000
156.000000 3.000000 -20.202000 43.310000
168.000000 3.000000 -19.804000 43.171000
180.000000 3.000000 -19.424000 43.033000
192.000000 3.000000 -19.043000 43.033000
204.000000 3.000000 -19.023333 41.829833
216.000000 3.000000 -18.694333 41.544333
228.000000 3.000000 -18.365333 41.258833
240.000000 3.000000 -18.036333 40.973333
252.000000 3.000000 -17.707333 40.687833
264.000000 3.000000 -17.378333 40.402333
276.000000 3.000000 -17.049333 40.116833
288.000000 3.000000 -16.720333 39.831333
300.000000 3.000000 -16.391333 39.545833
312.000000 3.000000 -16.062333 39.260333
324.000000 3.000000 -15.733333 38.974833
336.000000 3.000000 -15.404333 38.689333
240.000000 2.000000 6.555000 15.982000
252.000000 2.000000 6.036000 15.982000
264.000000 2.000000 5.517000 16.120000
276.000000 2.000000 5.050000 16.258000
288.000000 2.000000 4.532000 16.258000
300.000000 2.000000 4.220000 16.397000
312.000000 2.000000 3.892000 16.674000
324.000000 2.000000 3.632000 16.812000
336.000000 2.000000 2.403000 16.511000
348.000000 2.000000 1.884000 16.580000
360.000000 2.000000 1.365000 16.649000
372.000000 2.000000 0.846000 16.718000
384.000000 2.000000 0.327000 16.787000
396.000000 2.000000 -0.192000 16.856000
408.000000 2.000000 -0.711000 16.925000
420.000000 2.000000 -1.230000 16.994000
432.000000 2.000000 -1.749000 17.063000
444.000000 2.000000 -2.268000 17.132000
456.000000 2.000000 -2.787000 17.201000
468.000000 2.000000 -3.306000 17.270000
240.000000 6.000000 -10.343000 11.848000
252.000000 6.000000 -10.049000 11.848000
264.000000 6.000000 -9.686000 11.848000
276.000000 6.000000 -9.409000 11.848000
288.000000 6.000000 -9.046000 11.848000
300.000000 6.000000 -8.683000 11.917000
312.000000 6.000000 -7.956000 11.917000
324.000000 6.000000 -7.645000 11.917000
336.000000 6.000000 -7.726500 11.848000
348.000000 6.000000 -7.398000 11.848000
360.000000 6.000000 -7.069500 11.848000
372.000000 6.000000 -6.741000 11.848000
384.000000 6.000000 -6.412500 11.848000
396.000000 6.000000 -6.084000 11.848000
408.000000 6.000000 -5.755500 11.848000
420.000000 6.000000 -5.427000 11.848000
432.000000 6.000000 -5.098500 11.848000
444.000000 6.000000 -4.770000 11.848000
456.000000 6.000000 -4.441500 11.848000
468.000000 6.000000 -4.113000 11.848000
240.000000 8.000000 -18.282000 -6.659000
252.000000 8.000000 -18.282000 -6.659000
264.000000 8.000000 -18.282000 -6.659000
276.000000 8.000000 -18.282000 -6.659000
288.000000 8.000000 -18.282000 -6.659000
300.000000 8.000000 -18.282000 -6.659000
312.000000 8.000000 -18.282000 -6.659000
324.000000 8.000000 -18.282000 -6.659000
336.000000 8.000000 -18.282000 -6.659000
348.000000 8.000000 -18.282000 -6.659000
360.000000 8.000000 -18.282000 -6.659000
372.000000 8.000000 -18.282000 -6.659000
384.000000 8.000000 -18.282000 -6.659000
396.000000 8.000000 -18.282000 -6.659000
408.000000 8.000000 -18.282000 -6.659000
420.000000 8.000000 -18.282000 -6.659000
432.000000 8.000000 -18.282000 -6.659000
444.000000 8.000000 -18.282000 -6.659000
456.000000 8.000000 -18.282000 -6.659000
468.000000 8.000000 -18.282000 -6.659000
240.000000 11.000000 16.501000 -0.017000
252.000000 11.000000 16.501000 -0.017000
264.000000 11.000000 16.501000 -0.017000
276.000000 11.000000 16.501000 -0.017000
288.000000 11.000000 16.501000 -0.017000
300.000000 11.000000 16.501000 -0.017000
312.000000 11.000000 16.501000 -0.017000
324.000000 11.000000 16.501000 -0.017000
336.000000 11.000000 16.501000 -0.017000
348.000000 11.000000 16.501000 -0.017000
360.000000 11.000000 16.501000 -0.017000
372.000000 11.000000 16.501000 -0.017000
384.000000 11.000000 16.501000 -0.017000
396.000000 11.000000 16.501000 -0.017000
408.000000 11.000000 16.501000 -0.017000
420.000000 11.000000 16.501000 -0.017000
432.000000 11.000000 16.501000 -0.017000
444.000000 11.000000 16.501000 -0.017000
456.000000 11.000000 16.501000 -0.017000
468.000000 11.000000 16.501000 -0.017000
324.000000 9.000000 20.167000 41.494000
336.000000 9.000000 19.787000 41.494000
348.000000 9.000000 19.337000 41.494000
360.000000 9.000000 18.939000 41.494000
372.000000 9.000000 18.542000 41.078000
384.000000 9.000000 18.161000 40.802000
396.000000 9.000000 17.902000 40.231000
408.000000 9.000000 17.573000 39.747000
420.000000 9.000000 16.858667 41.494000
432.000000 9.000000 16.443667 41.494000
444.000000 9.000000 16.028667 41.494000
456.000000 9.000000 15.613667 41.494000
468.000000 9.000000 15.198667 41.494000
480.000000 9.000000 14.783667 41.494000
492.000000 9.000000 14.368667 41.494000
504.000000 9.000000 13.953667 41.494000
516.000000 9.000000 13.538667 41.494000
528.000000 9.000000 13.123667 41.494000
540.000000 9.000000 12.708667 41.494000
552.000000 9.000000 12.293667 41.494000
348.000000 4.000000 -14.131000 41.217000
360.000000 4.000000 -13.941000 40.940000
372.000000 4.000000 -13.750000 40.663000
384.000000 4.000000 -13.543000 40.387000
396.000000 4.000000 -13.543000 39.816000
408.000000 4.000000 -13.543000 39.401000
420.000000 4.000000 -13.543000 38.968000
432.000000 4.000000 -13.491000 38.553000
444.000000 4.000000 -12.607167 39.001000
456.000000 4.000000 -12.416667 38.724000
468.000000 4.000000 -12.226167 38.447000
480.000000 4.000000 -12.035667 38.170000
492.000000 4.000000 -11.845167 37.893000
504.000000 4.000000 -11.654667 37.616000
516.000000 4.000000 -11.464167 37.339000
528.000000 4.000000 -11.273667 37.062000
540.000000 4.000000 -11.083167 36.785000
552.000000 4.000000 -10.892667 36.508000
564.000000 4.000000 -10.702167 36.231000
576.000000 4.000000 -10.511667 35.954000