312.000000 104.000000 -19.495000 19.852000
324.000000 104.000000 -19.309000 19.852000
336.000000 104.000000 -18.896000 19.852000
348.000000 104.000000 -18.268000 19.852000
360.000000 104.000000 -17.640000 19.852000
372.000000 104.000000 -17.012000 19.623000
384.000000 104.000000 -16.327000 19.395000
396.000000 104.000000 -15.699000 19.395000
408.000000 104.000000 -17.136833 19.852000
420.000000 104.000000 -16.837333 19.852000
432.000000 104.000000 -16.537833 19.852000
444.000000 104.000000 -16.238333 19.852000
456.000000 104.000000 -15.938833 19.852000
468.000000 104.000000 -15.639333 19.852000
480.000000 104.000000 -15.339833 19.852000
492.000000 104.000000 -15.040333 19.852000
504.000000 104.000000 -14.740833 19.852000
516.000000 104.000000 -14.441333 19.852000
528.000000 104.000000 -14.141833 19.852000
540.000000 104.000000 -13.842333 19.852000
408.000000 108.000000 -19.495000 19.338000
420.000000 108.000000 -19.181000 19.338000
432.000000 108.000000 -18.767000 19.338000
444.000000 108.000000 -18.296000 19.338000
456.000000 108.000000 -17.768000 19.452000
468.000000 108.000000 -17.083000 19.452000
480.000000 108.000000 -16.398000 19.452000
492.000000 108.000000 -15.770000 19.338000
504.000000 108.000000 -16.599667 19.338000
516.000000 108.000000 -16.235667 19.338000
528.000000 108.000000 -15.871667 19.338000
540.000000 108.000000 -15.507667 19.338000
552.000000 108.000000 -15.143667 19.338000
564.000000 108.000000 -14.779667 19.338000
576.000000 108.000000 -14.415667 19.338000
588.000000 108.000000 -14.051667 19.338000
600.000000 108.000000 -13.687667 19.338000
612.000000 108.000000 -13.323667 19.338000
624.000000 108.000000 -12.959667 19.338000
636.000000 108.000000 -12.595667 19.338000
552.000000 105.000000 -8.078000 19.795000
564.000000 105.000000 -7.478000 19.795000
576.000000 105.000000 -6.922000 19.680000
588.000000 105.000000 -6.308000 19.680000
600.000000 105.000000 -5.766000 19.738000
612.000000 105.000000 -5.252000 19.738000
624.000000 105.000000 -4.667000 19.738000
636.000000 105.000000 -4.139000 19.738000
648.000000 105.000000 -3.446667 19.354167
660.000000 105.000000 -2.868667 19.296667
672.000000 105.000000 -2.290667 19.239167
684.000000 105.000000 -1.712667 19.181667
696.000000 105.000000 -1.134667 19.124167
708.000000 105.000000 -0.556667 19.066667
720.000000 105.000000 0.021333 19.009167
732.000000 105.000000 0.599333 18.951667
744.000000 105.000000 1.177333 18.894167
756.000000 105.000000 1.755333 18.836667
768.000000 105.000000 2.333333 18.779167
780.000000 105.000000 2.911333 18.721667
648.000000 109.000000 -8.206000 19.566000
660.000000 109.000000 -7.578000 19.566000
672.000000 109.000000 -7.007000 19.452000
684.000000 109.000000 -6.422000 19.452000
696.000000 109.000000 -5.894000 19.452000
708.000000 109.000000 -5.323000 19.338000
720.000000 109.000000 -4.795000 19.338000
732.000000 109.000000 -4.224000 19.338000
744.000000 109.000000 -3.400500 19.129000
756.000000 109.000000 -2.801000 19.072000
768.000000 109.000000 -2.201500 19.015000
780.000000 109.000000 -1.602000 18.958000
792.000000 109.000000 -1.002500 18.901000
804.000000 109.000000 -0.403000 18.844000
816.000000 109.000000 0.196500 18.787000
828.000000 109.000000 0.796000 18.730000
840.000000 109.000000 1.395500 18.673000
852.000000 109.000000 1.995000 18.616000
864.000000 109.000000 2.594500 18.559000
876.000000 109.000000 3.194000 18.502000
684.000000 100.000000 16.298000 18.111000
696.000000 100.000000 15.670000 18.111000
708.000000 100.000000 15.085000 18.111000
720.000000 100.000000 14.514000 18.111000
732.000000 100.000000 13.943000 18.111000
744.000000 100.000000 13.358000 18.111000
756.000000 100.000000 12.730000 18.054000
768.000000 100.000000 12.159000 18.054000
780.000000 100.000000 11.438833 18.111000
792.000000 100.000000 10.832333 18.111000
804.000000 100.000000 10.225833 18.111000
816.000000 100.000000 9.619333 18.111000
828.000000 100.000000 9.012833 18.111000
840.000000 100.000000 8.406333 18.111000
852.000000 100.000000 7.799833 18.111000
864.000000 100.000000 7.193333 18.111000
876.000000 100.000000 6.586833 18.111000
888.000000 100.000000 5.980333 18.111000
900.000000 100.000000 5.373833 18.111000
912.000000 100.000000 4.767333 18.111000
792.000000 106.000000 3.568000 19.623000
804.000000 106.000000 4.082000 19.623000
816.000000 106.000000 4.610000 19.623000
828.000000 106.000000 5.195000 19.623000
840.000000 106.000000 5.709000 19.509000
852.000000 106.000000 6.279000 19.509000
864.000000 106.000000 6.822000 19.395000
876.000000 106.000000 7.393000 19.395000
888.000000 106.000000 7.733667 19.623000
900.000000 106.000000 8.254667 19.623000
912.000000 106.000000 8.775667 19.623000
924.000000 106.000000 9.296667 19.623000
936.000000 106.000000 9.817667 19.623000
948.000000 106.000000 10.338667 19.623000
960.000000 106.000000 10.859667 19.623000
972.000000 106.000000 11.380667 19.623000
984.000000 106.000000 11.901667 19.623000
996.000000 106.000000 12.422667 19.623000
1008.000000 106.000000 12.943667 19.623000
1020.000000 106.000000 13.464667 19.623000
924.000000 101.000000 4.496000 17.825000
936.000000 101.000000 3.925000 17.825000
948.000000 101.000000 3.354000 17.768000
960.000000 101.000000 2.783000 17.768000
972.000000 101.000000 2.198000 17.768000
984.000000 101.000000 1.570000 17.768000
996.000000 101.000000 0.985000 17.768000
1008.000000 101.000000 0.414000 17.768000
1020.000000 101.000000 -0.072000 17.606500
1032.000000 101.000000 -0.643000 17.578000
1044.000000 101.000000 -1.214000 17.549500
1056.000000 101.000000 -1.785000 17.521000
1068.000000 101.000000 -2.356000 17.492500
1080.000000 101.000000 -2.927000 17.464000
1092.000000 101.000000 -3.498000 17.435500
1104.000000 101.000000 -4.069000 17.407000
1116.000000 101.000000 -4.640000 17.378500
1128.000000 101.000000 -5.211000 17.350000
1140.000000 101.000000 -5.782000 17.321500
1152.000000 101.000000 -6.353000 17.293000
1140.000000 67.000000 -18.439000 14.885000
1152.000000 67.000000 -17.811000 14.885000
1164.000000 67.000000 -17.183000 14.885000
1176.000000 67.000000 -16.555000 14.771000
1188.000000 67.000000 -15.927000 14.771000
1200.000000 67.000000 -15.299000 14.771000
1212.000000 67.000000 -14.671000 14.643000
1224.000000 67.000000 -14.043000 14.643000
1236.000000 67.000000 -13.415000 14.885000
1248.000000 67.000000 -12.787000 14.885000
1260.000000 67.000000 -12.159000 14.885000
1272.000000 67.000000 -11.531000 14.885000
1284.000000 67.000000 -10.903000 14.885000
1296.000000 67.000000 -10.275000 14.885000
1308.000000 67.000000 -9.647000 14.885000
1320.000000 67.000000 -9.019000 14.885000
1332.000000 67.000000 -8.391000 14.885000
1344.000000 67.000000 -7.763000 14.885000
1356.000000 67.000000 -7.135000 14.885000
1368.000000 67.000000 -6.507000 14.885000
1164.000000 102.000000 -7.721000 18.111000
1176.000000 102.000000 -8.363000 18.168000
1188.000000 102.000000 -8.991000 18.168000
1200.000000 102.000000 -9.619000 18.225000
1212.000000 102.000000 -10.247000 18.225000
1224.000000 102.000000 -10.889000 18.282000
1236.000000 102.000000 -11.517000 18.282000
1248.000000 102.000000 -12.145000 18.282000
1260.000000 102.000000 -12.803333 18.348500
1272.000000 102.000000 -13.438333 18.377000
1284.000000 102.000000 -14.073333 18.405500
1296.000000 102.000000 -14.708333 18.434000
1308.000000 102.000000 -15.343333 18.462500
1320.000000 102.000000 -15.978333 18.491000
1332.000000 102.000000 -16.613333 18.519500
1344.000000 102.000000 -17.248333 18.548000
1356.000000 102.000000 -17.883333 18.576500
1368.000000 102.000000 -18.518333 18.605000
1380.000000 102.000000 -19.153333 18.633500
1392.000000 102.000000 -19.788333 18.662000
1380.000000 68.000000 -6.251000 14.414000
1392.000000 68.000000 -5.652000 14.414000
1404.000000 68.000000 -5.081000 14.528000
1416.000000 68.000000 -4.767000 14.528000
1428.000000 68.000000 -4.396000 14.643000
1440.000000 68.000000 -4.039000 14.643000
1452.000000 68.000000 -3.682000 14.771000
1464.000000 68.000000 -3.311000 14.771000
1476.000000 68.000000 -1.566333 14.851000
1488.000000 68.000000 -0.981333 14.908000
1500.000000 68.000000 -0.396333 14.965000
1512.000000 68.000000 0.188667 15.022000
1524.000000 68.000000 0.773667 15.079000
1536.000000 68.000000 1.358667 15.136000
1548.000000 68.000000 1.943667 15.193000
1560.000000 68.000000 2.528667 15.250000
1572.000000 68.000000 3.113667 15.307000
1584.000000 68.000000 3.698667 15.364000
1596.000000 68.000000 4.283667 15.421000
1608.000000 68.000000 4.868667 15.478000
1500.000000 70.000000 6.494000 6.208000
1512.000000 70.000000 5.766000 6.208000
1524.000000 70.000000 5.024000 6.208000
1536.000000 70.000000 4.353000 6.322000
1548.000000 70.000000 3.611000 6.322000
1560.000000 70.000000 2.940000 6.322000
1572.000000 70.000000 2.198000 6.436000
1584.000000 70.000000 1.513000 6.436000
1596.000000 70.000000 0.616333 6.208000
1608.000000 70.000000 -0.118667 6.208000
1620.000000 70.000000 -0.853667 6.208000
1632.000000 70.000000 -1.588667 6.208000
1644.000000 70.000000 -2.323667 6.208000
1656.000000 70.000000 -3.058667 6.208000
1668.000000 70.000000 -3.793667 6.208000
1680.000000 70.000000 -4.528667 6.208000
1692.000000 70.000000 -5.263667 6.208000
1704.000000 70.000000 -5.998667 6.208000
1716.000000 70.000000 -6.733667 6.208000
1728.000000 70.000000 -7.468667 6.208000
1536.000000 58.000000 16.983000 28.757000
1548.000000 58.000000 16.955000 28.186000
1560.000000 58.000000 16.926000 27.601000
1572.000000 58.000000 16.898000 27.016000
1584.000000 58.000000 16.883000 26.445000
1596.000000 58.000000 16.883000 25.874000
1608.000000 58.000000 16.855000 25.218000
1620.000000 58.000000 16.683000 24.647000
1632.000000 58.000000 16.755167 24.135333
1644.000000 58.000000 16.726667 23.557333
1656.000000 58.000000 16.698167 22.979333
1668.000000 58.000000 16.669667 22.401333
1680.000000 58.000000 16.641167 21.823333
1692.000000 58.000000 16.612667 21.245333
1704.000000 58.000000 16.584167 20.667333
1716.000000 58.000000 16.555667 20.089333
1728.000000 58.000000 16.527167 19.511333
1740.000000 58.000000 16.498667 18.933333
1752.000000 58.000000 16.470167 18.355333
1764.000000 58.000000 16.441667 17.777333
1620.000000 69.000000 2.968000 16.855000
1632.000000 69.000000 3.596000 16.969000
1644.000000 69.000000 4.224000 17.083000
1656.000000 69.000000 4.852000 17.197000
1668.000000 69.000000 5.480000 17.311000
1680.000000 69.000000 6.108000 17.426000
1692.000000 69.000000 6.736000 17.540000
1704.000000 69.000000 7.364000 17.540000
1716.000000 69.000000 7.992000 17.767000
1728.000000 69.000000 8.620000 17.881000
1740.000000 69.000000 9.248000 17.995000
1752.000000 69.000000 9.876000 18.109000
1764.000000 69.000000 10.504000 18.223000
1776.000000 69.000000 11.132000 18.337000
1788.000000 69.000000 11.760000 18.451000
1800.000000 69.000000 12.388000 18.565000
1812.000000 69.000000 13.016000 18.679000
1824.000000 69.000000 13.644000 18.793000
1836.000000 69.000000 14.272000 18.907000
1848.000000 69.000000 14.900000 19.021000
1740.000000 71.000000 -7.707000 6.436000
1752.000000 71.000000 -8.434000 6.436000
1764.000000 71.000000 -9.120000 6.436000
1776.000000 71.000000 -9.847000 6.436000
1788.000000 71.000000 -10.590000 6.551000
1800.000000 71.000000 -11.275000 6.551000
1812.000000 71.000000 -12.002000 6.551000
1824.000000 71.000000 -12.730000 6.551000
1836.000000 71.000000 -13.365833 6.436000
1848.000000 71.000000 -14.072333 6.436000
1860.000000 71.000000 -14.778833 6.436000
1872.000000 71.000000 -15.485333 6.436000
1884.000000 71.000000 -16.191833 6.436000
1896.000000 71.000000 -16.898333 6.436000
1908.000000 71.000000 -17.604833 6.436000
1920.000000 71.000000 -18.311333 6.436000
1932.000000 71.000000 -19.017833 6.436000
1944.000000 71.000000 -19.724333 6.436000
1956.000000 71.000000 -20.430833 6.436000
1968.000000 71.000000 -21.137333 6.436000
1776.000000 59.000000 12.488000 19.095000
1788.000000 59.000000 12.031000 18.867000
1800.000000 59.000000 11.546000 18.639000
1812.000000 59.000000 11.089000 18.282000
1824.000000 59.000000 10.661000 17.939000
1836.000000 59.000000 10.190000 17.597000
1848.000000 59.000000 9.776000 17.140000
1860.000000 59.000000 9.348000 16.783000
1872.000000 59.000000 8.724667 17.271000
1884.000000 59.000000 8.253667 17.043000
1896.000000 59.000000 7.782667 16.815000
1908.000000 59.000000 7.311667 16.587000
1920.000000 59.000000 6.840667 16.359000
1932.000000 59.000000 6.369667 16.131000
1944.000000 59.000000 5.898667 15.903000
1956.000000 59.000000 5.427667 15.675000
1968.000000 59.000000 4.956667 15.447000
1980.000000 59.000000 4.485667 15.219000
1992.000000 59.000000 4.014667 14.991000
2004.000000 59.000000 3.543667 14.763000
2016.000000 60.000000 4.724000 10.547000
2028.000000 60.000000 4.296000 10.076000
2040.000000 60.000000 3.882000 9.605000
2052.000000 60.000000 3.482000 9.148000
2064.000000 60.000000 3.026000 8.691000
2076.000000 60.000000 2.655000 8.235000
2088.000000 60.000000 2.226000 7.764000
2100.000000 60.000000 1.827000 7.364000
2112.000000 60.000000 1.353667 6.779000
2124.000000 60.000000 0.932667 6.308000
2136.000000 60.000000 0.511667 5.837000
2148.000000 60.000000 0.090667 5.366000
2160.000000 60.000000 -0.330333 4.895000
2172.000000 60.000000 -0.751333 4.424000
2184.000000 60.000000 -1.172333 3.953000
2196.000000 60.000000 -1.593333 3.482000
2208.000000 60.000000 -2.014333 3.011000
2220.000000 60.000000 -2.435333 2.540000
2232.000000 60.000000 -2.856333 2.069000
2244.000000 60.000000 -3.277333 1.598000
2256.000000 61.000000 -4.767000 3.539000
2268.000000 61.000000 -5.195000 3.083000
2280.000000 61.000000 -5.609000 2.726000
2292.000000 61.000000 -6.037000 2.269000
2304.000000 61.000000 -6.494000 1.927000
2316.000000 61.000000 -7.022000 1.570000
2328.000000 61.000000 -7.393000 1.227000
2340.000000 61.000000 -7.707000 0.885000
2352.000000 61.000000 -8.137333 0.270500
2364.000000 61.000000 -8.558333 -0.136000
2376.000000 61.000000 -8.979333 -0.542500
2388.000000 61.000000 -9.400333 -0.949000
2400.000000 61.000000 -9.821333 -1.355500
2412.000000 61.000000 -10.242333 -1.762000
2424.000000 61.000000 -10.663333 -2.168500
2436.000000 61.000000 -11.084333 -2.575000
2448.000000 61.000000 -11.505333 -2.981500
2460.000000 61.000000 -11.926333 -3.388000
2472.000000 61.000000 -12.347333 -3.794500
2484.000000 61.000000 -12.768333 -4.201000
3012.000000 21.000000 16.812000 19.795000
3024.000000 21.000000 16.155000 19.452000
3036.000000 21.000000 15.527000 19.338000
3048.000000 21.000000 14.900000 19.338000
3060.000000 21.000000 14.500000 19.338000
3072.000000 21.000000 14.015000 19.338000
3084.000000 21.000000 13.387000 19.110000
3096.000000 21.000000 12.759000 18.867000
3108.000000 21.000000 11.667167 17.928833
3120.000000 21.000000 11.024667 17.700333
3132.000000 21.000000 10.382167 17.471833
3144.000000 21.000000 9.739667 17.243333
3156.000000 21.000000 9.097167 17.014833
3168.000000 21.000000 8.454667 16.786333
3180.000000 21.000000 7.812167 16.557833
3192.000000 21.000000 7.169667 16.329333
3204.000000 21.000000 6.527167 16.100833
3216.000000 21.000000 5.884667 15.872333
3228.000000 21.000000 5.242167 15.643833
3240.000000 21.000000 4.599667 15.415333
3060.000000 141.000000 -19.538000 17.197000
3072.000000 141.000000 -19.395000 16.312000
3084.000000 141.000000 -19.024000 16.084000
3096.000000 141.000000 -18.653000 15.856000
3108.000000 141.000000 -18.282000 15.627000
3120.000000 141.000000 -17.925000 15.399000
3132.000000 141.000000 -17.397000 15.285000
3144.000000 141.000000 -16.940000 15.171000
3156.000000 141.000000 -17.520000 12.635500
3168.000000 141.000000 -17.263000 12.079000
3180.000000 141.000000 -17.006000 11.522500
3192.000000 141.000000 -16.749000 10.966000
3204.000000 141.000000 -16.492000 10.409500
3216.000000 141.000000 -16.235000 9.853000
3228.000000 141.000000 -15.978000 9.296500
3240.000000 141.000000 -15.721000 8.740000
3252.000000 141.000000 -15.464000 8.183500
3264.000000 141.000000 -15.207000 7.627000
3276.000000 141.000000 -14.950000 7.070500
3288.000000 141.000000 -14.693000 6.514000
3108.000000 137.000000 16.869000 18.910000
3120.000000 137.000000 16.270000 18.453000
3132.000000 137.000000 15.799000 18.453000
3144.000000 137.000000 15.271000 18.339000
3156.000000 137.000000 14.757000 18.339000
3168.000000 137.000000 14.214000 18.225000
3180.000000 137.000000 13.758000 18.225000
3192.000000 137.000000 13.230000 18.225000
3204.000000 137.000000 12.567667 17.005833
3216.000000 137.000000 12.032667 16.777333
3228.000000 137.000000 11.497667 16.548833
3240.000000 137.000000 10.962667 16.320333
3252.000000 137.000000 10.427667 16.091833
3264.000000 137.000000 9.892667 15.863333
3276.000000 137.000000 9.357667 15.634833
3288.000000 137.000000 8.822667 15.406333
3300.000000 137.000000 8.287667 15.177833
3312.000000 137.000000 7.752667 14.949333
3324.000000 137.000000 7.217667 14.720833
3336.000000 137.000000 6.682667 14.492333
3252.000000 22.000000 4.367000 18.995000
3264.000000 22.000000 3.682000 18.995000
3276.000000 22.000000 3.054000 18.995000
3288.000000 22.000000 2.426000 18.995000
3300.000000 22.000000 1.741000 18.995000
3312.000000 22.000000 1.113000 18.995000
3324.000000 22.000000 0.485000 18.995000
3336.000000 22.000000 -0.143000 18.995000
3348.000000 22.000000 -0.894500 18.995000
3360.000000 22.000000 -1.551000 18.995000
3372.000000 22.000000 -2.207500 18.995000
3384.000000 22.000000 -2.864000 18.995000
3396.000000 22.000000 -3.520500 18.995000
3408.000000 22.000000 -4.177000 18.995000
3420.000000 22.000000 -4.833500 18.995000
3432.000000 22.000000 -5.490000 18.995000
3444.000000 22.000000 -6.146500 18.995000
3456.000000 22.000000 -6.803000 18.995000
3468.000000 22.000000 -7.459500 18.995000
3480.000000 22.000000 -8.116000 18.995000
3300.000000 142.000000 -12.488000 10.661000
3312.000000 142.000000 -12.059000 10.433000
3324.000000 142.000000 -11.574000 10.204000
3336.000000 142.000000 -11.175000 9.962000
3348.000000 142.000000 -10.689000 9.719000
3360.000000 142.000000 -10.233000 9.491000
3372.000000 142.000000 -9.862000 9.262000
3384.000000 142.000000 -9.548000 9.034000
3396.000000 142.000000 -8.841333 8.833167
3408.000000 142.000000 -8.384333 8.604667
3420.000000 142.000000 -7.927333 8.376167
3432.000000 142.000000 -7.470333 8.147667
3444.000000 142.000000 -7.013333 7.919167
3456.000000 142.000000 -6.556333 7.690667
3468.000000 142.000000 -6.099333 7.462167
3480.000000 142.000000 -5.642333 7.233667
3492.000000 142.000000 -5.185333 7.005167
3504.000000 142.000000 -4.728333 6.776667
3516.000000 142.000000 -4.271333 6.548167
3528.000000 142.000000 -3.814333 6.319667
3348.000000 138.000000 6.479000 19.053000
3360.000000 138.000000 5.994000 19.167000
3372.000000 138.000000 5.537000 19.167000
3384.000000 138.000000 4.995000 19.281000
3396.000000 138.000000 4.481000 19.281000
3408.000000 138.000000 3.953000 19.281000
3420.000000 138.000000 3.482000 19.281000
3432.000000 138.000000 3.054000 19.281000
3444.000000 138.000000 2.706333 19.528000
3456.000000 138.000000 2.235333 19.585000
3468.000000 138.000000 1.764333 19.642000
3480.000000 138.000000 1.293333 19.699000
3492.000000 138.000000 0.822333 19.756000
3504.000000 138.000000 0.351333 19.813000
3516.000000 138.000000 -0.119667 19.870000
3528.000000 138.000000 -0.590667 19.927000
3540.000000 138.000000 -1.061667 19.984000
3552.000000 138.000000 -1.532667 20.041000
3564.000000 138.000000 -2.003667 20.098000
3576.000000 138.000000 -2.474667 20.155000
3504.000000 136.000000 -6.608000 16.955000
3516.000000 136.000000 -7.264000 17.540000
3528.000000 136.000000 -7.949000 17.426000
3540.000000 136.000000 -8.634000 17.311000
3552.000000 136.000000 -9.262000 17.183000
3564.000000 136.000000 -9.890000 17.183000
3576.000000 136.000000 -10.490000 17.183000
3588.000000 136.000000 -11.060000 17.183000
3600.000000 136.000000 -11.967167 18.955500
3612.000000 136.000000 -12.637667 19.191000
3624.000000 136.000000 -13.308167 19.426500
3636.000000 136.000000 -13.978667 19.662000
3648.000000 136.000000 -14.649167 19.897500
3660.000000 136.000000 -15.319667 20.133000
3672.000000 136.000000 -15.990167 20.368500
3684.000000 136.000000 -16.660667 20.604000
3696.000000 136.000000 -17.331167 20.839500
3708.000000 136.000000 -18.001667 21.075000
3720.000000 136.000000 -18.672167 21.310500
3732.000000 136.000000 -19.342667 21.546000
3540.000000 143.000000 -4.581000 5.980000
3552.000000 143.000000 -4.153000 5.737000
3564.000000 143.000000 -3.725000 5.737000
3576.000000 143.000000 -3.297000 5.737000
3588.000000 143.000000 -2.911000 5.737000
3600.000000 143.000000 -2.440000 5.623000
3612.000000 143.000000 -1.969000 5.623000
3624.000000 143.000000 -1.441000 5.623000
3636.000000 143.000000 -1.157000 4.967500
3648.000000 143.000000 -0.729000 4.846000
3660.000000 143.000000 -0.301000 4.724500
3672.000000 143.000000 0.127000 4.603000
3684.000000 143.000000 0.555000 4.481500
3696.000000 143.000000 0.983000 4.360000
3708.000000 143.000000 1.411000 4.238500
3720.000000 143.000000 1.839000 4.117000
3732.000000 143.000000 2.267000 3.995500
3744.000000 143.000000 2.695000 3.874000
3756.000000 143.000000 3.123000 3.752500
3768.000000 143.000000 3.551000 3.631000
3588.000000 139.000000 -3.639000 19.038000
3600.000000 139.000000 -4.224000 19.038000
3612.000000 139.000000 -4.795000 19.038000
3624.000000 139.000000 -5.323000 19.038000
3636.000000 139.000000 -5.894000 18.924000
3648.000000 139.000000 -6.322000 18.810000
3660.000000 139.000000 -6.793000 18.810000
3672.000000 139.000000 -7.207000 18.696000
3684.000000 139.000000 -8.265333 19.038000
3696.000000 139.000000 -8.843333 19.038000
3708.000000 139.000000 -9.421333 19.038000
3720.000000 139.000000 -9.999333 19.038000
3732.000000 139.000000 -10.577333 19.038000
3744.000000 139.000000 -11.155333 19.038000
3756.000000 139.000000 -11.733333 19.038000
3768.000000 139.000000 -12.311333 19.038000
3780.000000 139.000000 -12.889333 19.038000
3792.000000 139.000000 -13.467333 19.038000
3804.000000 139.000000 -14.045333 19.038000
3816.000000 139.000000 -14.623333 19.038000
3780.000000 147.000000 4.567000 5.395000
3792.000000 147.000000 5.138000 5.280000
3804.000000 147.000000 5.751000 5.280000
3816.000000 147.000000 6.123000 5.280000
3828.000000 147.000000 6.494000 5.280000
3840.000000 147.000000 6.865000 5.280000
3852.000000 147.000000 7.236000 5.280000
3864.000000 147.000000 7.650000 5.152000
3876.000000 147.000000 9.296000 4.915833
3888.000000 147.000000 9.888000 4.858333
3900.000000 147.000000 10.480000 4.800833
3912.000000 147.000000 11.072000 4.743333
3924.000000 147.000000 11.664000 4.685833
3936.000000 147.000000 12.256000 4.628333
3948.000000 147.000000 12.848000 4.570833
3960.000000 147.000000 13.440000 4.513333
3972.000000 147.000000 14.032000 4.455833
3984.000000 147.000000 14.624000 4.398333
3996.000000 147.000000 15.216000 4.340833
4008.000000 147.000000 15.808000 4.283333
3996.000000 149.000000 7.321000 33.610000
4008.000000 149.000000 7.107000 33.610000
4020.000000 149.000000 7.107000 33.610000
4032.000000 149.000000 7.107000 33.610000
4044.000000 149.000000 7.107000 33.724000
4056.000000 149.000000 7.050000 33.724000
4068.000000 149.000000 7.050000 33.838000
4080.000000 149.000000 7.050000 33.838000
4092.000000 149.000000 6.429333 33.610000
4104.000000 149.000000 6.322333 33.610000
4116.000000 149.000000 6.215333 33.610000
4128.000000 149.000000 6.108333 33.610000
4140.000000 149.000000 6.001333 33.610000
4152.000000 149.000000 5.894333 33.610000
4164.000000 149.000000 5.787333 33.610000
4176.000000 149.000000 5.680333 33.610000
4188.000000 149.000000 5.573333 33.610000
4200.000000 149.000000 5.466333 33.610000
4212.000000 149.000000 5.359333 33.610000
4224.000000 149.000000 5.252333 33.610000
4236.000000 150.000000 6.879000 34.423000
4248.000000 150.000000 6.879000 34.423000
4260.000000 150.000000 6.879000 34.537000
4272.000000 150.000000 6.836000 34.537000
4284.000000 150.000000 6.836000 34.537000
4296.000000 150.000000 6.836000 34.651000
4308.000000 150.000000 6.836000 34.651000
4320.000000 150.000000 6.793000 34.651000
4332.000000 150.000000 6.879000 34.860000
4344.000000 150.000000 6.879000 34.917000
4356.000000 150.000000 6.879000 34.974000
4368.000000 150.000000 6.879000 35.031000
4380.000000 150.000000 6.879000 35.088000
4392.000000 150.000000 6.879000 35.145000
4404.000000 150.000000 6.879000 35.202000
4416.000000 150.000000 6.879000 35.259000
4428.000000 150.000000 6.879000 35.316000
4440.000000 150.000000 6.879000 35.373000
4452.000000 150.000000 6.879000 35.430000
4464.000000 150.000000 6.879000 35.487000
5400.000000 148.000000 16.655000 17.597000
5412.000000 148.000000 16.512000 17.483000
5424.000000 148.000000 16.341000 17.483000
5436.000000 148.000000 16.241000 17.369000
5448.000000 148.000000 16.084000 17.369000
5460.000000 148.000000 15.984000 17.254000
5472.000000 148.000000 15.827000 17.254000
5484.000000 148.000000 15.713000 17.140000
5496.000000 148.000000 15.403667 17.122000
5508.000000 148.000000 15.246667 17.065000
5520.000000 148.000000 15.089667 17.008000
5532.000000 148.000000 14.932667 16.951000
5544.000000 148.000000 14.775667 16.894000
5556.000000 148.000000 14.618667 16.837000
5568.000000 148.000000 14.461667 16.780000
5580.000000 148.000000 14.304667 16.723000
5592.000000 148.000000 14.147667 16.666000
5604.000000 148.000000 13.990667 16.609000
5616.000000 148.000000 13.833667 16.552000
5628.000000 148.000000 13.676667 16.495000
5484.000000 78.000000 16.541000 18.924000
5496.000000 78.000000 15.913000 19.152000
5508.000000 78.000000 14.985000 18.981000
5520.000000 78.000000 14.229000 18.867000
5532.000000 78.000000 13.772000 18.924000
5544.000000 78.000000 13.287000 18.924000
5556.000000 78.000000 12.702000 18.924000
5568.000000 78.000000 12.188000 18.810000
5580.000000 78.000000 10.367000 19.218500
5592.000000 78.000000 9.589000 19.247000
5604.000000 78.000000 8.811000 19.275500
5616.000000 78.000000 8.033000 19.304000
5628.000000 78.000000 7.255000 19.332500
5640.000000 78.000000 6.477000 19.361000
5652.000000 78.000000 5.699000 19.389500
5664.000000 78.000000 4.921000 19.418000
5676.000000 78.000000 4.143000 19.446500
5688.000000 78.000000 3.365000 19.475000
5700.000000 78.000000 2.587000 19.503500
5712.000000 78.000000 1.809000 19.532000
5484.000000 151.000000 16.213000 19.966000
5496.000000 151.000000 15.670000 19.966000
5508.000000 151.000000 14.900000 20.023000
5520.000000 151.000000 14.015000 20.251000
5532.000000 151.000000 13.158000 20.423000
5544.000000 151.000000 12.673000 20.651000
5556.000000 151.000000 12.216000 20.651000
5568.000000 151.000000 11.646000 20.423000
5580.000000 151.000000 10.998833 20.184500
5592.000000 151.000000 10.342333 20.213000
5604.000000 151.000000 9.685833 20.241500
5616.000000 151.000000 9.029333 20.270000
5628.000000 151.000000 8.372833 20.298500
5640.000000 151.000000 7.716333 20.327000
5652.000000 151.000000 7.059833 20.355500
5664.000000 151.000000 6.403333 20.384000
5676.000000 151.000000 5.746833 20.412500
5688.000000 151.000000 5.090333 20.441000
5700.000000 151.000000 4.433833 20.469500
5712.000000 151.000000 3.777333 20.498000
5556.000000 5.000000 15.642000 18.054000
5568.000000 5.000000 15.385000 18.225000
5580.000000 5.000000 15.099000 18.396000
5592.000000 5.000000 14.828000 18.567000
5604.000000 5.000000 14.557000 18.696000
5616.000000 5.000000 14.300000 18.924000
5628.000000 5.000000 14.015000 19.038000
5640.000000 5.000000 13.701000 19.167000
5652.000000 5.000000 13.474833 19.422000
5664.000000 5.000000 13.203333 19.593000
5676.000000 5.000000 12.931833 19.764000
5688.000000 5.000000 12.660333 19.935000
5700.000000 5.000000 12.388833 20.106000
5712.000000 5.000000 12.117333 20.277000
5724.000000 5.000000 11.845833 20.448000
5736.000000 5.000000 11.574333 20.619000
5748.000000 5.000000 11.302833 20.790000
5760.000000 5.000000 11.031333 20.961000
5772.000000 5.000000 10.759833 21.132000
5784.000000 5.000000 10.488333 21.303000
5580.000000 131.000000 16.170000 17.825000
5592.000000 131.000000 15.742000 17.483000
5604.000000 131.000000 15.428000 17.369000
5616.000000 131.000000 15.057000 17.369000
5628.000000 131.000000 14.800000 17.254000
5640.000000 131.000000 14.571000 17.254000
5652.000000 131.000000 14.300000 17.254000
5664.000000 131.000000 14.072000 17.254000
5676.000000 131.000000 13.183000 15.963000
5688.000000 131.000000 12.812000 15.735000
5700.000000 131.000000 12.441000 15.507000
5712.000000 131.000000 12.070000 15.279000
5724.000000 131.000000 11.699000 15.051000
5736.000000 131.000000 11.328000 14.823000
5748.000000 131.000000 10.957000 14.595000
5760.000000 131.000000 10.586000 14.367000
5772.000000 131.000000 10.215000 14.139000
5784.000000 131.000000 9.844000 13.911000
5796.000000 131.000000 9.473000 13.683000
5808.000000 131.000000 9.102000 13.455000
5640.000000 154.000000 13.344000 16.612000
5652.000000 154.000000 13.144000 16.555000
5664.000000 154.000000 12.973000 16.555000
5676.000000 154.000000 12.759000 16.498000
5688.000000 154.000000 12.573000 16.498000
5700.000000 154.000000 12.388000 16.441000
5712.000000 154.000000 12.159000 16.441000
5724.000000 154.000000 11.845000 16.441000
5736.000000 154.000000 11.855167 16.374500
5748.000000 154.000000 11.669667 16.346000
5760.000000 154.000000 11.484167 16.317500
5772.000000 154.000000 11.298667 16.289000
5784.000000 154.000000 11.113167 16.260500
5796.000000 154.000000 10.927667 16.232000
5808.000000 154.000000 10.742167 16.203500
5820.000000 154.000000 10.556667 16.175000
5832.000000 154.000000 10.371167 16.146500
5844.000000 154.000000 10.185667 16.118000
5856.000000 154.000000 10.000167 16.089500
5868.000000 154.000000 9.814667 16.061000
5724.000000 79.000000 4.039000 18.810000
5736.000000 79.000000 3.568000 18.810000
5748.000000 79.000000 3.040000 18.810000
5760.000000 79.000000 2.512000 18.810000
5772.000000 79.000000 2.041000 18.810000
5784.000000 79.000000 1.570000 18.810000
5796.000000 79.000000 0.999000 18.753000
5808.000000 79.000000 0.414000 18.624000
5820.000000 79.000000 0.052500 18.810000
5832.000000 79.000000 -0.447000 18.810000
5844.000000 79.000000 -0.946500 18.810000
5856.000000 79.000000 -1.446000 18.810000
5868.000000 79.000000 -1.945500 18.810000
5880.000000 79.000000 -2.445000 18.810000
5892.000000 79.000000 -2.944500 18.810000
5904.000000 79.000000 -3.444000 18.810000
5916.000000 79.000000 -3.943500 18.810000
5928.000000 79.000000 -4.443000 18.810000
5940.000000 79.000000 -4.942500 18.810000
5952.000000 79.000000 -5.442000 18.810000
5724.000000 152.000000 3.967000 20.423000
5736.000000 152.000000 3.454000 20.537000
5748.000000 152.000000 2.997000 20.423000
5760.000000 152.000000 2.398000 20.423000
5772.000000 152.000000 1.884000 20.308000
5784.000000 152.000000 1.256000 20.308000
5796.000000 152.000000 0.628000 20.423000
5808.000000 152.000000 0.057000 20.423000
5820.000000 152.000000 0.077667 20.461000
5832.000000 152.000000 -0.407333 20.461000
5844.000000 152.000000 -0.892333 20.461000
5856.000000 152.000000 -1.377333 20.461000
5868.000000 152.000000 -1.862333 20.461000
5880.000000 152.000000 -2.347333 20.461000
5892.000000 152.000000 -2.832333 20.461000
5904.000000 152.000000 -3.317333 20.461000
5916.000000 152.000000 -3.802333 20.461000
5928.000000 152.000000 -4.287333 20.461000
5940.000000 152.000000 -4.772333 20.461000
5952.000000 152.000000 -5.257333 20.461000
5736.000000 90.000000 -20.194000 13.358000
5748.000000 90.000000 -17.411000 12.559000
5760.000000 90.000000 -14.500000 12.331000
5772.000000 90.000000 -11.660000 12.502000
5784.000000 90.000000 -8.834000 12.673000
5796.000000 90.000000 -6.008000 12.902000
5808.000000 90.000000 -3.168000 13.144000
5820.000000 90.000000 -0.285000 13.372000
5832.000000 90.000000 2.560667 9.154833
5844.000000 90.000000 5.407667 8.641333
5856.000000 90.000000 8.254667 8.127833
5868.000000 90.000000 11.101667 7.614333
5880.000000 90.000000 13.948667 7.100833
5892.000000 90.000000 16.795667 6.587333
5904.000000 90.000000 19.642667 6.073833
5916.000000 90.000000 22.489667 5.560333
5928.000000 90.000000 25.336667 5.046833
5940.000000 90.000000 28.183667 4.533333
5952.000000 90.000000 31.030667 4.019833
5964.000000 90.000000 33.877667 3.506333
5796.000000 6.000000 10.033000 19.623000
5808.000000 6.000000 9.762000 19.623000
5820.000000 6.000000 9.505000 19.738000
5832.000000 6.000000 9.248000 19.738000
5844.000000 6.000000 8.991000 19.738000
5856.000000 6.000000 8.734000 19.852000
5868.000000 6.000000 8.449000 19.852000
5880.000000 6.000000 8.192000 19.966000
5892.000000 6.000000 7.918667 20.063833
5904.000000 6.000000 7.654667 20.121333
5916.000000 6.000000 7.390667 20.178833
5928.000000 6.000000 7.126667 20.236333
5940.000000 6.000000 6.862667 20.293833
5952.000000 6.000000 6.598667 20.351333
5964.000000 6.000000 6.334667 20.408833
5976.000000 6.000000 6.070667 20.466333
5988.000000 6.000000 5.806667 20.523833
6000.000000 6.000000 5.542667 20.581333
6012.000000 6.000000 5.278667 20.638833
6024.000000 6.000000 5.014667 20.696333
5820.000000 132.000000 10.347000 18.282000
5832.000000 132.000000 10.033000 18.282000
5844.000000 132.000000 9.747000 18.282000
5856.000000 132.000000 9.476000 18.282000
5868.000000 132.000000 9.191000 18.282000
5880.000000 132.000000 8.934000 18.282000
5892.000000 132.000000 8.649000 18.282000
5904.000000 132.000000 8.392000 18.396000
5916.000000 132.000000 7.942333 18.282000
5928.000000 132.000000 7.642333 18.282000
5940.000000 132.000000 7.342333 18.282000
5952.000000 132.000000 7.042333 18.282000
5964.000000 132.000000 6.742333 18.282000
5976.000000 132.000000 6.442333 18.282000
5988.000000 132.000000 6.142333 18.282000
6000.000000 132.000000 5.842333 18.282000
6012.000000 132.000000 5.542333 18.282000
6024.000000 132.000000 5.242333 18.282000
6036.000000 132.000000 4.942333 18.282000
6048.000000 132.000000 4.642333 18.282000
5880.000000 155.000000 7.749000 17.026000
5892.000000 155.000000 7.435000 17.026000
5904.000000 155.000000 7.122000 17.026000
5916.000000 155.000000 6.808000 17.026000
5928.000000 155.000000 6.494000 17.026000
5940.000000 155.000000 6.180000 17.026000
5952.000000 155.000000 5.866000 17.026000
5964.000000 155.000000 5.552000 17.026000
5976.000000 155.000000 5.240833 17.026000
5988.000000 155.000000 4.927333 17.026000
6000.000000 155.000000 4.613833 17.026000
6012.000000 155.000000 4.300333 17.026000
6024.000000 155.000000 3.986833 17.026000
6036.000000 155.000000 3.673333 17.026000
6048.000000 155.000000 3.359833 17.026000
6060.000000 155.000000 3.046333 17.026000
6072.000000 155.000000 2.732833 17.026000
6084.000000 155.000000 2.419333 17.026000
6096.000000 155.000000 2.105833 17.026000
6108.000000 155.000000 1.792333 17.026000
5964.000000 80.000000 -7.792000 18.681000
5976.000000 80.000000 -8.306000 18.810000
5988.000000 80.000000 -8.734000 18.924000
6000.000000 80.000000 -9.191000 18.681000
6012.000000 80.000000 -9.776000 18.624000
6024.000000 80.000000 -10.333000 18.624000
6036.000000 80.000000 -10.875000 18.567000
6048.000000 80.000000 -11.417000 18.567000
6060.000000 80.000000 -11.574333 19.655500
6072.000000 80.000000 -12.045333 19.777000
6084.000000 80.000000 -12.516333 19.898500
6096.000000 80.000000 -12.987333 20.020000
6108.000000 80.000000 -13.458333 20.141500
6120.000000 80.000000 -13.929333 20.263000
6132.000000 80.000000 -14.400333 20.384500
6144.000000 80.000000 -14.871333 20.506000
6156.000000 80.000000 -15.342333 20.627500
6168.000000 80.000000 -15.813333 20.749000
6180.000000 80.000000 -16.284333 20.870500
6192.000000 80.000000 -16.755333 20.992000
5964.000000 153.000000 -7.906000 20.423000
5976.000000 153.000000 -8.506000 20.423000
5988.000000 153.000000 -9.077000 20.537000
6000.000000 153.000000 -9.648000 20.651000
6012.000000 153.000000 -10.161000 20.480000
6024.000000 153.000000 -10.647000 20.366000
6036.000000 153.000000 -11.146000 20.251000
6048.000000 153.000000 -11.603000 20.137000
6060.000000 153.000000 -12.594833 20.860000
6072.000000 153.000000 -13.180333 20.917000
6084.000000 153.000000 -13.765833 20.974000
6096.000000 153.000000 -14.351333 21.031000
6108.000000 153.000000 -14.936833 21.088000
6120.000000 153.000000 -15.522333 21.145000
6132.000000 153.000000 -16.107833 21.202000
6144.000000 153.000000 -16.693333 21.259000
6156.000000 153.000000 -17.278833 21.316000
6168.000000 153.000000 -17.864333 21.373000
6180.000000 153.000000 -18.449833 21.430000
6192.000000 153.000000 -19.035333 21.487000
6000.000000 125.000000 6.779000 17.882000
6012.000000 125.000000 6.522000 17.768000
6024.000000 125.000000 6.265000 17.768000
6036.000000 125.000000 6.023000 17.768000
6048.000000 125.000000 5.794000 17.768000
6060.000000 125.000000 5.552000 17.711000
6072.000000 125.000000 5.295000 17.711000
6084.000000 125.000000 5.081000 17.711000
6096.000000 125.000000 4.723000 17.407000
6108.000000 125.000000 4.466000 17.350000
6120.000000 125.000000 4.209000 17.293000
6132.000000 125.000000 3.952000 17.236000
6144.000000 125.000000 3.695000 17.179000
6156.000000 125.000000 3.438000 17.122000
6168.000000 125.000000 3.181000 17.065000
6180.000000 125.000000 2.924000 17.008000
6192.000000 125.000000 2.667000 16.951000
6204.000000 125.000000 2.410000 16.894000
6216.000000 125.000000 2.153000 16.837000
6228.000000 125.000000 1.896000 16.780000
6036.000000 7.000000 5.423000 19.623000
6048.000000 7.000000 5.266000 19.566000
6060.000000 7.000000 5.138000 19.452000
6072.000000 7.000000 5.009000 19.395000
6084.000000 7.000000 4.838000 19.338000
6096.000000 7.000000 4.724000 19.281000
6108.000000 7.000000 4.581000 19.224000
6120.000000 7.000000 4.524000 19.110000
6132.000000 7.000000 4.278167 18.948500
6144.000000 7.000000 4.135667 18.863000
6156.000000 7.000000 3.993167 18.777500
6168.000000 7.000000 3.850667 18.692000
6180.000000 7.000000 3.708167 18.606500
6192.000000 7.000000 3.565667 18.521000
6204.000000 7.000000 3.423167 18.435500
6216.000000 7.000000 3.280667 18.350000
6228.000000 7.000000 3.138167 18.264500
6240.000000 7.000000 2.995667 18.179000
6252.000000 7.000000 2.853167 18.093500
6264.000000 7.000000 2.710667 18.008000
6060.000000 133.000000 5.309000 18.168000
6072.000000 133.000000 5.052000 18.111000
6084.000000 133.000000 4.824000 18.111000
6096.000000 133.000000 4.524000 18.054000
6108.000000 133.000000 4.324000 18.054000
6120.000000 133.000000 4.110000 18.054000
6132.000000 133.000000 3.839000 18.054000
6144.000000 133.000000 3.639000 18.168000
6156.000000 133.000000 3.364167 17.930500
6168.000000 133.000000 3.121667 17.902000
6180.000000 133.000000 2.879167 17.873500
6192.000000 133.000000 2.636667 17.845000
6204.000000 133.000000 2.394167 17.816500
6216.000000 133.000000 2.151667 17.788000
6228.000000 133.000000 1.909167 17.759500
6240.000000 133.000000 1.666667 17.731000
6252.000000 133.000000 1.424167 17.702500
6264.000000 133.000000 1.181667 17.674000
6276.000000 133.000000 0.939167 17.645500
6288.000000 133.000000 0.696667 17.617000
6120.000000 156.000000 2.369000 17.369000
6132.000000 156.000000 2.112000 17.369000
6144.000000 156.000000 1.855000 17.369000
6156.000000 156.000000 1.598000 17.369000
6168.000000 156.000000 1.342000 17.369000
6180.000000 156.000000 1.227000 17.254000
6192.000000 156.000000 1.113000 17.254000
6204.000000 156.000000 1.028000 17.254000
6216.000000 156.000000 0.313000 17.369000
6228.000000 156.000000 0.056000 17.369000
6240.000000 156.000000 -0.201000 17.369000
6252.000000 156.000000 -0.458000 17.369000
6264.000000 156.000000 -0.715000 17.369000
6276.000000 156.000000 -0.972000 17.369000
6288.000000 156.000000 -1.229000 17.369000
6300.000000 156.000000 -1.486000 17.369000
6312.000000 156.000000 -1.743000 17.369000
6324.000000 156.000000 -2.000000 17.369000
6336.000000 156.000000 -2.257000 17.369000
6348.000000 156.000000 -2.514000 17.369000
6240.000000 126.000000 1.784000 17.711000
6252.000000 126.000000 1.513000 17.825000
6264.000000 126.000000 1.413000 17.825000
6276.000000 126.000000 1.313000 17.825000
6288.000000 126.000000 1.199000 17.825000
6300.000000 126.000000 1.099000 17.825000
6312.000000 126.000000 0.999000 17.825000
6324.000000 126.000000 0.885000 17.825000
6336.000000 126.000000 0.271500 18.186000
6348.000000 126.000000 0.086000 18.243000
6360.000000 126.000000 -0.099500 18.300000
6372.000000 126.000000 -0.285000 18.357000
6384.000000 126.000000 -0.470500 18.414000
6396.000000 126.000000 -0.656000 18.471000
6408.000000 126.000000 -0.841500 18.528000
6420.000000 126.000000 -1.027000 18.585000
6432.000000 126.000000 -1.212500 18.642000
6444.000000 126.000000 -1.398000 18.699000
6456.000000 126.000000 -1.583500 18.756000
6468.000000 126.000000 -1.769000 18.813000
6276.000000 8.000000 4.096000 18.624000
6288.000000 8.000000 4.096000 18.624000
6300.000000 8.000000 4.096000 18.624000
6312.000000 8.000000 4.096000 18.624000
6324.000000 8.000000 4.096000 18.624000
6336.000000 8.000000 4.096000 18.624000
6348.000000 8.000000 4.096000 18.624000
6360.000000 8.000000 4.096000 18.624000
6372.000000 8.000000 4.096000 18.624000
6384.000000 8.000000 4.096000 18.624000
6396.000000 8.000000 4.096000 18.624000
6408.000000 8.000000 4.096000 18.624000
6420.000000 8.000000 4.096000 18.624000
6432.000000 8.000000 4.096000 18.624000
6444.000000 8.000000 4.096000 18.624000
6456.000000 8.000000 4.096000 18.624000
6468.000000 8.000000 4.096000 18.624000
6480.000000 8.000000 4.096000 18.624000
6492.000000 8.000000 4.096000 18.624000
6504.000000 8.000000 4.096000 18.624000
6300.000000 134.000000 1.227000 18.525000
6312.000000 134.000000 1.070000 18.525000
6324.000000 134.000000 0.970000 18.525000
6336.000000 134.000000 0.813000 18.525000
6348.000000 134.000000 0.699000 18.525000
6360.000000 134.000000 0.599000 18.525000
6372.000000 134.000000 0.442000 18.525000
6384.000000 134.000000 0.328000 18.525000
6396.000000 134.000000 0.189500 18.525000
6408.000000 134.000000 0.061000 18.525000
6420.000000 134.000000 -0.067500 18.525000
6432.000000 134.000000 -0.196000 18.525000
6444.000000 134.000000 -0.324500 18.525000
6456.000000 134.000000 -0.453000 18.525000
6468.000000 134.000000 -0.581500 18.525000
6480.000000 134.000000 -0.710000 18.525000
6492.000000 134.000000 -0.838500 18.525000
6504.000000 134.000000 -0.967000 18.525000
6516.000000 134.000000 -1.095500 18.525000
6528.000000 134.000000 -1.224000 18.525000
6360.000000 157.000000 -0.714000 17.483000
6372.000000 157.000000 -0.856000 17.540000
6384.000000 157.000000 -1.056000 17.540000
6396.000000 157.000000 -1.199000 17.540000
6408.000000 157.000000 -1.370000 17.654000
6420.000000 157.000000 -1.513000 17.654000
6432.000000 157.000000 -1.684000 17.654000
6444.000000 157.000000 -1.884000 17.654000
6456.000000 157.000000 -2.072333 17.720500
6468.000000 157.000000 -2.243333 17.749000
6480.000000 157.000000 -2.414333 17.777500
6492.000000 157.000000 -2.585333 17.806000
6504.000000 157.000000 -2.756333 17.834500
6516.000000 157.000000 -2.927333 17.863000
6528.000000 157.000000 -3.098333 17.891500
6540.000000 157.000000 -3.269333 17.920000
6552.000000 157.000000 -3.440333 17.948500
6564.000000 157.000000 -3.611333 17.977000
6576.000000 157.000000 -3.782333 18.005500
6588.000000 157.000000 -3.953333 18.034000
6420.000000 128.000000 16.840000 19.566000
6432.000000 128.000000 16.241000 19.566000
6444.000000 128.000000 15.770000 19.680000
6456.000000 128.000000 15.299000 19.680000
6468.000000 128.000000 14.728000 19.680000
6480.000000 128.000000 14.043000 19.566000
6492.000000 128.000000 13.415000 19.566000
6504.000000 128.000000 12.573000 19.509000
6516.000000 128.000000 12.538667 20.003000
6528.000000 128.000000 12.003667 20.060000
6540.000000 128.000000 11.468667 20.117000
6552.000000 128.000000 10.933667 20.174000
6564.000000 128.000000 10.398667 20.231000
6576.000000 128.000000 9.863667 20.288000
6588.000000 128.000000 9.328667 20.345000
6600.000000 128.000000 8.793667 20.402000
6612.000000 128.000000 8.258667 20.459000
6624.000000 128.000000 7.723667 20.516000
6636.000000 128.000000 7.188667 20.573000
6648.000000 128.000000 6.653667 20.630000
6480.000000 127.000000 -1.841000 17.939000
6492.000000 127.000000 -2.155000 17.939000
6504.000000 127.000000 -2.498000 18.054000
6516.000000 127.000000 -2.811000 18.054000
6528.000000 127.000000 -3.154000 18.054000
6540.000000 127.000000 -3.468000 18.054000
6552.000000 127.000000 -3.811000 18.054000
6564.000000 127.000000 -4.096000 18.054000
6576.000000 127.000000 -4.464167 18.379833
6588.000000 127.000000 -4.792667 18.437333
6600.000000 127.000000 -5.121167 18.494833
6612.000000 127.000000 -5.449667 18.552333
6624.000000 127.000000 -5.778167 18.609833
6636.000000 127.000000 -6.106667 18.667333
6648.000000 127.000000 -6.435167 18.724833
6660.000000 127.000000 -6.763667 18.782333
6672.000000 127.000000 -7.092167 18.839833
6684.000000 127.000000 -7.420667 18.897333
6696.000000 127.000000 -7.749167 18.954833
6708.000000 127.000000 -8.077667 19.012333
6516.000000 9.000000 3.896000 18.624000
6528.000000 9.000000 3.796000 18.624000
6540.000000 9.000000 3.696000 18.624000
6552.000000 9.000000 3.554000 18.624000
6564.000000 9.000000 3.454000 18.624000
6576.000000 9.000000 3.354000 18.696000
6588.000000 9.000000 3.240000 18.696000
6600.000000 9.000000 3.111000 18.753000
6612.000000 9.000000 3.096000 18.624000
6624.000000 9.000000 2.996000 18.624000
6636.000000 9.000000 2.896000 18.624000
6648.000000 9.000000 2.796000 18.624000
6660.000000 9.000000 2.696000 18.624000
6672.000000 9.000000 2.596000 18.624000
6684.000000 9.000000 2.496000 18.624000
6696.000000 9.000000 2.396000 18.624000
6708.000000 9.000000 2.296000 18.624000
6720.000000 9.000000 2.196000 18.624000
6732.000000 9.000000 2.096000 18.624000
6744.000000 9.000000 1.996000 18.624000
6540.000000 135.000000 -3.225000 18.753000
6552.000000 135.000000 -3.511000 18.753000
6564.000000 135.000000 -3.796000 18.753000
6576.000000 135.000000 -4.110000 18.753000
6588.000000 135.000000 -4.381000 18.867000
6600.000000 135.000000 -4.667000 18.867000
6612.000000 135.000000 -4.981000 18.867000
6624.000000 135.000000 -5.280000 18.867000
6636.000000 135.000000 -5.509167 18.753000
6648.000000 135.000000 -5.794667 18.753000
6660.000000 135.000000 -6.080167 18.753000
6672.000000 135.000000 -6.365667 18.753000
6684.000000 135.000000 -6.651167 18.753000
6696.000000 135.000000 -6.936667 18.753000
6708.000000 135.000000 -7.222167 18.753000
6720.000000 135.000000 -7.507667 18.753000
6732.000000 135.000000 -7.793167 18.753000
6744.000000 135.000000 -8.078667 18.753000
6756.000000 135.000000 -8.364167 18.753000
6768.000000 135.000000 -8.649667 18.753000
6600.000000 158.000000 -6.579000 17.426000
6612.000000 158.000000 -6.965000 17.426000
6624.000000 158.000000 -7.364000 17.426000
6636.000000 158.000000 -7.764000 17.426000
6648.000000 158.000000 -8.178000 17.426000
6660.000000 158.000000 -8.549000 17.426000
6672.000000 158.000000 -8.948000 17.426000
6684.000000 158.000000 -10.276000 17.654000
6696.000000 158.000000 -9.716833 17.426000
6708.000000 158.000000 -10.109333 17.426000
6720.000000 158.000000 -10.501833 17.426000
6732.000000 158.000000 -10.894333 17.426000
6744.000000 158.000000 -11.286833 17.426000
6756.000000 158.000000 -11.679333 17.426000
6768.000000 158.000000 -12.071833 17.426000
6780.000000 158.000000 -12.464333 17.426000
6792.000000 158.000000 -12.856833 17.426000
6804.000000 158.000000 -13.249333 17.426000
6816.000000 158.000000 -13.641833 17.426000
6828.000000 158.000000 -14.034333 17.426000
6660.000000 129.000000 2.412000 19.680000
6672.000000 129.000000 1.299000 19.795000
6684.000000 129.000000 0.157000 20.023000
6696.000000 129.000000 -1.042000 20.251000
6708.000000 129.000000 -1.527000 20.251000
6720.000000 129.000000 -1.898000 20.137000
6732.000000 129.000000 -2.312000 20.137000
6744.000000 129.000000 -2.726000 20.023000
6756.000000 129.000000 -6.603167 21.033167
6768.000000 129.000000 -7.730667 21.204667
6780.000000 129.000000 -8.858167 21.376167
6792.000000 129.000000 -9.985667 21.547667
6804.000000 129.000000 -11.113167 21.719167
6816.000000 129.000000 -12.240667 21.890667
6828.000000 129.000000 -13.368167 22.062167
6840.000000 129.000000 -14.495667 22.233667
6852.000000 129.000000 -15.623167 22.405167
6864.000000 129.000000 -16.750667 22.576667
6876.000000 129.000000 -17.878167 22.748167
6888.000000 129.000000 -19.005667 22.919667
6720.000000 130.000000 -10.233000 18.111000
6732.000000 130.000000 -10.176000 17.996000
6744.000000 130.000000 -10.176000 17.882000
6756.000000 130.000000 -10.119000 17.768000
6768.000000 130.000000 -10.119000 17.654000
6780.000000 130.000000 -10.061000 17.654000
6792.000000 130.000000 -10.061000 17.540000
6804.000000 130.000000 -10.318000 17.540000
6816.000000 130.000000 -9.995500 17.194833
6828.000000 130.000000 -9.967000 17.080333
6840.000000 130.000000 -9.938500 16.965833
6852.000000 130.000000 -9.910000 16.851333
6864.000000 130.000000 -9.881500 16.736833
6876.000000 130.000000 -9.853000 16.622333
6888.000000 130.000000 -9.824500 16.507833
6900.000000 130.000000 -9.796000 16.393333
6912.000000 130.000000 -9.767500 16.278833
6924.000000 130.000000 -9.739000 16.164333
6936.000000 130.000000 -9.710500 16.049833
6948.000000 130.000000 -9.682000 15.935333
6756.000000 10.000000 3.625000 18.924000
6768.000000 10.000000 3.882000 18.924000
6780.000000 10.000000 4.139000 18.924000
6792.000000 10.000000 3.967000 18.924000
6804.000000 10.000000 3.711000 18.924000
6816.000000 10.000000 3.397000 18.924000
6828.000000 10.000000 3.140000 18.924000
6840.000000 10.000000 2.826000 18.810000
6852.000000 10.000000 5.681000 18.924000
6864.000000 10.000000 5.938000 18.924000
6876.000000 10.000000 6.195000 18.924000
6888.000000 10.000000 6.452000 18.924000
6900.000000 10.000000 6.709000 18.924000
6912.000000 10.000000 6.966000 18.924000
6924.000000 10.000000 7.223000 18.924000
6936.000000 10.000000 7.480000 18.924000
6948.000000 10.000000 7.737000 18.924000
6960.000000 10.000000 7.994000 18.924000
6972.000000 10.000000 8.251000 18.924000
6984.000000 10.000000 8.508000 18.924000
6780.000000 140.000000 -9.762000 18.981000
6792.000000 140.000000 -9.705000 18.981000
6804.000000 140.000000 -9.962000 18.867000
6816.000000 140.000000 -10.333000 18.867000
6828.000000 140.000000 -10.647000 18.867000
6840.000000 140.000000 -11.018000 18.753000
6852.000000 140.000000 -11.374000 18.753000
6864.000000 140.000000 -11.731000 18.639000
6876.000000 140.000000 -10.509667 18.544000
6888.000000 140.000000 -10.609667 18.487000
6900.000000 140.000000 -10.709667 18.430000
6912.000000 140.000000 -10.809667 18.373000
6924.000000 140.000000 -10.909667 18.316000
6936.000000 140.000000 -11.009667 18.259000
6948.000000 140.000000 -11.109667 18.202000
6960.000000 140.000000 -11.209667 18.145000
6972.000000 140.000000 -11.309667 18.088000
6984.000000 140.000000 -11.409667 18.031000
6996.000000 140.000000 -11.509667 17.974000
7008.000000 140.000000 -11.609667 17.917000
6840.000000 159.000000 -12.902000 17.083000
6852.000000 159.000000 -13.215000 17.083000
6864.000000 159.000000 -13.572000 17.083000
6876.000000 159.000000 -13.901000 17.083000
6888.000000 159.000000 -14.257000 17.083000
6900.000000 159.000000 -14.628000 17.083000
6912.000000 159.000000 -14.942000 17.083000
6924.000000 159.000000 -15.299000 17.083000
6936.000000 159.000000 -15.574667 17.083000
6948.000000 159.000000 -15.909667 17.083000
6960.000000 159.000000 -16.244667 17.083000
6972.000000 159.000000 -16.579667 17.083000
6984.000000 159.000000 -16.914667 17.083000
6996.000000 159.000000 -17.249667 17.083000
7008.000000 159.000000 -17.584667 17.083000
7020.000000 159.000000 -17.919667 17.083000
7032.000000 159.000000 -18.254667 17.083000
7044.000000 159.000000 -18.589667 17.083000
7056.000000 159.000000 -18.924667 17.083000
7068.000000 159.000000 -19.259667 17.083000
6996.000000 11.000000 -0.942000 18.567000
7008.000000 11.000000 -1.227000 18.510000
7020.000000 11.000000 -1.541000 18.510000
7032.000000 11.000000 -1.855000 18.510000
7044.000000 11.000000 -2.141000 18.567000
7056.000000 11.000000 -2.469000 18.567000
7068.000000 11.000000 -2.811000 18.624000
7080.000000 11.000000 -3.125000 18.624000
7092.000000 11.000000 -3.333167 18.329500
7104.000000 11.000000 -3.632667 18.301000
7116.000000 11.000000 -3.932167 18.272500
7128.000000 11.000000 -4.231667 18.244000
7140.000000 11.000000 -4.531167 18.215500
7152.000000 11.000000 -4.830667 18.187000
7164.000000 11.000000 -5.130167 18.158500
7176.000000 11.000000 -5.429667 18.130000
7188.000000 11.000000 -5.729167 18.101500
7200.000000 11.000000 -6.028667 18.073000
7212.000000 11.000000 -6.328167 18.044500
7224.000000 11.000000 -6.627667 18.016000
7140.000000 23.000000 15.713000 21.350000
7152.000000 23.000000 15.199000 21.008000
7164.000000 23.000000 14.671000 20.779000
7176.000000 23.000000 14.143000 20.437000
7188.000000 23.000000 13.672000 20.194000
7200.000000 23.000000 13.144000 19.966000
7212.000000 23.000000 12.630000 19.623000
7224.000000 23.000000 12.159000 19.381000
7236.000000 23.000000 11.547333 19.047167
7248.000000 23.000000 11.026333 18.761667
7260.000000 23.000000 10.505333 18.476167
7272.000000 23.000000 9.984333 18.190667
7284.000000 23.000000 9.463333 17.905167
7296.000000 23.000000 8.942333 17.619667
7308.000000 23.000000 8.421333 17.334167
7320.000000 23.000000 7.900333 17.048667
7332.000000 23.000000 7.379333 16.763167
7344.000000 23.000000 6.858333 16.477667
7356.000000 23.000000 6.337333 16.192167
7368.000000 23.000000 5.816333 15.906667
7236.000000 12.000000 -7.150000 18.924000
7248.000000 12.000000 -7.478000 18.924000
7260.000000 12.000000 -7.792000 18.924000
7272.000000 12.000000 -8.106000 18.981000
7284.000000 12.000000 -8.420000 18.981000
7296.000000 12.000000 -8.706000 19.038000
7308.000000 12.000000 -9.048000 19.038000
7320.000000 12.000000 -9.362000 19.038000
7332.000000 12.000000 -9.720333 18.924000
7344.000000 12.000000 -10.041333 18.924000
7356.000000 12.000000 -10.362333 18.924000
7368.000000 12.000000 -10.683333 18.924000
7380.000000 12.000000 -11.004333 18.924000
7392.000000 12.000000 -11.325333 18.924000
7404.000000 12.000000 -11.646333 18.924000
7416.000000 12.000000 -11.967333 18.924000
7428.000000 12.000000 -12.288333 18.924000
7440.000000 12.000000 -12.609333 18.924000
7452.000000 12.000000 -12.930333 18.924000
7464.000000 12.000000 -13.251333 18.924000
7380.000000 24.000000 4.082000 18.696000
7392.000000 24.000000 3.454000 18.696000
7404.000000 24.000000 2.783000 18.696000
7416.000000 24.000000 2.141000 18.696000
7428.000000 24.000000 1.513000 18.696000
7440.000000 24.000000 0.885000 18.696000
7452.000000 24.000000 0.214000 18.696000
7464.000000 24.000000 -0.414000 18.696000
7476.000000 24.000000 -1.106833 18.696000
7488.000000 24.000000 -1.756333 18.696000
7500.000000 24.000000 -2.405833 18.696000
7512.000000 24.000000 -3.055333 18.696000
7524.000000 24.000000 -3.704833 18.696000
7536.000000 24.000000 -4.354333 18.696000
7548.000000 24.000000 -5.003833 18.696000
7560.000000 24.000000 -5.653333 18.696000
7572.000000 24.000000 -6.302833 18.696000
7584.000000 24.000000 -6.952333 18.696000
7596.000000 24.000000 -7.601833 18.696000
7608.000000 24.000000 -8.251333 18.696000
7476.000000 13.000000 -13.401000 19.324000
7488.000000 13.000000 -13.715000 19.324000
7500.000000 13.000000 -13.744000 19.381000
7512.000000 13.000000 -14.257000 19.152000
7524.000000 13.000000 -14.728000 18.924000
7536.000000 13.000000 -15.256000 18.739000
7548.000000 13.000000 -15.656000 18.624000
7560.000000 13.000000 -16.013000 18.624000
7572.000000 13.000000 -14.820500 19.542500
7584.000000 13.000000 -14.992000 19.571000
7596.000000 13.000000 -15.163500 19.599500
7608.000000 13.000000 -15.335000 19.628000
7620.000000 13.000000 -15.506500 19.656500
7632.000000 13.000000 -15.678000 19.685000
7644.000000 13.000000 -15.849500 19.713500
7656.000000 13.000000 -16.021000 19.742000
7668.000000 13.000000 -16.192500 19.770500
7680.000000 13.000000 -16.364000 19.799000
7692.000000 13.000000 -16.535500 19.827500
7704.000000 13.000000 -16.707000 19.856000
7620.000000 38.000000 2.740000 38.576000
7632.000000 38.000000 3.054000 38.119000
7644.000000 38.000000 3.425000 37.891000
7656.000000 38.000000 3.768000 37.663000
7668.000000 38.000000 4.110000 37.377000
7680.000000 38.000000 4.481000 37.092000
7692.000000 38.000000 4.852000 36.863000
7704.000000 38.000000 5.209000 36.549000
7716.000000 38.000000 5.470500 35.797833
7728.000000 38.000000 5.813000 35.455333
7740.000000 38.000000 6.155500 35.112833
7752.000000 38.000000 6.498000 34.770333
7764.000000 38.000000 6.840500 34.427833
7776.000000 38.000000 7.183000 34.085333
7788.000000 38.000000 7.525500 33.742833
7800.000000 38.000000 7.868000 33.400333
7812.000000 38.000000 8.210500 33.057833
7824.000000 38.000000 8.553000 32.715333
7836.000000 38.000000 8.895500 32.372833
7848.000000 38.000000 9.238000 32.030333
7716.000000 14.000000 -19.752000 19.110000
7728.000000 14.000000 -19.809000 19.110000
7740.000000 14.000000 -19.837000 19.109000
7752.000000 14.000000 -19.827000 19.104000
7764.000000 14.000000 -19.818000 19.099000
7776.000000 14.000000 -19.809000 19.094000
7788.000000 14.000000 -19.800000 19.089000
7800.000000 14.000000 -19.791000 19.083000
7812.000000 14.000000 -20.096833 19.106167
7824.000000 14.000000 -20.139333 19.105667
7836.000000 14.000000 -20.181833 19.105167
7848.000000 14.000000 -20.224333 19.104667
7860.000000 14.000000 -20.266833 19.104167
7872.000000 14.000000 -20.309333 19.103667
7884.000000 14.000000 -20.351833 19.103167
7896.000000 14.000000 -20.394333 19.102667
7908.000000 14.000000 -20.436833 19.102167
7920.000000 14.000000 -20.479333 19.101667
7932.000000 14.000000 -20.521833 19.101167
7944.000000 14.000000 -20.564333 19.100667
7860.000000 39.000000 9.962000 34.951000
7872.000000 39.000000 10.318000 34.951000
7884.000000 39.000000 10.746000 34.951000
7896.000000 39.000000 11.160000 34.951000
7908.000000 39.000000 11.574000 34.951000
7920.000000 39.000000 12.002000 34.951000
7932.000000 39.000000 12.416000 34.837000
7944.000000 39.000000 12.787000 34.837000
7956.000000 39.000000 13.086000 34.951000
7968.000000 39.000000 13.478000 34.951000
7980.000000 39.000000 13.870000 34.951000
7992.000000 39.000000 14.262000 34.951000
8004.000000 39.000000 14.654000 34.951000
8016.000000 39.000000 15.046000 34.951000
8028.000000 39.000000 15.438000 34.951000
8040.000000 39.000000 15.830000 34.951000
8052.000000 39.000000 16.222000 34.951000
8064.000000 39.000000 16.614000 34.951000
8076.000000 39.000000 17.006000 34.951000
8088.000000 39.000000 17.398000 34.951000
7956.000000 15.000000 -19.672000 19.016000
7968.000000 15.000000 -19.663000 19.011000
7980.000000 15.000000 -19.654000 19.005000
7992.000000 15.000000 -19.645000 19.000000
8004.000000 15.000000 -19.636000 18.995000
8016.000000 15.000000 -19.627000 18.990000
8028.000000 15.000000 -19.617000 18.985000
8040.000000 15.000000 -19.608000 18.980000
8052.000000 15.000000 -19.600000 18.972167
8064.000000 15.000000 -19.591000 18.966667
8076.000000 15.000000 -19.582000 18.961167
8088.000000 15.000000 -19.573000 18.955667
8100.000000 15.000000 -19.564000 18.950167
8112.000000 15.000000 -19.555000 18.944667
8124.000000 15.000000 -19.546000 18.939167
8136.000000 15.000000 -19.537000 18.933667
8148.000000 15.000000 -19.528000 18.928167
8160.000000 15.000000 -19.519000 18.922667
8172.000000 15.000000 -19.510000 18.917167
8184.000000 15.000000 -19.501000 18.911667
8004.000000 37.000000 11.003000 35.750000
8016.000000 37.000000 11.317000 35.750000
8028.000000 37.000000 11.631000 35.750000
8040.000000 37.000000 11.945000 35.636000
8052.000000 37.000000 12.202000 35.522000
8064.000000 37.000000 12.673000 35.522000
8076.000000 37.000000 13.158000 35.522000
8088.000000 37.000000 13.315000 35.522000
8100.000000 37.000000 13.515000 35.750000
8112.000000 37.000000 13.829000 35.750000
8124.000000 37.000000 14.143000 35.750000
8136.000000 37.000000 14.457000 35.750000
8148.000000 37.000000 14.771000 35.750000
8160.000000 37.000000 15.085000 35.750000
8172.000000 37.000000 15.399000 35.750000
8184.000000 37.000000 15.713000 35.750000
8196.000000 37.000000 16.027000 35.750000
8208.000000 37.000000 16.341000 35.750000
8220.000000 37.000000 16.655000 35.750000
8232.000000 37.000000 16.969000 35.750000
8052.000000 81.000000 16.555000 6.379000
8064.000000 81.000000 15.984000 6.379000
8076.000000 81.000000 15.413000 6.379000
8088.000000 81.000000 14.828000 6.379000
8100.000000 81.000000 14.243000 6.379000
8112.000000 81.000000 13.672000 6.379000
8124.000000 81.000000 13.101000 6.379000
8136.000000 81.000000 12.530000 6.379000
8148.000000 81.000000 11.987000 6.379000
8160.000000 81.000000 11.416000 6.379000
8172.000000 81.000000 10.845000 6.379000
8184.000000 81.000000 10.274000 6.379000
8196.000000 81.000000 9.703000 6.379000
8208.000000 81.000000 9.132000 6.379000
8220.000000 81.000000 8.561000 6.379000
8232.000000 81.000000 7.990000 6.379000
8244.000000 81.000000 7.419000 6.379000
8256.000000 81.000000 6.848000 6.379000
8268.000000 81.000000 6.277000 6.379000
8280.000000 81.000000 5.706000 6.379000
8196.000000 16.000000 -19.489000 18.912000
8208.000000 16.000000 -19.480000 18.907000
8220.000000 16.000000 -19.471000 18.902000
8232.000000 16.000000 -19.462000 18.897000
8244.000000 16.000000 -19.453000 18.892000
8256.000000 16.000000 -19.444000 18.886000
8268.000000 16.000000 -19.434000 18.881000
8280.000000 16.000000 -19.425000 18.876000
8292.000000 16.000000 -19.417000 18.872000
8304.000000 16.000000 -19.408000 18.867000
8316.000000 16.000000 -19.399000 18.862000
8328.000000 16.000000 -19.390000 18.857000
8340.000000 16.000000 -19.381000 18.852000
8352.000000 16.000000 -19.372000 18.847000
8364.000000 16.000000 -19.363000 18.842000
8376.000000 16.000000 -19.354000 18.837000
8388.000000 16.000000 -19.345000 18.832000
8400.000000 16.000000 -19.336000 18.827000
8412.000000 16.000000 -19.327000 18.822000
8424.000000 16.000000 -19.318000 18.817000
8292.000000 82.000000 4.767000 6.265000
8304.000000 82.000000 4.139000 6.265000
8316.000000 82.000000 3.511000 6.265000
8328.000000 82.000000 2.883000 6.265000
8340.000000 82.000000 2.312000 6.265000
8352.000000 82.000000 1.727000 6.265000
8364.000000 82.000000 1.142000 6.265000
8376.000000 82.000000 0.628000 6.379000
8388.000000 82.000000 -0.257000 6.265000
8400.000000 82.000000 -0.885000 6.265000
8412.000000 82.000000 -1.513000 6.265000
8424.000000 82.000000 -2.141000 6.265000
8436.000000 82.000000 -2.769000 6.265000
8448.000000 82.000000 -3.397000 6.265000
8460.000000 82.000000 -4.025000 6.265000
8472.000000 82.000000 -4.653000 6.265000
8484.000000 82.000000 -5.281000 6.265000
8496.000000 82.000000 -5.909000 6.265000
8508.000000 82.000000 -6.537000 6.265000
8520.000000 82.000000 -7.165000 6.265000
8436.000000 17.000000 -12.074000 19.224000
8448.000000 17.000000 -11.446000 19.224000
8460.000000 17.000000 -10.818000 19.224000
8472.000000 17.000000 -10.190000 19.224000
8484.000000 17.000000 -9.562000 19.224000
8496.000000 17.000000 -8.934000 19.224000
8508.000000 17.000000 -8.363000 19.053000
8520.000000 17.000000 -7.749000 18.867000
8532.000000 17.000000 -7.050000 19.224000
8544.000000 17.000000 -6.422000 19.224000
8556.000000 17.000000 -5.794000 19.224000
8568.000000 17.000000 -5.166000 19.224000
8580.000000 17.000000 -4.538000 19.224000
8592.000000 17.000000 -3.910000 19.224000
8604.000000 17.000000 -3.282000 19.224000
8616.000000 17.000000 -2.654000 19.224000
8628.000000 17.000000 -2.026000 19.224000
8640.000000 17.000000 -1.398000 19.224000
8652.000000 17.000000 -0.770000 19.224000
8664.000000 17.000000 -0.142000 19.224000
8532.000000 83.000000 -7.179000 6.551000
8544.000000 83.000000 -7.807000 6.322000
8556.000000 83.000000 -8.377000 5.980000
8568.000000 83.000000 -9.005000 5.923000
8580.000000 83.000000 -9.662000 5.980000
8592.000000 83.000000 -10.304000 6.037000
8604.000000 83.000000 -10.961000 6.094000
8616.000000 83.000000 -11.589000 6.037000
8628.000000 83.000000 -11.980667 4.285833
8640.000000 83.000000 -12.579667 4.000333
8652.000000 83.000000 -13.178667 3.714833
8664.000000 83.000000 -13.777667 3.429333
8676.000000 83.000000 -14.376667 3.143833
8688.000000 83.000000 -14.975667 2.858333
8700.000000 83.000000 -15.574667 2.572833
8712.000000 83.000000 -16.173667 2.287333
8724.000000 83.000000 -16.772667 2.001833
8736.000000 83.000000 -17.371667 1.716333
8748.000000 83.000000 -17.970667 1.430833
8760.000000 83.000000 -18.569667 1.145333
8676.000000 18.000000 0.271000 18.339000
8688.000000 18.000000 0.842000 18.339000
8700.000000 18.000000 1.470000 18.225000
8712.000000 18.000000 2.098000 18.225000
8724.000000 18.000000 2.669000 18.225000
8736.000000 18.000000 3.297000 18.339000
8748.000000 18.000000 3.868000 18.453000
8760.000000 18.000000 4.453000 18.567000
8772.000000 18.000000 5.057500 17.902000
8784.000000 18.000000 5.657000 17.845000
8796.000000 18.000000 6.256500 17.788000
8808.000000 18.000000 6.856000 17.731000
8820.000000 18.000000 7.455500 17.674000
8832.000000 18.000000 8.055000 17.617000
8844.000000 18.000000 8.654500 17.560000
8856.000000 18.000000 9.254000 17.503000
8868.000000 18.000000 9.853500 17.446000
8880.000000 18.000000 10.453000 17.389000
8892.000000 18.000000 11.052500 17.332000
8904.000000 18.000000 11.652000 17.275000
8820.000000 2.000000 16.113000 23.719000
8832.000000 2.000000 16.041000 22.906000
8844.000000 2.000000 15.956000 22.107000
8856.000000 2.000000 15.899000 21.365000
8868.000000 2.000000 15.827000 20.537000
8880.000000 2.000000 15.770000 19.852000
8892.000000 2.000000 15.456000 19.167000
8904.000000 2.000000 15.142000 18.453000
8916.000000 2.000000 15.487167 17.268667
8928.000000 2.000000 15.408667 16.462667
8940.000000 2.000000 15.330167 15.656667
8952.000000 2.000000 15.251667 14.850667
8964.000000 2.000000 15.173167 14.044667
8976.000000 2.000000 15.094667 13.238667
8988.000000 2.000000 15.016167 12.432667
9000.000000 2.000000 14.937667 11.626667
9012.000000 2.000000 14.859167 10.820667
9024.000000 2.000000 14.780667 10.014667
9036.000000 2.000000 14.702167 9.208667
9048.000000 2.000000 14.623667 8.402667
9060.000000 3.000000 11.060000 10.946000
9072.000000 3.000000 10.433000 10.375000
9084.000000 3.000000 9.862000 9.904000
9096.000000 3.000000 9.248000 9.319000
9108.000000 3.000000 8.663000 8.748000
9120.000000 3.000000 8.035000 8.178000
9132.000000 3.000000 10.147000 10.133000
9144.000000 3.000000 7.022000 7.407000
9156.000000 3.000000 6.258667 6.761333
9168.000000 3.000000 5.659667 6.240333
9180.000000 3.000000 5.060667 5.719333
9192.000000 3.000000 4.461667 5.198333
9204.000000 3.000000 3.862667 4.677333
9216.000000 3.000000 3.263667 4.156333
9228.000000 3.000000 2.664667 3.635333
9240.000000 3.000000 2.065667 3.114333
9252.000000 3.000000 1.466667 2.593333
9264.000000 3.000000 0.867667 2.072333
9276.000000 3.000000 0.268667 1.551333
9288.000000 3.000000 -0.330333 1.030333
9108.000000 19.000000 14.971000 7.350000
9120.000000 19.000000 14.172000 7.122000
9132.000000 19.000000 13.430000 7.007000
9144.000000 19.000000 12.802000 6.893000
9156.000000 19.000000 12.174000 6.665000
9168.000000 19.000000 11.603000 6.551000
9180.000000 19.000000 11.089000 6.436000
9192.000000 19.000000 10.547000 6.322000
9204.000000 19.000000 8.797500 5.959167
9216.000000 19.000000 8.027000 5.787667
9228.000000 19.000000 7.256500 5.616167
9240.000000 19.000000 6.486000 5.444667
9252.000000 19.000000 5.715500 5.273167
9264.000000 19.000000 4.945000 5.101667
9276.000000 19.000000 4.174500 4.930167
9288.000000 19.000000 3.404000 4.758667
9300.000000 19.000000 2.633500 4.587167
9312.000000 19.000000 1.863000 4.415667
9324.000000 19.000000 1.092500 4.244167
9336.000000 19.000000 0.322000 4.072667
9300.000000 4.000000 0.842000 -1.727000
9312.000000 4.000000 0.842000 -1.727000
9324.000000 4.000000 0.842000 -1.727000
9336.000000 4.000000 0.842000 -1.727000
9348.000000 4.000000 0.842000 -1.727000
9360.000000 4.000000 0.842000 -1.727000
9372.000000 4.000000 0.842000 -1.727000
9384.000000 4.000000 0.842000 -1.727000
9396.000000 4.000000 0.842000 -1.727000
9408.000000 4.000000 0.842000 -1.727000
9420.000000 4.000000 0.842000 -1.727000
9432.000000 4.000000 0.842000 -1.727000
9444.000000 4.000000 0.842000 -1.727000
9456.000000 4.000000 0.842000 -1.727000
9468.000000 4.000000 0.842000 -1.727000
9480.000000 4.000000 0.842000 -1.727000
9492.000000 4.000000 0.842000 -1.727000
9504.000000 4.000000 0.842000 -1.727000
9516.000000 4.000000 0.842000 -1.727000
9528.000000 4.000000 0.842000 -1.727000
9456.000000 27.000000 -18.867000 18.054000
9468.000000 27.000000 -18.239000 18.111000
9480.000000 27.000000 -17.611000 18.225000
9492.000000 27.000000 -17.083000 18.168000
9504.000000 27.000000 -16.569000 18.054000
9516.000000 27.000000 -16.041000 17.939000
9528.000000 27.000000 -15.513000 17.768000
9540.000000 27.000000 -14.957000 17.711000
9552.000000 27.000000 -13.843000 18.728500
9564.000000 27.000000 -13.215000 18.814000
9576.000000 27.000000 -12.587000 18.899500
9588.000000 27.000000 -11.959000 18.985000
9600.000000 27.000000 -11.331000 19.070500
9612.000000 27.000000 -10.703000 19.156000
9624.000000 27.000000 -10.075000 19.241500
9636.000000 27.000000 -9.447000 19.327000
9648.000000 27.000000 -8.819000 19.412500
9660.000000 27.000000 -8.191000 19.498000
9672.000000 27.000000 -7.563000 19.583500
9684.000000 27.000000 -6.935000 19.669000
9456.000000 111.000000 -18.353000 17.197000
9468.000000 111.000000 -17.754000 17.197000
9480.000000 111.000000 -17.183000 17.197000
9492.000000 111.000000 -16.612000 17.083000
9504.000000 111.000000 -16.141000 16.840000
9516.000000 111.000000 -15.727000 16.840000
9528.000000 111.000000 -15.342000 16.726000
9540.000000 111.000000 -14.800000 16.840000
9552.000000 111.000000 -13.668333 17.197000
9564.000000 111.000000 -13.083333 17.197000
9576.000000 111.000000 -12.498333 17.197000
9588.000000 111.000000 -11.913333 17.197000
9600.000000 111.000000 -11.328333 17.197000
9612.000000 111.000000 -10.743333 17.197000
9624.000000 111.000000 -10.158333 17.197000
9636.000000 111.000000 -9.573333 17.197000
9648.000000 111.000000 -8.988333 17.197000
9660.000000 111.000000 -8.403333 17.197000
9672.000000 111.000000 -7.818333 17.197000
9684.000000 111.000000 -7.233333 17.197000
9696.000000 28.000000 -7.592000 17.996000
9708.000000 28.000000 -7.136000 17.996000
9720.000000 28.000000 -6.708000 17.996000
9732.000000 28.000000 -6.251000 18.111000
9744.000000 28.000000 -5.709000 18.111000
9756.000000 28.000000 -5.195000 18.111000
9768.000000 28.000000 -4.710000 18.111000
9780.000000 28.000000 -4.196000 18.111000
9792.000000 28.000000 -4.051333 17.996000
9804.000000 28.000000 -3.609333 17.996000
9816.000000 28.000000 -3.167333 17.996000
9828.000000 28.000000 -2.725333 17.996000
9840.000000 28.000000 -2.283333 17.996000
9852.000000 28.000000 -1.841333 17.996000
9864.000000 28.000000 -1.399333 17.996000
9876.000000 28.000000 -0.957333 17.996000
9888.000000 28.000000 -0.515333 17.996000
9900.000000 28.000000 -0.073333 17.996000
9912.000000 28.000000 0.368667 17.996000
9924.000000 28.000000 0.810667 17.996000
9696.000000 112.000000 -7.407000 16.969000
9708.000000 112.000000 -6.950000 16.840000
9720.000000 112.000000 -6.522000 16.840000
9732.000000 112.000000 -6.108000 16.840000
9744.000000 112.000000 -5.751000 16.969000
9756.000000 112.000000 -5.380000 16.969000
9768.000000 112.000000 -4.895000 17.083000
9780.000000 112.000000 -4.324000 17.083000
9792.000000 112.000000 -3.862167 16.431500
9804.000000 112.000000 -3.419667 16.367000
9816.000000 112.000000 -2.977167 16.302500
9828.000000 112.000000 -2.534667 16.238000
9840.000000 112.000000 -2.092167 16.173500
9852.000000 112.000000 -1.649667 16.109000
9864.000000 112.000000 -1.207167 16.044500
9876.000000 112.000000 -0.764667 15.980000
9888.000000 112.000000 -0.322167 15.915500
9900.000000 112.000000 0.120333 15.851000
9912.000000 112.000000 0.562833 15.786500
9924.000000 112.000000 1.005333 15.722000
9936.000000 29.000000 3.083000 18.111000
9948.000000 29.000000 3.397000 18.111000
9960.000000 29.000000 3.654000 18.111000
9972.000000 29.000000 4.139000 18.111000
9984.000000 29.000000 4.710000 18.111000
9996.000000 29.000000 5.338000 18.111000
10008.000000 29.000000 5.837000 17.939000
10020.000000 29.000000 6.294000 17.882000
10032.000000 29.000000 5.376500 18.111000
10044.000000 29.000000 5.662000 18.111000
10056.000000 29.000000 5.947500 18.111000
10068.000000 29.000000 6.233000 18.111000
10080.000000 29.000000 6.518500 18.111000
10092.000000 29.000000 6.804000 18.111000
10104.000000 29.000000 7.089500 18.111000
10116.000000 29.000000 7.375000 18.111000
10128.000000 29.000000 7.660500 18.111000
10140.000000 29.000000 7.946000 18.111000
10152.000000 29.000000 8.231500 18.111000
10164.000000 29.000000 8.517000 18.111000
9936.000000 113.000000 3.354000 17.197000
9948.000000 113.000000 3.668000 17.197000
9960.000000 113.000000 3.925000 17.197000
9972.000000 113.000000 4.353000 16.969000
9984.000000 113.000000 4.810000 16.840000
9996.000000 113.000000 5.181000 16.726000
10008.000000 113.000000 5.580000 16.726000
10020.000000 113.000000 6.194000 16.840000
10032.000000 113.000000 5.647500 17.197000
10044.000000 113.000000 5.933000 17.197000
10056.000000 113.000000 6.218500 17.197000
10068.000000 113.000000 6.504000 17.197000
10080.000000 113.000000 6.789500 17.197000
10092.000000 113.000000 7.075000 17.197000
10104.000000 113.000000 7.360500 17.197000
10116.000000 113.000000 7.646000 17.197000
10128.000000 113.000000 7.931500 17.197000
10140.000000 113.000000 8.217000 17.197000
10152.000000 113.000000 8.502500 17.197000
10164.000000 113.000000 8.788000 17.197000
10308.000000 144.000000 -20.180000 19.252000
10320.000000 144.000000 -19.837000 18.339000
10332.000000 144.000000 -19.566000 18.396000
10344.000000 144.000000 -19.295000 18.510000
10356.000000 144.000000 -18.838000 18.739000
10368.000000 144.000000 -18.325000 18.739000
10380.000000 144.000000 -17.740000 18.739000
10392.000000 144.000000 -17.169000 18.739000
10404.000000 144.000000 -17.712000 15.666333
10416.000000 144.000000 -17.405000 15.238333
10428.000000 144.000000 -17.098000 14.810333
10440.000000 144.000000 -16.791000 14.382333
10452.000000 144.000000 -16.484000 13.954333
10464.000000 144.000000 -16.177000 13.526333
10476.000000 144.000000 -15.870000 13.098333
10488.000000 144.000000 -15.563000 12.670333
10500.000000 144.000000 -15.256000 12.242333
10512.000000 144.000000 -14.949000 11.814333
10524.000000 144.000000 -14.642000 11.386333
10536.000000 144.000000 -14.335000 10.958333
10452.000000 75.000000 -20.094000 18.054000
10464.000000 75.000000 -19.880000 18.168000
10476.000000 75.000000 -19.595000 18.111000
10488.000000 75.000000 -19.181000 18.054000
10500.000000 75.000000 -18.582000 18.054000
10512.000000 75.000000 -18.068000 17.996000
10524.000000 75.000000 -17.483000 18.054000
10536.000000 75.000000 -16.912000 18.111000
10548.000000 75.000000 -18.109833 18.310500
10560.000000 75.000000 -17.860333 18.339000
10572.000000 75.000000 -17.610833 18.367500
10584.000000 75.000000 -17.361333 18.396000
10596.000000 75.000000 -17.111833 18.424500
10608.000000 75.000000 -16.862333 18.453000
10620.000000 75.000000 -16.612833 18.481500
10632.000000 75.000000 -16.363333 18.510000
10644.000000 75.000000 -16.113833 18.538500
10656.000000 75.000000 -15.864333 18.567000
10668.000000 75.000000 -15.614833 18.595500
10680.000000 75.000000 -15.365333 18.624000
10548.000000 145.000000 -9.933000 17.825000
10560.000000 145.000000 -9.462000 17.711000
10572.000000 145.000000 -8.963000 17.597000
10584.000000 145.000000 -8.520000 17.311000
10596.000000 145.000000 -8.106000 16.840000
10608.000000 145.000000 -7.735000 16.270000
10620.000000 145.000000 -7.307000 15.799000
10632.000000 145.000000 -6.936000 15.342000
10644.000000 145.000000 -6.057667 16.913000
10656.000000 145.000000 -5.572667 16.799000
10668.000000 145.000000 -5.087667 16.685000
10680.000000 145.000000 -4.602667 16.571000
10692.000000 145.000000 -4.117667 16.457000
10704.000000 145.000000 -3.632667 16.343000
10716.000000 145.000000 -3.147667 16.229000
10728.000000 145.000000 -2.662667 16.115000
10740.000000 145.000000 -2.177667 16.001000
10752.000000 145.000000 -1.692667 15.887000
10764.000000 145.000000 -1.207667 15.773000
10776.000000 145.000000 -0.722667 15.659000
10692.000000 76.000000 -9.676000 18.168000
10704.000000 76.000000 -9.091000 18.168000
10716.000000 76.000000 -8.520000 18.054000
10728.000000 76.000000 -7.935000 17.939000
10740.000000 76.000000 -7.364000 17.825000
10752.000000 76.000000 -6.836000 17.711000
10764.000000 76.000000 -6.265000 17.711000
10776.000000 76.000000 -5.737000 17.711000
10788.000000 76.000000 -5.049667 17.731000
10800.000000 76.000000 -4.471667 17.674000
10812.000000 76.000000 -3.893667 17.617000
10824.000000 76.000000 -3.315667 17.560000
10836.000000 76.000000 -2.737667 17.503000
10848.000000 76.000000 -2.159667 17.446000
10860.000000 76.000000 -1.581667 17.389000
10872.000000 76.000000 -1.003667 17.332000
10884.000000 76.000000 -0.425667 17.275000
10896.000000 76.000000 0.152333 17.218000
10908.000000 76.000000 0.730333 17.161000
10920.000000 76.000000 1.308333 17.104000
10788.000000 146.000000 -2.655000 8.977000
10800.000000 146.000000 -2.226000 8.520000
10812.000000 146.000000 -1.798000 8.049000
10824.000000 146.000000 -1.342000 7.707000
10836.000000 146.000000 -0.813000 7.592000
10848.000000 146.000000 -0.228000 7.364000
10860.000000 146.000000 0.285000 7.236000
10872.000000 146.000000 0.856000 7.122000
10884.000000 146.000000 0.773167 5.267333
10896.000000 146.000000 1.201667 4.803333
10908.000000 146.000000 1.630167 4.339333
10920.000000 146.000000 2.058667 3.875333
10932.000000 146.000000 2.487167 3.411333
10944.000000 146.000000 2.915667 2.947333
10956.000000 146.000000 3.344167 2.483333
10968.000000 146.000000 3.772667 2.019333
10980.000000 146.000000 4.201167 1.555333
10992.000000 146.000000 4.629667 1.091333
11004.000000 146.000000 5.058167 0.627333
11016.000000 146.000000 5.486667 0.163333
10932.000000 77.000000 1.912000 18.282000
10944.000000 77.000000 2.483000 18.282000
10956.000000 77.000000 3.068000 18.168000
10968.000000 77.000000 3.582000 18.054000
10980.000000 77.000000 4.167000 18.054000
10992.000000 77.000000 4.738000 17.939000
11004.000000 77.000000 5.338000 17.882000
11016.000000 77.000000 5.980000 17.825000
11028.000000 77.000000 6.533667 17.845000
11040.000000 77.000000 7.111667 17.788000
11052.000000 77.000000 7.689667 17.731000
11064.000000 77.000000 8.267667 17.674000
11076.000000 77.000000 8.845667 17.617000
11088.000000 77.000000 9.423667 17.560000
11100.000000 77.000000 10.001667 17.503000
11112.000000 77.000000 10.579667 17.446000
11124.000000 77.000000 11.157667 17.389000
11136.000000 77.000000 11.735667 17.332000
11148.000000 77.000000 12.313667 17.275000
11160.000000 77.000000 12.891667 17.218000
12072.000000 166.000000 16.427000 4.981000
12084.000000 166.000000 15.856000 4.981000
12096.000000 166.000000 15.328000 5.095000
12108.000000 166.000000 14.800000 5.095000
12120.000000 166.000000 14.229000 5.209000
12132.000000 166.000000 13.715000 5.209000
12144.000000 166.000000 13.116000 5.338000
12156.000000 166.000000 12.602000 5.338000
12168.000000 166.000000 12.023833 5.418000
12180.000000 166.000000 11.474333 5.475000
12192.000000 166.000000 10.924833 5.532000
12204.000000 166.000000 10.375333 5.589000
12216.000000 166.000000 9.825833 5.646000
12228.000000 166.000000 9.276333 5.703000
12240.000000 166.000000 8.726833 5.760000
12252.000000 166.000000 8.177333 5.817000
12264.000000 166.000000 7.627833 5.874000
12276.000000 166.000000 7.078333 5.931000
12288.000000 166.000000 6.528833 5.988000
12300.000000 166.000000 5.979333 6.045000
12312.000000 168.000000 3.211000 5.095000
12324.000000 168.000000 2.440000 5.095000
12336.000000 168.000000 1.641000 5.095000
12348.000000 168.000000 0.871000 5.095000
12360.000000 168.000000 0.071000 5.095000
12372.000000 168.000000 -0.699000 5.095000
12384.000000 168.000000 -1.499000 5.095000
12396.000000 168.000000 -2.269000 5.095000
12408.000000 168.000000 -3.064333 5.095000
12420.000000 168.000000 -3.849333 5.095000
12432.000000 168.000000 -4.634333 5.095000
12444.000000 168.000000 -5.419333 5.095000
12456.000000 168.000000 -6.204333 5.095000
12468.000000 168.000000 -6.989333 5.095000
12480.000000 168.000000 -7.774333 5.095000
12492.000000 168.000000 -8.559333 5.095000
12504.000000 168.000000 -9.344333 5.095000
12516.000000 168.000000 -10.129333 5.095000
12528.000000 168.000000 -10.914333 5.095000
12540.000000 168.000000 -11.699333 5.095000
12360.000000 121.000000 -19.495000 6.608000
12372.000000 121.000000 -19.081000 6.722000
12384.000000 121.000000 -18.610000 6.836000
12396.000000 121.000000 -18.139000 7.079000
12408.000000 121.000000 -17.711000 7.193000
12420.000000 121.000000 -17.254000 7.307000
12432.000000 121.000000 -16.769000 7.535000
12444.000000 121.000000 -16.255000 7.535000
12456.000000 121.000000 -15.964500 7.520000
12468.000000 121.000000 -15.522000 7.634000
12480.000000 121.000000 -15.079500 7.748000
12492.000000 121.000000 -14.637000 7.862000
12504.000000 121.000000 -14.194500 7.976000
12516.000000 121.000000 -13.752000 8.090000
12528.000000 121.000000 -13.309500 8.204000
12540.000000 121.000000 -12.867000 8.318000
12552.000000 121.000000 -12.424500 8.432000
12564.000000 121.000000 -11.982000 8.546000
12576.000000 121.000000 -11.539500 8.660000
12588.000000 121.000000 -11.097000 8.774000
12480.000000 45.000000 16.598000 6.950000
12492.000000 45.000000 16.369000 7.407000
12504.000000 45.000000 16.113000 7.992000
12516.000000 45.000000 15.799000 8.463000
12528.000000 45.000000 15.428000 8.920000
12540.000000 45.000000 15.085000 9.376000
12552.000000 45.000000 14.743000 9.847000
12564.000000 45.000000 14.371000 10.304000
12576.000000 45.000000 14.662500 11.096667
12588.000000 45.000000 14.420000 11.617667
12600.000000 45.000000 14.177500 12.138667
12612.000000 45.000000 13.935000 12.659667
12624.000000 45.000000 13.692500 13.180667
12636.000000 45.000000 13.450000 13.701667
12648.000000 45.000000 13.207500 14.222667
12660.000000 45.000000 12.965000 14.743667
12672.000000 45.000000 12.722500 15.264667
12684.000000 45.000000 12.480000 15.785667
12696.000000 45.000000 12.237500 16.306667
12708.000000 45.000000 11.995000 16.827667
12600.000000 122.000000 -6.750000 7.179000
12612.000000 122.000000 -5.809000 7.179000
12624.000000 122.000000 -4.867000 7.179000
12636.000000 122.000000 -4.096000 7.179000
12648.000000 122.000000 -3.468000 7.179000
12660.000000 122.000000 -2.840000 7.236000
12672.000000 122.000000 -2.212000 7.236000
12684.000000 122.000000 -1.627000 7.236000
12696.000000 122.000000 0.781833 7.179000
12708.000000 122.000000 1.723333 7.179000
12720.000000 122.000000 2.664833 7.179000
12732.000000 122.000000 3.606333 7.179000
12744.000000 122.000000 4.547833 7.179000
12756.000000 122.000000 5.489333 7.179000
12768.000000 122.000000 6.430833 7.179000
12780.000000 122.000000 7.372333 7.179000
12792.000000 122.000000 8.313833 7.179000
12804.000000 122.000000 9.255333 7.179000
12816.000000 122.000000 10.196833 7.179000
12828.000000 122.000000 11.138333 7.179000
12720.000000 46.000000 9.462000 16.270000
12732.000000 46.000000 8.991000 16.726000
12744.000000 46.000000 8.534000 17.197000
12756.000000 46.000000 8.121000 17.540000
12768.000000 46.000000 7.807000 17.768000
12780.000000 46.000000 7.493000 18.111000
12792.000000 46.000000 7.122000 18.339000
12804.000000 46.000000 6.808000 18.582000
12816.000000 46.000000 5.747667 19.975500
12828.000000 46.000000 5.283667 20.439000
12840.000000 46.000000 4.819667 20.902500
12852.000000 46.000000 4.355667 21.366000
12864.000000 46.000000 3.891667 21.829500
12876.000000 46.000000 3.427667 22.293000
12888.000000 46.000000 2.963667 22.756500
12900.000000 46.000000 2.499667 23.220000
12912.000000 46.000000 2.035667 23.683500
12924.000000 46.000000 1.571667 24.147000
12936.000000 46.000000 1.107667 24.610500
12948.000000 46.000000 0.643667 25.074000
12840.000000 123.000000 5.809000 6.665000
12852.000000 123.000000 6.379000 6.665000
12864.000000 123.000000 6.979000 6.665000
12876.000000 123.000000 7.550000 6.665000
12888.000000 123.000000 8.178000 6.665000
12900.000000 123.000000 8.748000 6.665000
12912.000000 123.000000 9.319000 6.665000
12924.000000 123.000000 9.890000 6.665000
12936.000000 123.000000 10.484000 6.665000
12948.000000 123.000000 11.069000 6.665000
12960.000000 123.000000 11.654000 6.665000
12972.000000 123.000000 12.239000 6.665000
12984.000000 123.000000 12.824000 6.665000
12996.000000 123.000000 13.409000 6.665000
13008.000000 123.000000 13.994000 6.665000
13020.000000 123.000000 14.579000 6.665000
13032.000000 123.000000 15.164000 6.665000
13044.000000 123.000000 15.749000 6.665000
13056.000000 123.000000 16.334000 6.665000
13068.000000 123.000000 16.919000 6.665000
12960.000000 47.000000 -0.457000 19.395000
12972.000000 47.000000 -1.028000 19.509000
12984.000000 47.000000 -1.627000 19.509000
12996.000000 47.000000 -2.198000 19.509000
13008.000000 47.000000 -2.797000 19.566000
13020.000000 47.000000 -3.468000 19.680000
13032.000000 47.000000 -4.124000 19.738000
13044.000000 47.000000 -4.767000 19.795000
13056.000000 47.000000 -5.132333 19.870000
13068.000000 47.000000 -5.717333 19.927000
13080.000000 47.000000 -6.302333 19.984000
13092.000000 47.000000 -6.887333 20.041000
13104.000000 47.000000 -7.472333 20.098000
13116.000000 47.000000 -8.057333 20.155000
13128.000000 47.000000 -8.642333 20.212000
13140.000000 47.000000 -9.227333 20.269000
13152.000000 47.000000 -9.812333 20.326000
13164.000000 47.000000 -10.397333 20.383000
13176.000000 47.000000 -10.982333 20.440000
13188.000000 47.000000 -11.567333 20.497000
13068.000000 167.000000 -19.466000 18.168000
13080.000000 167.000000 -17.797000 18.168000
13092.000000 167.000000 -16.070000 18.168000
13104.000000 167.000000 -14.386000 18.168000
13116.000000 167.000000 -12.659000 18.168000
13128.000000 167.000000 -10.932000 18.168000
13140.000000 167.000000 -9.305000 18.054000
13152.000000 167.000000 -7.778000 18.054000
13164.000000 167.000000 -5.891667 18.168000
13176.000000 167.000000 -4.193667 18.168000
13188.000000 167.000000 -2.495667 18.168000
13200.000000 167.000000 -0.797667 18.168000
13212.000000 167.000000 0.900333 18.168000
13224.000000 167.000000 2.598333 18.168000
13236.000000 167.000000 4.296333 18.168000
13248.000000 167.000000 5.994333 18.168000
13260.000000 167.000000 7.692333 18.168000
13272.000000 167.000000 9.390333 18.168000
13284.000000 167.000000 11.088333 18.168000
13296.000000 167.000000 12.786333 18.168000
13188.000000 51.000000 16.840000 31.826000
13200.000000 51.000000 16.798000 31.826000
13212.000000 51.000000 16.741000 31.826000
13224.000000 51.000000 16.641000 31.826000
13236.000000 51.000000 16.584000 31.826000
13248.000000 51.000000 16.526000 31.826000
13260.000000 51.000000 16.526000 31.940000
13272.000000 51.000000 16.526000 31.940000
13284.000000 51.000000 16.446500 31.826000
13296.000000 51.000000 16.397000 31.826000
13308.000000 51.000000 16.347500 31.826000
13320.000000 51.000000 16.298000 31.826000
13332.000000 51.000000 16.248500 31.826000
13344.000000 51.000000 16.199000 31.826000
13356.000000 51.000000 16.149500 31.826000
13368.000000 51.000000 16.100000 31.826000
13380.000000 51.000000 16.050500 31.826000
13392.000000 51.000000 16.001000 31.826000
13404.000000 51.000000 15.951500 31.826000
13416.000000 51.000000 15.902000 31.826000
13200.000000 48.000000 -12.331000 20.194000
13212.000000 48.000000 -12.902000 20.194000
13224.000000 48.000000 -13.472000 20.080000
13236.000000 48.000000 -14.043000 20.080000
13248.000000 48.000000 -14.614000 20.080000
13260.000000 48.000000 -15.213000 20.080000
13272.000000 48.000000 -15.784000 20.080000
13284.000000 48.000000 -16.355000 20.080000
13296.000000 48.000000 -16.895167 19.757000
13308.000000 48.000000 -17.465667 19.700000
13320.000000 48.000000 -18.036167 19.643000
13332.000000 48.000000 -18.606667 19.586000
13344.000000 48.000000 -19.177167 19.529000
13356.000000 48.000000 -19.747667 19.472000
13368.000000 48.000000 -20.318167 19.415000
13380.000000 48.000000 -20.888667 19.358000
13392.000000 48.000000 -21.459167 19.301000
13404.000000 48.000000 -22.029667 19.244000
13416.000000 48.000000 -22.600167 19.187000
13428.000000 48.000000 -23.170667 19.130000
13428.000000 52.000000 16.526000 31.940000
13440.000000 52.000000 16.526000 31.940000
13452.000000 52.000000 16.526000 31.940000
13464.000000 52.000000 16.526000 31.940000
13476.000000 52.000000 16.526000 31.940000
13488.000000 52.000000 16.526000 31.940000
13500.000000 52.000000 16.526000 31.940000
13512.000000 52.000000 16.484000 31.883000
13524.000000 52.000000 16.526000 31.940000
13536.000000 52.000000 16.526000 31.940000
13548.000000 52.000000 16.526000 31.940000
13560.000000 52.000000 16.526000 31.940000
13572.000000 52.000000 16.526000 31.940000
13584.000000 52.000000 16.526000 31.940000
13596.000000 52.000000 16.526000 31.940000
13608.000000 52.000000 16.526000 31.940000
13620.000000 52.000000 16.526000 31.940000
13632.000000 52.000000 16.526000 31.940000
13644.000000 52.000000 16.526000 31.940000
13656.000000 52.000000 16.526000 31.940000
13440.000000 49.000000 -19.568000 20.033000
13452.000000 49.000000 -19.546000 20.026000
13464.000000 49.000000 -19.524000 20.019000
13476.000000 49.000000 -19.503000 20.013000
13488.000000 49.000000 -19.481000 20.006000
13500.000000 49.000000 -19.459000 20.000000
13512.000000 49.000000 -19.438000 19.993000
13524.000000 49.000000 -19.416000 19.986000
13536.000000 49.000000 -19.392000 19.977000
13548.000000 49.000000 -19.370000 19.970000
13560.000000 49.000000 -19.348000 19.963000
13572.000000 49.000000 -19.326000 19.956000
13584.000000 49.000000 -19.304000 19.949000
13596.000000 49.000000 -19.282000 19.942000
13608.000000 49.000000 -19.260000 19.935000
13620.000000 49.000000 -19.238000 19.928000
13632.000000 49.000000 -19.216000 19.921000
13644.000000 49.000000 -19.194000 19.914000
13656.000000 49.000000 -19.172000 19.907000
13668.000000 49.000000 -19.150000 19.900000
13524.000000 42.000000 16.869000 28.301000
13536.000000 42.000000 16.741000 27.715000
13548.000000 42.000000 16.626000 27.130000
13560.000000 42.000000 16.512000 26.616000
13572.000000 42.000000 16.369000 26.046000
13584.000000 42.000000 16.270000 25.460000
13596.000000 42.000000 16.113000 24.875000
13608.000000 42.000000 15.984000 24.247000
13620.000000 42.000000 15.894833 23.616833
13632.000000 42.000000 15.773333 23.031333
13644.000000 42.000000 15.651833 22.445833
13656.000000 42.000000 15.530333 21.860333
13668.000000 42.000000 15.408833 21.274833
13680.000000 42.000000 15.287333 20.689333
13692.000000 42.000000 15.165833 20.103833
13704.000000 42.000000 15.044333 19.518333
13716.000000 42.000000 14.922833 18.932833
13728.000000 42.000000 14.801333 18.347333
13740.000000 42.000000 14.679833 17.761833
13752.000000 42.000000 14.558333 17.176333
13668.000000 53.000000 16.398000 31.868000
13680.000000 53.000000 16.398000 31.868000
13692.000000 53.000000 16.398000 31.868000
13704.000000 53.000000 16.369000 31.868000
13716.000000 53.000000 16.369000 31.868000
13728.000000 53.000000 16.369000 31.868000
13740.000000 53.000000 16.369000 31.868000
13752.000000 53.000000 16.341000 31.926000
13764.000000 53.000000 16.398000 31.868000
13776.000000 53.000000 16.398000 31.868000
13788.000000 53.000000 16.398000 31.868000
13800.000000 53.000000 16.398000 31.868000
13812.000000 53.000000 16.398000 31.868000
13824.000000 53.000000 16.398000 31.868000
13836.000000 53.000000 16.398000 31.868000
13848.000000 53.000000 16.398000 31.868000
13860.000000 53.000000 16.398000 31.868000
13872.000000 53.000000 16.398000 31.868000
13884.000000 53.000000 16.398000 31.868000
13896.000000 53.000000 16.398000 31.868000
13680.000000 50.000000 -19.134000 19.900000
13692.000000 50.000000 -19.112000 19.894000
13704.000000 50.000000 -19.090000 19.887000
13716.000000 50.000000 -19.069000 19.881000
13728.000000 50.000000 -19.047000 19.874000
13740.000000 50.000000 -19.025000 19.867000
13752.000000 50.000000 -19.003000 19.861000
13764.000000 50.000000 -18.982000 19.854000
13776.000000 50.000000 -18.958000 19.848167
13788.000000 50.000000 -18.936000 19.841667
13800.000000 50.000000 -18.914000 19.835167
13812.000000 50.000000 -18.892000 19.828667
13824.000000 50.000000 -18.870000 19.822167
13836.000000 50.000000 -18.848000 19.815667
13848.000000 50.000000 -18.826000 19.809167
13860.000000 50.000000 -18.804000 19.802667
13872.000000 50.000000 -18.782000 19.796167
13884.000000 50.000000 -18.760000 19.789667
13896.000000 50.000000 -18.738000 19.783167
13908.000000 50.000000 -18.716000 19.776667
13764.000000 43.000000 12.216000 17.426000
13776.000000 43.000000 11.474000 17.197000
13788.000000 43.000000 11.003000 16.855000
13800.000000 43.000000 10.475000 16.498000
13812.000000 43.000000 9.790000 16.255000
13824.000000 43.000000 9.162000 16.369000
13836.000000 43.000000 8.763000 15.913000
13848.000000 43.000000 8.335000 15.570000
13860.000000 43.000000 7.318833 15.160833
13872.000000 43.000000 6.712333 14.875333
13884.000000 43.000000 6.105833 14.589833
13896.000000 43.000000 5.499333 14.304333
13908.000000 43.000000 4.892833 14.018833
13920.000000 43.000000 4.286333 13.733333
13932.000000 43.000000 3.679833 13.447833
13944.000000 43.000000 3.073333 13.162333
13956.000000 43.000000 2.466833 12.876833
13968.000000 43.000000 1.860333 12.591333
13980.000000 43.000000 1.253833 12.305833
13992.000000 43.000000 0.647333 12.020333