0.000000 129.000000 13.101000 5.980000
12.000000 129.000000 12.359000 5.980000
24.000000 129.000000 11.631000 5.980000
36.000000 129.000000 10.903000 5.980000
48.000000 129.000000 10.161000 5.980000
60.000000 129.000000 9.476000 6.094000
72.000000 129.000000 8.691000 6.094000
84.000000 129.000000 7.906000 6.094000
96.000000 129.000000 7.218667 5.980000
108.000000 129.000000 6.483667 5.980000
120.000000 129.000000 5.748667 5.980000
132.000000 129.000000 5.013667 5.980000
144.000000 129.000000 4.278667 5.980000
156.000000 129.000000 3.543667 5.980000
168.000000 129.000000 2.808667 5.980000
180.000000 129.000000 2.073667 5.980000
192.000000 129.000000 1.338667 5.980000
204.000000 129.000000 0.603667 5.980000
216.000000 129.000000 -0.131333 5.980000
228.000000 129.000000 -0.866333 5.980000
0.000000 112.000000 -19.866000 18.696000
12.000000 112.000000 -19.866000 18.696000
24.000000 112.000000 -19.809000 18.696000
36.000000 112.000000 -19.766000 18.696000
48.000000 112.000000 -19.709000 18.696000
60.000000 112.000000 -19.652000 18.696000
72.000000 112.000000 -19.595000 18.696000
84.000000 112.000000 -19.595000 18.696000
96.000000 112.000000 -19.647500 18.696000
108.000000 112.000000 -19.619000 18.696000
120.000000 112.000000 -19.590500 18.696000
132.000000 112.000000 -19.562000 18.696000
144.000000 112.000000 -19.533500 18.696000
156.000000 112.000000 -19.505000 18.696000
168.000000 112.000000 -19.476500 18.696000
180.000000 112.000000 -19.448000 18.696000
192.000000 112.000000 -19.419500 18.696000
204.000000 112.000000 -19.391000 18.696000
216.000000 112.000000 -19.362500 18.696000
228.000000 112.000000 -19.334000 18.696000
60.000000 141.000000 -8.206000 27.844000
72.000000 141.000000 -8.649000 27.844000
84.000000 141.000000 -9.020000 28.072000
96.000000 141.000000 -9.376000 28.415000
108.000000 141.000000 -9.648000 28.301000
120.000000 141.000000 -9.862000 27.958000
132.000000 141.000000 -9.844000 27.958000
144.000000 141.000000 -9.823000 27.957000
156.000000 141.000000 -11.474000 28.718000
168.000000 141.000000 -11.881000 28.832000
180.000000 141.000000 -12.288000 28.946000
192.000000 141.000000 -12.695000 29.060000
204.000000 141.000000 -13.102000 29.174000
216.000000 141.000000 -13.509000 29.288000
228.000000 141.000000 -13.916000 29.402000
240.000000 141.000000 -14.323000 29.516000
252.000000 141.000000 -14.730000 29.630000
264.000000 141.000000 -15.137000 29.744000
276.000000 141.000000 -15.544000 29.858000
288.000000 141.000000 -15.951000 29.972000
60.000000 117.000000 -2.298000 34.238000
72.000000 117.000000 -2.412000 34.609000
84.000000 117.000000 -2.612000 34.837000
96.000000 117.000000 -2.840000 34.837000
108.000000 117.000000 -3.097000 34.951000
120.000000 117.000000 -3.297000 34.951000
132.000000 117.000000 -3.668000 34.951000
144.000000 117.000000 -4.196000 34.837000
156.000000 117.000000 -3.539667 36.657833
168.000000 117.000000 -3.696667 36.957333
180.000000 117.000000 -3.853667 37.256833
192.000000 117.000000 -4.010667 37.556333
204.000000 117.000000 -4.167667 37.855833
216.000000 117.000000 -4.324667 38.155333
228.000000 117.000000 -4.481667 38.454833
240.000000 117.000000 -4.638667 38.754333
252.000000 117.000000 -4.795667 39.053833
264.000000 117.000000 -4.952667 39.353333
276.000000 117.000000 -5.109667 39.652833
288.000000 117.000000 -5.266667 39.952333
108.000000 131.000000 16.312000 7.293000
120.000000 131.000000 15.670000 6.836000
132.000000 131.000000 15.042000 6.836000
144.000000 131.000000 14.414000 6.836000
156.000000 131.000000 13.786000 6.836000
168.000000 131.000000 13.201000 6.836000
180.000000 131.000000 12.573000 6.836000
192.000000 131.000000 11.945000 6.722000
204.000000 131.000000 11.229667 5.388833
216.000000 131.000000 10.594667 5.160333
228.000000 131.000000 9.959667 4.931833
240.000000 131.000000 9.324667 4.703333
252.000000 131.000000 8.689667 4.474833
264.000000 131.000000 8.054667 4.246333
276.000000 131.000000 7.419667 4.017833
288.000000 131.000000 6.784667 3.789333
300.000000 131.000000 6.149667 3.560833
312.000000 131.000000 5.514667 3.332333
324.000000 131.000000 4.879667 3.103833
336.000000 131.000000 4.244667 2.875333
240.000000 130.000000 -0.999000 6.436000
252.000000 130.000000 -1.727000 6.436000
264.000000 130.000000 -2.469000 6.436000
276.000000 130.000000 -3.197000 6.436000
288.000000 130.000000 -3.939000 6.436000
300.000000 130.000000 -4.667000 6.436000
312.000000 130.000000 -5.395000 6.436000
324.000000 130.000000 -6.194000 6.436000
336.000000 130.000000 -6.876667 6.436000
348.000000 130.000000 -7.611667 6.436000
360.000000 130.000000 -8.346667 6.436000
372.000000 130.000000 -9.081667 6.436000
384.000000 130.000000 -9.816667 6.436000
396.000000 130.000000 -10.551667 6.436000
408.000000 130.000000 -11.286667 6.436000
420.000000 130.000000 -12.021667 6.436000
432.000000 130.000000 -12.756667 6.436000
444.000000 130.000000 -13.491667 6.436000
456.000000 130.000000 -14.226667 6.436000
468.000000 130.000000 -14.961667 6.436000
240.000000 113.000000 -18.182000 18.422000
252.000000 113.000000 -18.239000 18.433000
264.000000 113.000000 -18.295000 18.444000
276.000000 113.000000 -18.352000 18.456000
288.000000 113.000000 -18.408000 18.467000
300.000000 113.000000 -18.465000 18.478000
312.000000 113.000000 -18.521000 18.490000
324.000000 113.000000 -18.578000 18.501000
336.000000 113.000000 -18.634167 18.510000
348.000000 113.000000 -18.690667 18.521000
360.000000 113.000000 -18.747167 18.532000
372.000000 113.000000 -18.803667 18.543000
384.000000 113.000000 -18.860167 18.554000
396.000000 113.000000 -18.916667 18.565000
408.000000 113.000000 -18.973167 18.576000
420.000000 113.000000 -19.029667 18.587000
432.000000 113.000000 -19.086167 18.598000
444.000000 113.000000 -19.142667 18.609000
456.000000 113.000000 -19.199167 18.620000
468.000000 113.000000 -19.255667 18.631000
300.000000 142.000000 -9.547000 27.952000
312.000000 142.000000 -9.526000 27.952000
324.000000 142.000000 -9.505000 27.951000
336.000000 142.000000 -9.483000 27.951000
348.000000 142.000000 -9.462000 27.951000
360.000000 142.000000 -9.441000 27.950000
372.000000 142.000000 -9.420000 27.950000
384.000000 142.000000 -9.399000 27.949000
396.000000 142.000000 -9.379000 27.948167
408.000000 142.000000 -9.358000 27.947667
420.000000 142.000000 -9.337000 27.947167
432.000000 142.000000 -9.316000 27.946667
444.000000 142.000000 -9.295000 27.946167
456.000000 142.000000 -9.274000 27.945667
468.000000 142.000000 -9.253000 27.945167
480.000000 142.000000 -9.232000 27.944667
492.000000 142.000000 -9.211000 27.944167
504.000000 142.000000 -9.190000 27.943667
516.000000 142.000000 -9.169000 27.943167
528.000000 142.000000 -9.148000 27.942667
300.000000 118.000000 -6.103000 34.750000
312.000000 118.000000 -5.914000 34.754000
324.000000 118.000000 -5.725000 34.759000
336.000000 118.000000 -5.537000 34.764000
348.000000 118.000000 -5.348000 34.768000
360.000000 118.000000 -5.159000 34.772000
372.000000 118.000000 -4.970000 34.777000
384.000000 118.000000 -4.782000 34.782000
396.000000 118.000000 -4.591000 34.785833
408.000000 118.000000 -4.402000 34.790333
420.000000 118.000000 -4.213000 34.794833
432.000000 118.000000 -4.024000 34.799333
444.000000 118.000000 -3.835000 34.803833
456.000000 118.000000 -3.646000 34.808333
468.000000 118.000000 -3.457000 34.812833
480.000000 118.000000 -3.268000 34.817333
492.000000 118.000000 -3.079000 34.821833
504.000000 118.000000 -2.890000 34.826333
516.000000 118.000000 -2.701000 34.830833
528.000000 118.000000 -2.512000 34.835333
348.000000 132.000000 3.825000 6.494000
360.000000 132.000000 3.197000 6.494000
372.000000 132.000000 2.512000 6.494000
384.000000 132.000000 1.827000 6.379000
396.000000 132.000000 1.156000 6.379000
408.000000 132.000000 0.471000 6.379000
420.000000 132.000000 -0.157000 6.251000
432.000000 132.000000 -0.842000 6.251000
444.000000 132.000000 -1.417500 6.494000
456.000000 132.000000 -2.074000 6.494000
468.000000 132.000000 -2.730500 6.494000
480.000000 132.000000 -3.387000 6.494000
492.000000 132.000000 -4.043500 6.494000
504.000000 132.000000 -4.700000 6.494000
516.000000 132.000000 -5.356500 6.494000
528.000000 132.000000 -6.013000 6.494000
540.000000 132.000000 -6.669500 6.494000
552.000000 132.000000 -7.326000 6.494000
564.000000 132.000000 -7.982500 6.494000
576.000000 132.000000 -8.639000 6.494000
528.000000 139.000000 -14.928000 38.176000
540.000000 139.000000 -15.313000 38.348000
552.000000 139.000000 -15.513000 38.633000
564.000000 139.000000 -15.456000 38.633000
576.000000 139.000000 -15.413000 38.633000
588.000000 139.000000 -15.356000 38.633000
600.000000 139.000000 -15.256000 38.690000
612.000000 139.000000 -15.313000 38.690000
624.000000 139.000000 -17.298833 39.985167
636.000000 139.000000 -17.591333 40.213667
648.000000 139.000000 -17.883833 40.442167
660.000000 139.000000 -18.176333 40.670667
672.000000 139.000000 -18.468833 40.899167
684.000000 139.000000 -18.761333 41.127667
696.000000 139.000000 -19.053833 41.356167
708.000000 139.000000 -19.346333 41.584667
720.000000 139.000000 -19.638833 41.813167
732.000000 139.000000 -19.931333 42.041667
744.000000 139.000000 -20.223833 42.270167
756.000000 139.000000 -20.516333 42.498667
768.000000 140.000000 -15.570000 38.774000
780.000000 140.000000 -15.570000 38.776000
792.000000 140.000000 -15.570000 38.778000
804.000000 140.000000 -15.570000 38.780000
816.000000 140.000000 -15.570000 38.782000
828.000000 140.000000 -15.570000 38.784000
840.000000 140.000000 -15.570000 38.786000
852.000000 140.000000 -15.570000 38.788000
864.000000 140.000000 -15.570000 38.790000
876.000000 140.000000 -15.570000 38.792000
888.000000 140.000000 -15.570000 38.794000
900.000000 140.000000 -15.570000 38.796000
912.000000 140.000000 -15.570000 38.798000
924.000000 140.000000 -15.570000 38.800000
936.000000 140.000000 -15.570000 38.802000
948.000000 140.000000 -15.570000 38.804000
960.000000 140.000000 -15.570000 38.806000
972.000000 140.000000 -15.570000 38.808000
984.000000 140.000000 -15.570000 38.810000
996.000000 140.000000 -15.570000 38.812000
1416.000000 160.000000 -15.913000 18.753000
1428.000000 160.000000 -16.484000 18.753000
1440.000000 160.000000 -17.055000 18.753000
1452.000000 160.000000 -17.640000 18.753000
1464.000000 160.000000 -18.196000 18.810000
1476.000000 160.000000 -18.767000 18.810000
1488.000000 160.000000 -19.338000 18.810000
1500.000000 160.000000 -19.809000 18.810000
1512.000000 160.000000 -20.481000 18.753000
1524.000000 160.000000 -21.052000 18.753000
1536.000000 160.000000 -21.623000 18.753000
1548.000000 160.000000 -22.194000 18.753000
1560.000000 160.000000 -22.765000 18.753000
1572.000000 160.000000 -23.336000 18.753000
1584.000000 160.000000 -23.907000 18.753000
1596.000000 160.000000 -24.478000 18.753000
1608.000000 160.000000 -25.049000 18.753000
1620.000000 160.000000 -25.620000 18.753000
1632.000000 160.000000 -26.191000 18.753000
1644.000000 160.000000 -26.762000 18.753000
1524.000000 5.000000 12.944000 5.209000
1536.000000 5.000000 12.473000 5.209000
1548.000000 5.000000 11.945000 5.323000
1560.000000 5.000000 11.417000 5.323000
1572.000000 5.000000 10.946000 5.452000
1584.000000 5.000000 10.433000 5.452000
1596.000000 5.000000 9.904000 5.566000
1608.000000 5.000000 9.434000 5.566000
1620.000000 5.000000 8.957500 5.646000
1632.000000 5.000000 8.458000 5.703000
1644.000000 5.000000 7.958500 5.760000
1656.000000 5.000000 7.459000 5.817000
1668.000000 5.000000 6.959500 5.874000
1680.000000 5.000000 6.460000 5.931000
1692.000000 5.000000 5.960500 5.988000
1704.000000 5.000000 5.461000 6.045000
1716.000000 5.000000 4.961500 6.102000
1728.000000 5.000000 4.462000 6.159000
1740.000000 5.000000 3.962500 6.216000
1752.000000 5.000000 3.463000 6.273000
1656.000000 161.000000 -19.937000 18.225000
1668.000000 161.000000 -19.966000 18.225000
1680.000000 161.000000 -19.966000 18.168000
1692.000000 161.000000 -19.966000 18.168000
1704.000000 161.000000 -19.994000 18.111000
1716.000000 161.000000 -19.994000 18.054000
1728.000000 161.000000 -19.994000 18.054000
1740.000000 161.000000 -20.009000 17.996000
1752.000000 161.000000 -20.057833 18.006500
1764.000000 161.000000 -20.072333 17.978000
1776.000000 161.000000 -20.086833 17.949500
1788.000000 161.000000 -20.101333 17.921000
1800.000000 161.000000 -20.115833 17.892500
1812.000000 161.000000 -20.130333 17.864000
1824.000000 161.000000 -20.144833 17.835500
1836.000000 161.000000 -20.159333 17.807000
1848.000000 161.000000 -20.173833 17.778500
1860.000000 161.000000 -20.188333 17.750000
1872.000000 161.000000 -20.202833 17.721500
1884.000000 161.000000 -20.217333 17.693000
1764.000000 6.000000 3.083000 5.694000
1776.000000 6.000000 2.569000 5.694000
1788.000000 6.000000 2.041000 5.694000
1800.000000 6.000000 1.513000 5.694000
1812.000000 6.000000 0.999000 5.694000
1824.000000 6.000000 0.471000 5.694000
1836.000000 6.000000 -0.057000 5.694000
1848.000000 6.000000 -0.571000 5.694000
1860.000000 6.000000 -1.082667 5.694000
1872.000000 6.000000 -1.603667 5.694000
1884.000000 6.000000 -2.124667 5.694000
1896.000000 6.000000 -2.645667 5.694000
1908.000000 6.000000 -3.166667 5.694000
1920.000000 6.000000 -3.687667 5.694000
1932.000000 6.000000 -4.208667 5.694000
1944.000000 6.000000 -4.729667 5.694000
1956.000000 6.000000 -5.250667 5.694000
1968.000000 6.000000 -5.771667 5.694000
1980.000000 6.000000 -6.292667 5.694000
1992.000000 6.000000 -6.813667 5.694000
2004.000000 7.000000 -7.635000 5.623000
2016.000000 7.000000 -8.063000 5.680000
2028.000000 7.000000 -8.520000 5.680000
2040.000000 7.000000 -8.977000 5.623000
2052.000000 7.000000 -9.405000 5.680000
2064.000000 7.000000 -9.862000 5.680000
2076.000000 7.000000 -10.375000 5.623000
2088.000000 7.000000 -10.961000 5.623000
2100.000000 7.000000 -11.170167 5.860500
2112.000000 7.000000 -11.612667 5.889000
2124.000000 7.000000 -12.055167 5.917500
2136.000000 7.000000 -12.497667 5.946000
2148.000000 7.000000 -12.940167 5.974500
2160.000000 7.000000 -13.382667 6.003000
2172.000000 7.000000 -13.825167 6.031500
2184.000000 7.000000 -14.267667 6.060000
2196.000000 7.000000 -14.710167 6.088500
2208.000000 7.000000 -15.152667 6.117000
2220.000000 7.000000 -15.595167 6.145500
2232.000000 7.000000 -16.037667 6.174000
2052.000000 8.000000 -0.257000 17.540000
2064.000000 8.000000 -0.942000 17.540000
2076.000000 8.000000 -1.570000 17.426000
2088.000000 8.000000 -2.198000 17.426000
2100.000000 8.000000 -2.826000 17.426000
2112.000000 8.000000 -3.454000 17.311000
2124.000000 8.000000 -4.039000 17.311000
2136.000000 8.000000 -4.667000 17.311000
2148.000000 8.000000 -5.518500 17.103000
2160.000000 8.000000 -6.175000 17.046000
2172.000000 8.000000 -6.831500 16.989000
2184.000000 8.000000 -7.488000 16.932000
2196.000000 8.000000 -8.144500 16.875000
2208.000000 8.000000 -8.801000 16.818000
2220.000000 8.000000 -9.457500 16.761000
2232.000000 8.000000 -10.114000 16.704000
2244.000000 8.000000 -10.770500 16.647000
2256.000000 8.000000 -11.427000 16.590000
2268.000000 8.000000 -12.083500 16.533000
2280.000000 8.000000 -12.740000 16.476000
3228.000000 37.000000 -0.542000 17.254000
3240.000000 37.000000 -0.114000 16.798000
3252.000000 37.000000 0.457000 16.798000
3264.000000 37.000000 0.451000 17.039000
3276.000000 37.000000 0.429000 17.090000
3288.000000 37.000000 0.407000 17.141000
3300.000000 37.000000 0.385000 17.192000
3312.000000 37.000000 0.362000 17.243000
3324.000000 37.000000 3.430167 15.354000
3336.000000 37.000000 3.929667 15.126000
3348.000000 37.000000 4.429167 14.898000
3360.000000 37.000000 4.928667 14.670000
3372.000000 37.000000 5.428167 14.442000
3384.000000 37.000000 5.927667 14.214000
3396.000000 37.000000 6.427167 13.986000
3408.000000 37.000000 6.926667 13.758000
3420.000000 37.000000 7.426167 13.530000
3432.000000 37.000000 7.925667 13.302000
3444.000000 37.000000 8.425167 13.074000
3456.000000 37.000000 8.924667 12.846000
3492.000000 35.000000 1.028000 17.026000
3504.000000 35.000000 0.457000 17.140000
3516.000000 35.000000 0.128000 17.254000
3528.000000 35.000000 -0.186000 17.369000
3540.000000 35.000000 -0.500000 17.540000
3552.000000 35.000000 -0.871000 17.540000
3564.000000 35.000000 -1.185000 17.540000
3576.000000 35.000000 -1.613000 17.540000
3588.000000 35.000000 -2.612333 17.938000
3600.000000 35.000000 -3.062333 18.052000
3612.000000 35.000000 -3.512333 18.166000
3624.000000 35.000000 -3.962333 18.280000
3636.000000 35.000000 -4.412333 18.394000
3648.000000 35.000000 -4.862333 18.508000
3660.000000 35.000000 -5.312333 18.622000
3672.000000 35.000000 -5.762333 18.736000
3684.000000 35.000000 -6.212333 18.850000
3696.000000 35.000000 -6.662333 18.964000
3708.000000 35.000000 -7.112333 19.078000
3720.000000 35.000000 -7.562333 19.192000
3732.000000 36.000000 -6.265000 17.426000
3744.000000 36.000000 -6.636000 17.426000
3756.000000 36.000000 -7.007000 17.426000
3768.000000 36.000000 -7.378000 17.426000
3780.000000 36.000000 -7.721000 17.426000
3792.000000 36.000000 -8.035000 17.426000
3804.000000 36.000000 -8.406000 17.426000
3816.000000 36.000000 -8.777000 17.426000
3828.000000 36.000000 -9.233000 17.426000
3840.000000 36.000000 -9.604000 17.426000
3852.000000 36.000000 -9.975000 17.426000
3864.000000 36.000000 -10.346000 17.426000
3876.000000 36.000000 -10.717000 17.426000
3888.000000 36.000000 -11.088000 17.426000
3900.000000 36.000000 -11.459000 17.426000
3912.000000 36.000000 -11.830000 17.426000
3924.000000 36.000000 -12.201000 17.426000
3936.000000 36.000000 -12.572000 17.426000
3948.000000 36.000000 -12.943000 17.426000
3960.000000 36.000000 -13.314000 17.426000
4788.000000 74.000000 16.369000 6.494000
4800.000000 74.000000 14.985000 6.436000
4812.000000 74.000000 13.501000 6.436000
4824.000000 74.000000 11.974000 6.551000
4836.000000 74.000000 10.504000 6.551000
4848.000000 74.000000 8.963000 6.551000
4860.000000 74.000000 7.264000 6.551000
4872.000000 74.000000 5.552000 6.551000
4884.000000 74.000000 4.913667 6.252333
4896.000000 74.000000 3.479667 6.223333
4908.000000 74.000000 2.045667 6.194333
4920.000000 74.000000 0.611667 6.165333
4932.000000 74.000000 -0.822333 6.136333
4944.000000 74.000000 -2.256333 6.107333
4956.000000 74.000000 -3.690333 6.078333
4968.000000 74.000000 -5.124333 6.049333
4980.000000 74.000000 -6.558333 6.020333
4992.000000 74.000000 -7.992333 5.991333
5004.000000 74.000000 -9.426333 5.962333
5016.000000 74.000000 -10.860333 5.933333
6744.000000 152.000000 15.142000 5.866000
6756.000000 152.000000 14.115000 5.866000
6768.000000 152.000000 13.230000 5.980000
6780.000000 152.000000 12.502000 5.980000
6792.000000 152.000000 11.760000 6.094000
6804.000000 152.000000 11.132000 6.094000
6816.000000 152.000000 10.604000 6.094000
6828.000000 152.000000 10.033000 6.094000
6840.000000 152.000000 7.470333 6.303000
6852.000000 152.000000 6.514333 6.360000
6864.000000 152.000000 5.558333 6.417000
6876.000000 152.000000 4.602333 6.474000
6888.000000 152.000000 3.646333 6.531000
6900.000000 152.000000 2.690333 6.588000
6912.000000 152.000000 1.734333 6.645000
6924.000000 152.000000 0.778333 6.702000
6936.000000 152.000000 -0.177667 6.759000
6948.000000 152.000000 -1.133667 6.816000
6960.000000 152.000000 -2.089667 6.873000
6972.000000 152.000000 -3.045667 6.930000
6984.000000 150.000000 -19.652000 17.711000
6996.000000 150.000000 -19.238000 17.711000
7008.000000 150.000000 -18.467000 17.540000
7020.000000 150.000000 -18.111000 17.768000
7032.000000 150.000000 -17.640000 17.996000
7044.000000 150.000000 -16.327000 18.111000
7056.000000 150.000000 -15.071000 18.111000
7068.000000 150.000000 -13.758000 18.225000
7080.000000 150.000000 -14.971500 17.055500
7092.000000 150.000000 -14.379000 16.970000
7104.000000 150.000000 -13.786500 16.884500
7116.000000 150.000000 -13.194000 16.799000
7128.000000 150.000000 -12.601500 16.713500
7140.000000 150.000000 -12.009000 16.628000
7152.000000 150.000000 -11.416500 16.542500
7164.000000 150.000000 -10.824000 16.457000
7176.000000 150.000000 -10.231500 16.371500
7188.000000 150.000000 -9.639000 16.286000
7200.000000 150.000000 -9.046500 16.200500
7212.000000 150.000000 -8.454000 16.115000
6984.000000 153.000000 3.425000 6.094000
6996.000000 153.000000 2.854000 6.094000
7008.000000 153.000000 2.269000 6.094000
7020.000000 153.000000 1.698000 6.094000
7032.000000 153.000000 1.127000 6.094000
7044.000000 153.000000 0.500000 6.094000
7056.000000 153.000000 -0.086000 6.094000
7068.000000 153.000000 -0.656000 6.037000
7080.000000 153.000000 -1.196667 6.094000
7092.000000 153.000000 -1.774667 6.094000
7104.000000 153.000000 -2.352667 6.094000
7116.000000 153.000000 -2.930667 6.094000
7128.000000 153.000000 -3.508667 6.094000
7140.000000 153.000000 -4.086667 6.094000
7152.000000 153.000000 -4.664667 6.094000
7164.000000 153.000000 -5.242667 6.094000
7176.000000 153.000000 -5.820667 6.094000
7188.000000 153.000000 -6.398667 6.094000
7200.000000 153.000000 -6.976667 6.094000
7212.000000 153.000000 -7.554667 6.094000
7224.000000 151.000000 -6.716000 17.654000
7236.000000 151.000000 -6.712000 17.654000
7248.000000 151.000000 -6.709000 17.654000
7260.000000 151.000000 -6.705000 17.654000
7272.000000 151.000000 -6.701000 17.654000
7284.000000 151.000000 -6.698000 17.654000
7296.000000 151.000000 -6.694000 17.654000
7308.000000 151.000000 -6.691000 17.654000
7320.000000 151.000000 -6.687833 17.654000
7332.000000 151.000000 -6.684333 17.654000
7344.000000 151.000000 -6.680833 17.654000
7356.000000 151.000000 -6.677333 17.654000
7368.000000 151.000000 -6.673833 17.654000
7380.000000 151.000000 -6.670333 17.654000
7392.000000 151.000000 -6.666833 17.654000
7404.000000 151.000000 -6.663333 17.654000
7416.000000 151.000000 -6.659833 17.654000
7428.000000 151.000000 -6.656333 17.654000
7440.000000 151.000000 -6.652833 17.654000
7452.000000 151.000000 -6.649333 17.654000
7224.000000 154.000000 -8.306000 5.794000
7236.000000 154.000000 -8.920000 5.794000
7248.000000 154.000000 -9.434000 5.794000
7260.000000 154.000000 -9.904000 5.794000
7272.000000 154.000000 -10.547000 5.794000
7284.000000 154.000000 -11.118000 5.794000
7296.000000 154.000000 -11.746000 5.794000
7308.000000 154.000000 -12.316000 5.794000
7320.000000 154.000000 -12.834667 5.794000
7332.000000 154.000000 -13.398667 5.794000
7344.000000 154.000000 -13.962667 5.794000
7356.000000 154.000000 -14.526667 5.794000
7368.000000 154.000000 -15.090667 5.794000
7380.000000 154.000000 -15.654667 5.794000
7392.000000 154.000000 -16.218667 5.794000
7404.000000 154.000000 -16.782667 5.794000
7416.000000 154.000000 -17.346667 5.794000
7428.000000 154.000000 -17.910667 5.794000
7440.000000 154.000000 -18.474667 5.794000
7452.000000 154.000000 -19.038667 5.794000
7512.000000 156.000000 -19.795000 18.453000
7524.000000 156.000000 -19.424000 18.453000
7536.000000 156.000000 -19.053000 18.339000
7548.000000 156.000000 -18.681000 18.339000
7560.000000 156.000000 -18.268000 18.339000
7572.000000 156.000000 -17.854000 18.339000
7584.000000 156.000000 -17.369000 18.339000
7596.000000 156.000000 -16.912000 18.225000
7608.000000 156.000000 -16.827000 18.016000
7620.000000 156.000000 -16.456000 17.959000
7632.000000 156.000000 -16.085000 17.902000
7644.000000 156.000000 -15.714000 17.845000
7656.000000 156.000000 -15.343000 17.788000
7668.000000 156.000000 -14.972000 17.731000
7680.000000 156.000000 -14.601000 17.674000
7692.000000 156.000000 -14.230000 17.617000
7704.000000 156.000000 -13.859000 17.560000
7716.000000 156.000000 -13.488000 17.503000
7728.000000 156.000000 -13.117000 17.446000
7740.000000 156.000000 -12.746000 17.389000
7596.000000 86.000000 -13.430000 7.635000
7608.000000 86.000000 -12.802000 7.635000
7620.000000 86.000000 -12.174000 7.635000
7632.000000 86.000000 -11.489000 7.635000
7644.000000 86.000000 -10.804000 7.635000
7656.000000 86.000000 -10.176000 7.635000
7668.000000 86.000000 -9.491000 7.635000
7680.000000 86.000000 -8.863000 7.635000
7692.000000 86.000000 -8.406000 7.635000
7704.000000 86.000000 -7.778000 7.635000
7716.000000 86.000000 -7.150000 7.635000
7728.000000 86.000000 -6.522000 7.635000
7740.000000 86.000000 -5.894000 7.635000
7752.000000 86.000000 -5.266000 7.635000
7764.000000 86.000000 -4.638000 7.635000
7776.000000 86.000000 -4.010000 7.635000
7788.000000 86.000000 -3.382000 7.635000
7800.000000 86.000000 -2.754000 7.635000
7812.000000 86.000000 -2.126000 7.635000
7824.000000 86.000000 -1.498000 7.635000
7644.000000 92.000000 16.584000 6.551000
7656.000000 92.000000 16.584000 6.551000
7668.000000 92.000000 16.584000 6.551000
7680.000000 92.000000 16.341000 6.551000
7692.000000 92.000000 15.884000 6.551000
7704.000000 92.000000 15.370000 6.551000
7716.000000 92.000000 14.914000 6.551000
7728.000000 92.000000 14.429000 6.551000
7740.000000 92.000000 16.584000 6.551000
7752.000000 92.000000 16.584000 6.551000
7764.000000 92.000000 16.584000 6.551000
7776.000000 92.000000 16.584000 6.551000
7788.000000 92.000000 16.584000 6.551000
7800.000000 92.000000 16.584000 6.551000
7812.000000 92.000000 16.584000 6.551000
7824.000000 92.000000 16.584000 6.551000
7836.000000 92.000000 16.584000 6.551000
7848.000000 92.000000 16.584000 6.551000
7860.000000 92.000000 16.584000 6.551000
7872.000000 92.000000 16.584000 6.551000
7836.000000 87.000000 -0.328000 7.635000
7848.000000 87.000000 0.300000 7.764000
7860.000000 87.000000 0.942000 7.764000
7872.000000 87.000000 1.570000 7.764000
7884.000000 87.000000 2.198000 7.764000
7896.000000 87.000000 2.840000 7.892000
7908.000000 87.000000 3.468000 7.892000
7920.000000 87.000000 4.096000 7.892000
7932.000000 87.000000 4.749667 8.172500
7944.000000 87.000000 5.384667 8.237000
7956.000000 87.000000 6.019667 8.301500
7968.000000 87.000000 6.654667 8.366000
7980.000000 87.000000 7.289667 8.430500
7992.000000 87.000000 7.924667 8.495000
8004.000000 87.000000 8.559667 8.559500
8016.000000 87.000000 9.194667 8.624000
8028.000000 87.000000 9.829667 8.688500
8040.000000 87.000000 10.464667 8.753000
8052.000000 87.000000 11.099667 8.817500
8064.000000 87.000000 11.734667 8.882000
7884.000000 93.000000 9.091000 6.665000
7896.000000 93.000000 8.663000 6.665000
7908.000000 93.000000 8.206000 6.665000
7920.000000 93.000000 7.778000 6.665000
7932.000000 93.000000 7.307000 6.665000
7944.000000 93.000000 6.893000 6.665000
7956.000000 93.000000 6.465000 6.665000
7968.000000 93.000000 5.951000 6.551000
7980.000000 93.000000 5.555833 6.665000
7992.000000 93.000000 5.113333 6.665000
8004.000000 93.000000 4.670833 6.665000
8016.000000 93.000000 4.228333 6.665000
8028.000000 93.000000 3.785833 6.665000
8040.000000 93.000000 3.343333 6.665000
8052.000000 93.000000 2.900833 6.665000
8064.000000 93.000000 2.458333 6.665000
8076.000000 93.000000 2.015833 6.665000
8088.000000 93.000000 1.573333 6.665000
8100.000000 93.000000 1.130833 6.665000
8112.000000 93.000000 0.688333 6.665000
8124.000000 94.000000 0.100000 5.980000
8136.000000 94.000000 -0.371000 5.980000
8148.000000 94.000000 -0.842000 6.094000
8160.000000 94.000000 -1.313000 6.094000
8172.000000 94.000000 -1.841000 6.208000
8184.000000 94.000000 -2.312000 6.208000
8196.000000 94.000000 -2.783000 6.322000
8208.000000 94.000000 -3.297000 6.322000
8220.000000 94.000000 -3.668000 6.417000
8232.000000 94.000000 -4.139000 6.474000
8244.000000 94.000000 -4.610000 6.531000
8256.000000 94.000000 -5.081000 6.588000
8268.000000 94.000000 -5.552000 6.645000
8280.000000 94.000000 -6.023000 6.702000
8292.000000 94.000000 -6.494000 6.759000
8304.000000 94.000000 -6.965000 6.816000
8316.000000 94.000000 -7.436000 6.873000
8328.000000 94.000000 -7.907000 6.930000
8340.000000 94.000000 -8.378000 6.987000
8352.000000 94.000000 -8.849000 7.044000
8364.000000 95.000000 -9.590000 7.464000
8376.000000 95.000000 -10.004000 7.707000
8388.000000 95.000000 -10.490000 7.935000
8400.000000 95.000000 -10.903000 8.063000
8412.000000 95.000000 -11.374000 8.292000
8424.000000 95.000000 -11.803000 8.520000
8436.000000 95.000000 -12.259000 8.748000
8448.000000 95.000000 -12.687000 8.863000
8460.000000 95.000000 -13.178000 9.350500
8472.000000 95.000000 -13.628000 9.586000
8484.000000 95.000000 -14.078000 9.821500
8496.000000 95.000000 -14.528000 10.057000
8508.000000 95.000000 -14.978000 10.292500
8520.000000 95.000000 -15.428000 10.528000
8532.000000 95.000000 -15.878000 10.763500
8544.000000 95.000000 -16.328000 10.999000
8556.000000 95.000000 -16.778000 11.234500
8568.000000 95.000000 -17.228000 11.470000
8580.000000 95.000000 -17.678000 11.705500
8592.000000 95.000000 -18.128000 11.941000
10968.000000 97.000000 -19.152000 14.115000
10980.000000 97.000000 -18.739000 13.544000
10992.000000 97.000000 -18.211000 13.201000
11004.000000 97.000000 -17.768000 12.916000
11016.000000 97.000000 -17.397000 12.687000
11028.000000 97.000000 -16.983000 12.216000
11040.000000 97.000000 -16.569000 11.860000
11052.000000 97.000000 -16.141000 11.403000
11064.000000 97.000000 -15.407167 10.421000
11076.000000 97.000000 -14.936667 9.964000
11088.000000 97.000000 -14.466167 9.507000
11100.000000 97.000000 -13.995667 9.050000
11112.000000 97.000000 -13.525167 8.593000
11124.000000 97.000000 -13.054667 8.136000
11136.000000 97.000000 -12.584167 7.679000
11148.000000 97.000000 -12.113667 7.222000
11160.000000 97.000000 -11.643167 6.765000
11172.000000 97.000000 -11.172667 6.308000
11184.000000 97.000000 -10.702167 5.851000
11196.000000 97.000000 -10.231667 5.394000
11004.000000 56.000000 8.406000 8.121000
11016.000000 56.000000 8.406000 8.121000
11028.000000 56.000000 8.406000 8.121000
11040.000000 56.000000 8.406000 8.121000
11052.000000 56.000000 8.406000 8.121000
11064.000000 56.000000 8.406000 8.121000
11076.000000 56.000000 8.406000 8.121000
11088.000000 56.000000 8.406000 8.121000
11100.000000 56.000000 8.406000 8.121000
11112.000000 56.000000 8.406000 8.121000
11124.000000 56.000000 8.406000 8.121000
11136.000000 56.000000 8.406000 8.121000
11148.000000 56.000000 8.406000 8.121000
11160.000000 56.000000 8.406000 8.121000
11172.000000 56.000000 8.406000 8.121000
11184.000000 56.000000 8.406000 8.121000
11196.000000 56.000000 8.406000 8.121000
11208.000000 56.000000 8.406000 8.121000
11220.000000 56.000000 8.406000 8.121000
11232.000000 56.000000 8.406000 8.121000
11208.000000 98.000000 -9.605000 7.350000
11220.000000 98.000000 -9.062000 7.236000
11232.000000 98.000000 -8.606000 7.007000
11244.000000 98.000000 -8.063000 6.893000
11256.000000 98.000000 -7.550000 6.779000
11268.000000 98.000000 -7.036000 6.665000
11280.000000 98.000000 -6.494000 6.551000
11292.000000 98.000000 -5.866000 6.436000
11304.000000 98.000000 -5.594500 5.997167
11316.000000 98.000000 -5.095000 5.825667
11328.000000 98.000000 -4.595500 5.654167
11340.000000 98.000000 -4.096000 5.482667
11352.000000 98.000000 -3.596500 5.311167
11364.000000 98.000000 -3.097000 5.139667
11376.000000 98.000000 -2.597500 4.968167
11388.000000 98.000000 -2.098000 4.796667
11400.000000 98.000000 -1.598500 4.625167
11412.000000 98.000000 -1.099000 4.453667
11424.000000 98.000000 -0.599500 4.282167
11436.000000 98.000000 -0.100000 4.110667
11244.000000 57.000000 8.406000 8.121000
11256.000000 57.000000 8.406000 8.121000
11268.000000 57.000000 8.406000 8.121000
11280.000000 57.000000 8.406000 8.121000
11292.000000 57.000000 8.406000 8.121000
11304.000000 57.000000 8.406000 8.121000
11316.000000 57.000000 8.406000 8.121000
11328.000000 57.000000 8.406000 8.121000
11340.000000 57.000000 8.406000 8.121000
11352.000000 57.000000 8.406000 8.121000
11364.000000 57.000000 8.406000 8.121000
11376.000000 57.000000 8.406000 8.121000
11388.000000 57.000000 8.406000 8.121000
11400.000000 57.000000 8.406000 8.121000
11412.000000 57.000000 8.406000 8.121000
11424.000000 57.000000 8.406000 8.121000
11436.000000 57.000000 8.406000 8.121000
11448.000000 57.000000 8.406000 8.121000
11460.000000 57.000000 8.406000 8.121000
11472.000000 57.000000 8.406000 8.121000
11448.000000 99.000000 2.198000 5.980000
11460.000000 99.000000 2.726000 5.866000
11472.000000 99.000000 3.297000 5.866000
11484.000000 99.000000 3.811000 5.751000
11496.000000 99.000000 4.410000 5.751000
11508.000000 99.000000 4.952000 5.694000
11520.000000 99.000000 5.509000 5.680000
11532.000000 99.000000 6.051000 5.566000
11544.000000 99.000000 6.586833 5.505000
11556.000000 99.000000 7.136333 5.448000
11568.000000 99.000000 7.685833 5.391000
11580.000000 99.000000 8.235333 5.334000
11592.000000 99.000000 8.784833 5.277000
11604.000000 99.000000 9.334333 5.220000
11616.000000 99.000000 9.883833 5.163000
11628.000000 99.000000 10.433333 5.106000
11640.000000 99.000000 10.982833 5.049000
11652.000000 99.000000 11.532333 4.992000
11664.000000 99.000000 12.081833 4.935000
11676.000000 99.000000 12.631333 4.878000
11928.000000 19.000000 -19.937000 18.924000
11940.000000 19.000000 -19.809000 19.038000
11952.000000 19.000000 -19.866000 19.038000
11964.000000 19.000000 -19.866000 19.038000
11976.000000 19.000000 -19.866000 19.167000
11988.000000 19.000000 -19.866000 19.167000
12000.000000 19.000000 -19.866000 19.281000
12012.000000 19.000000 -19.880000 19.281000
12024.000000 19.000000 -19.622167 19.399000
12036.000000 19.000000 -19.586667 19.456000
12048.000000 19.000000 -19.551167 19.513000
12060.000000 19.000000 -19.515667 19.570000
12072.000000 19.000000 -19.480167 19.627000
12084.000000 19.000000 -19.444667 19.684000
12096.000000 19.000000 -19.409167 19.741000
12108.000000 19.000000 -19.373667 19.798000
12120.000000 19.000000 -19.338167 19.855000
12132.000000 19.000000 -19.302667 19.912000
12144.000000 19.000000 -19.267167 19.969000
12156.000000 19.000000 -19.231667 20.026000
12168.000000 20.000000 -16.013000 18.225000
12180.000000 20.000000 -15.599000 18.111000
12192.000000 20.000000 -15.171000 18.111000
12204.000000 20.000000 -14.914000 17.768000
12216.000000 20.000000 -14.714000 17.426000
12228.000000 20.000000 -14.598000 17.311000
12240.000000 20.000000 -14.595000 17.309000
12252.000000 20.000000 -14.591000 17.308000
12264.000000 20.000000 -12.647333 17.750000
12276.000000 20.000000 -12.226333 17.693000
12288.000000 20.000000 -11.805333 17.636000
12300.000000 20.000000 -11.384333 17.579000
12312.000000 20.000000 -10.963333 17.522000
12324.000000 20.000000 -10.542333 17.465000
12336.000000 20.000000 -10.121333 17.408000
12348.000000 20.000000 -9.700333 17.351000
12360.000000 20.000000 -9.279333 17.294000
12372.000000 20.000000 -8.858333 17.237000
12384.000000 20.000000 -8.437333 17.180000
12396.000000 20.000000 -8.016333 17.123000
12408.000000 21.000000 -14.547000 17.292000
12420.000000 21.000000 -14.543000 17.291000
12432.000000 21.000000 -14.540000 17.289000
12444.000000 21.000000 -14.536000 17.288000
12456.000000 21.000000 -14.533000 17.287000
12468.000000 21.000000 -14.530000 17.286000
12480.000000 21.000000 -14.526000 17.285000
12492.000000 21.000000 -14.523000 17.283000
12504.000000 21.000000 -14.518833 17.280167
12516.000000 21.000000 -14.515333 17.278667
12528.000000 21.000000 -14.511833 17.277167
12540.000000 21.000000 -14.508333 17.275667
12552.000000 21.000000 -14.504833 17.274167
12564.000000 21.000000 -14.501333 17.272667
12576.000000 21.000000 -14.497833 17.271167
12588.000000 21.000000 -14.494333 17.269667
12600.000000 21.000000 -14.490833 17.268167
12612.000000 21.000000 -14.487333 17.266667
12624.000000 21.000000 -14.483833 17.265167
12636.000000 21.000000 -14.480333 17.263667