0.000000 6.000000 -15.695000 34.138000
12.000000 6.000000 -15.695000 34.138000
24.000000 6.000000 -15.695000 34.138000
36.000000 6.000000 -15.695000 34.138000
48.000000 6.000000 -15.695000 34.138000
60.000000 6.000000 -15.695000 34.138000
72.000000 6.000000 -15.695000 34.138000
84.000000 6.000000 -15.695000 34.138000
96.000000 6.000000 -15.695000 34.138000
108.000000 6.000000 -15.695000 34.138000
120.000000 6.000000 -15.695000 34.138000
132.000000 6.000000 -15.695000 34.138000
144.000000 6.000000 -15.695000 34.138000
156.000000 6.000000 -15.695000 34.138000
168.000000 6.000000 -15.695000 34.138000
180.000000 6.000000 -15.695000 34.138000
192.000000 6.000000 -15.695000 34.138000
204.000000 6.000000 -15.695000 34.138000
216.000000 6.000000 -15.695000 34.138000
228.000000 6.000000 -15.695000 34.138000
0.000000 15.000000 -8.722000 41.385000
12.000000 15.000000 -8.665000 41.312000
24.000000 15.000000 -8.607000 41.312000
36.000000 15.000000 -8.549000 41.312000
48.000000 15.000000 -8.491000 41.312000
60.000000 15.000000 -8.433000 41.312000
72.000000 15.000000 -8.375000 41.312000
84.000000 15.000000 -8.317000 41.312000
96.000000 15.000000 -8.262167 41.080833
108.000000 15.000000 -8.204667 41.044333
120.000000 15.000000 -8.147167 41.007833
132.000000 15.000000 -8.089667 40.971333
144.000000 15.000000 -8.032167 40.934833
156.000000 15.000000 -7.974667 40.898333
168.000000 15.000000 -7.917167 40.861833
180.000000 15.000000 -7.859667 40.825333
192.000000 15.000000 -7.802167 40.788833
204.000000 15.000000 -7.744667 40.752333
216.000000 15.000000 -7.687167 40.715833
228.000000 15.000000 -7.629667 40.679333
0.000000 22.000000 -6.061000 28.786000
12.000000 22.000000 -5.829000 27.802000
24.000000 22.000000 -5.598000 26.847000
36.000000 22.000000 -5.381000 25.864000
48.000000 22.000000 -5.164000 24.894000
60.000000 22.000000 -4.875000 23.925000
72.000000 22.000000 -4.643000 22.942000
84.000000 22.000000 -4.643000 21.972000
96.000000 22.000000 -4.208833 21.025167
108.000000 22.000000 -3.977333 20.055667
120.000000 22.000000 -3.745833 19.086167
132.000000 22.000000 -3.514333 18.116667
144.000000 22.000000 -3.282833 17.147167
156.000000 22.000000 -3.051333 16.177667
168.000000 22.000000 -2.819833 15.208167
180.000000 22.000000 -2.588333 14.238667
192.000000 22.000000 -2.356833 13.269167
204.000000 22.000000 -2.125333 12.299667
216.000000 22.000000 -1.893833 11.330167
228.000000 22.000000 -1.662333 10.360667
0.000000 24.000000 6.929000 9.807000
12.000000 24.000000 7.218000 9.561000
24.000000 24.000000 7.565000 9.431000
36.000000 24.000000 7.912000 9.316000
48.000000 24.000000 8.260000 9.200000
60.000000 24.000000 8.607000 9.070000
72.000000 24.000000 8.925000 8.954000
84.000000 24.000000 9.272000 8.824000
96.000000 24.000000 9.463333 8.283667
108.000000 24.000000 9.781333 8.095667
120.000000 24.000000 10.099333 7.907667
132.000000 24.000000 10.417333 7.719667
144.000000 24.000000 10.735333 7.531667
156.000000 24.000000 11.053333 7.343667
168.000000 24.000000 11.371333 7.155667
180.000000 24.000000 11.689333 6.967667
192.000000 24.000000 12.007333 6.779667
204.000000 24.000000 12.325333 6.591667
216.000000 24.000000 12.643333 6.403667
228.000000 24.000000 12.961333 6.215667
0.000000 50.000000 -5.584000 17.532000
12.000000 50.000000 -5.627000 18.023000
24.000000 50.000000 -5.685000 18.631000
36.000000 50.000000 -5.743000 19.239000
48.000000 50.000000 -5.800000 19.730000
60.000000 50.000000 -5.858000 20.338000
72.000000 50.000000 -5.916000 20.945000
84.000000 50.000000 -5.974000 21.423000
96.000000 50.000000 -5.985500 21.908500
108.000000 50.000000 -6.036000 22.458000
120.000000 50.000000 -6.086500 23.007500
132.000000 50.000000 -6.137000 23.557000
144.000000 50.000000 -6.187500 24.106500
156.000000 50.000000 -6.238000 24.656000
168.000000 50.000000 -6.288500 25.205500
180.000000 50.000000 -6.339000 25.755000
192.000000 50.000000 -6.389500 26.304500
204.000000 50.000000 -6.440000 26.854000
216.000000 50.000000 -6.490500 27.403500
228.000000 50.000000 -6.541000 27.953000
36.000000 64.000000 -8.288000 40.083000
48.000000 64.000000 -8.578000 39.186000
60.000000 64.000000 -8.578000 38.578000
72.000000 64.000000 -8.636000 38.087000
84.000000 64.000000 -8.636000 37.609000
96.000000 64.000000 -8.694000 37.117000
108.000000 64.000000 -8.694000 36.582000
120.000000 64.000000 -8.737000 36.033000
132.000000 64.000000 -9.496333 34.014833
144.000000 64.000000 -9.641333 33.262333
156.000000 64.000000 -9.786333 32.509833
168.000000 64.000000 -9.931333 31.757333
180.000000 64.000000 -10.076333 31.004833
192.000000 64.000000 -10.221333 30.252333
204.000000 64.000000 -10.366333 29.499833
216.000000 64.000000 -10.511333 28.747333
228.000000 64.000000 -10.656333 27.994833
240.000000 64.000000 -10.801333 27.242333
252.000000 64.000000 -10.946333 26.489833
264.000000 64.000000 -11.091333 25.737333
240.000000 7.000000 -15.695000 34.138000
252.000000 7.000000 -15.695000 34.138000
264.000000 7.000000 -15.695000 34.138000
276.000000 7.000000 -15.695000 34.138000
288.000000 7.000000 -15.695000 34.138000
300.000000 7.000000 -15.695000 34.138000
312.000000 7.000000 -15.695000 34.138000
324.000000 7.000000 -15.695000 34.138000
336.000000 7.000000 -15.695000 34.138000
348.000000 7.000000 -15.695000 34.138000
360.000000 7.000000 -15.695000 34.138000
372.000000 7.000000 -15.695000 34.138000
384.000000 7.000000 -15.695000 34.138000
396.000000 7.000000 -15.695000 34.138000
408.000000 7.000000 -15.695000 34.138000
420.000000 7.000000 -15.695000 34.138000
432.000000 7.000000 -15.695000 34.138000
444.000000 7.000000 -15.695000 34.138000
456.000000 7.000000 -15.695000 34.138000
468.000000 7.000000 -15.695000 34.138000
240.000000 16.000000 -7.233000 37.175000
252.000000 16.000000 -7.117000 36.568000
264.000000 16.000000 -7.016000 35.960000
276.000000 16.000000 -6.958000 35.353000
288.000000 16.000000 -6.842000 34.745000
300.000000 16.000000 -6.726000 34.138000
312.000000 16.000000 -6.611000 33.530000
324.000000 16.000000 -6.495000 32.923000
336.000000 16.000000 -6.362500 32.315167
348.000000 16.000000 -6.254000 31.707667
360.000000 16.000000 -6.145500 31.100167
372.000000 16.000000 -6.037000 30.492667
384.000000 16.000000 -5.928500 29.885167
396.000000 16.000000 -5.820000 29.277667
408.000000 16.000000 -5.711500 28.670167
420.000000 16.000000 -5.603000 28.062667
432.000000 16.000000 -5.494500 27.455167
444.000000 16.000000 -5.386000 26.847667
456.000000 16.000000 -5.277500 26.240167
468.000000 16.000000 -5.169000 25.632667
240.000000 23.000000 -15.347000 11.630000
252.000000 23.000000 -16.881000 11.514000
264.000000 23.000000 -18.298000 11.138000
276.000000 23.000000 -19.456000 10.776000
288.000000 23.000000 -19.213000 11.064000
300.000000 23.000000 -18.485000 11.620000
312.000000 23.000000 -17.757000 12.177000
324.000000 23.000000 -17.029000 12.733000
336.000000 23.000000 -27.170500 9.705333
348.000000 23.000000 -28.646000 9.459333
360.000000 23.000000 -30.121500 9.213333
372.000000 23.000000 -31.597000 8.967333
384.000000 23.000000 -33.072500 8.721333
396.000000 23.000000 -34.548000 8.475333
408.000000 23.000000 -36.023500 8.229333
420.000000 23.000000 -37.499000 7.983333
432.000000 23.000000 -38.974500 7.737333
444.000000 23.000000 -40.450000 7.491333
456.000000 23.000000 -41.925500 7.245333
468.000000 23.000000 -43.401000 6.999333
240.000000 51.000000 -7.290000 29.089000
252.000000 51.000000 -7.392000 29.639000
264.000000 51.000000 -7.507000 30.246000
276.000000 51.000000 -7.623000 30.854000
288.000000 51.000000 -7.739000 31.389000
300.000000 51.000000 -7.855000 31.997000
312.000000 51.000000 -7.970000 32.561000
324.000000 51.000000 -8.086000 33.168000
336.000000 51.000000 -8.155833 33.707500
348.000000 51.000000 -8.264333 34.286000
360.000000 51.000000 -8.372833 34.864500
372.000000 51.000000 -8.481333 35.443000
384.000000 51.000000 -8.589833 36.021500
396.000000 51.000000 -8.698333 36.600000
408.000000 51.000000 -8.806833 37.178500
420.000000 51.000000 -8.915333 37.757000
432.000000 51.000000 -9.023833 38.335500
444.000000 51.000000 -9.132333 38.914000
456.000000 51.000000 -9.240833 39.492500
468.000000 51.000000 -9.349333 40.071000
276.000000 65.000000 -9.142000 29.263000
288.000000 65.000000 -9.142000 28.786000
300.000000 65.000000 -9.084000 28.308000
312.000000 65.000000 -9.026000 27.816000
324.000000 65.000000 -8.910000 27.209000
336.000000 65.000000 -8.795000 26.717000
348.000000 65.000000 -8.737000 26.109000
360.000000 65.000000 -8.636000 25.618000
372.000000 65.000000 -8.919667 25.443167
384.000000 65.000000 -8.890667 24.965667
396.000000 65.000000 -8.861667 24.488167
408.000000 65.000000 -8.832667 24.010667
420.000000 65.000000 -8.803667 23.533167
432.000000 65.000000 -8.774667 23.055667
444.000000 65.000000 -8.745667 22.578167
456.000000 65.000000 -8.716667 22.100667
468.000000 65.000000 -8.687667 21.623167
480.000000 65.000000 -8.658667 21.145667
492.000000 65.000000 -8.629667 20.668167
504.000000 65.000000 -8.600667 20.190667
312.000000 55.000000 5.439000 35.237000
324.000000 55.000000 5.410000 35.541000
336.000000 55.000000 5.352000 35.902000
348.000000 55.000000 5.294000 36.264000
360.000000 55.000000 5.236000 36.568000
372.000000 55.000000 5.179000 36.944000
384.000000 55.000000 4.672000 37.175000
396.000000 55.000000 4.209000 37.551000
408.000000 55.000000 5.095833 37.887500
420.000000 55.000000 5.052333 38.220000
432.000000 55.000000 5.008833 38.552500
444.000000 55.000000 4.965333 38.885000
456.000000 55.000000 4.921833 39.217500
468.000000 55.000000 4.878333 39.550000
480.000000 55.000000 4.834833 39.882500
492.000000 55.000000 4.791333 40.215000
504.000000 55.000000 4.747833 40.547500
516.000000 55.000000 4.704333 40.880000
528.000000 55.000000 4.660833 41.212500
540.000000 55.000000 4.617333 41.545000
336.000000 60.000000 3.081000 40.951000
348.000000 60.000000 3.081000 40.343000
360.000000 60.000000 3.023000 39.866000
372.000000 60.000000 2.965000 39.258000
384.000000 60.000000 2.965000 38.766000
396.000000 60.000000 2.907000 38.159000
408.000000 60.000000 2.907000 37.667000
420.000000 60.000000 2.907000 37.060000
432.000000 60.000000 2.858667 36.589167
444.000000 60.000000 2.829667 36.046667
456.000000 60.000000 2.800667 35.504167
468.000000 60.000000 2.771667 34.961667
480.000000 60.000000 2.742667 34.419167
492.000000 60.000000 2.713667 33.876667
504.000000 60.000000 2.684667 33.334167
516.000000 60.000000 2.655667 32.791667
528.000000 60.000000 2.626667 32.249167
540.000000 60.000000 2.597667 31.706667
552.000000 60.000000 2.568667 31.164167
564.000000 60.000000 2.539667 30.621667
396.000000 0.000000 3.703000 25.560000
408.000000 0.000000 3.746000 25.068000
420.000000 0.000000 3.804000 24.591000
432.000000 0.000000 3.862000 24.099000
444.000000 0.000000 3.920000 23.621000
456.000000 0.000000 3.978000 23.188000
468.000000 0.000000 4.094000 22.696000
480.000000 0.000000 4.151000 22.204000
492.000000 0.000000 4.104500 21.681500
504.000000 0.000000 4.155000 21.197000
516.000000 0.000000 4.205500 20.712500
528.000000 0.000000 4.256000 20.228000
540.000000 0.000000 4.306500 19.743500
552.000000 0.000000 4.357000 19.259000
564.000000 0.000000 4.407500 18.774500
576.000000 0.000000 4.458000 18.290000
588.000000 0.000000 4.508500 17.805500
600.000000 0.000000 4.559000 17.321000
612.000000 0.000000 4.609500 16.836500
624.000000 0.000000 4.660000 16.352000
456.000000 33.000000 3.645000 41.833000
468.000000 33.000000 3.645000 40.893000
480.000000 33.000000 3.703000 40.415000
492.000000 33.000000 3.804000 39.924000
504.000000 33.000000 3.862000 39.374000
516.000000 33.000000 3.978000 38.651000
528.000000 33.000000 4.036000 37.971000
540.000000 33.000000 4.036000 37.479000
552.000000 33.000000 3.867333 36.084000
564.000000 33.000000 3.896333 35.375000
576.000000 33.000000 3.925333 34.666000
588.000000 33.000000 3.954333 33.957000
600.000000 33.000000 3.983333 33.248000
612.000000 33.000000 4.012333 32.539000
624.000000 33.000000 4.041333 31.830000
636.000000 33.000000 4.070333 31.121000
648.000000 33.000000 4.099333 30.412000
660.000000 33.000000 4.128333 29.703000
672.000000 33.000000 4.157333 28.994000
684.000000 33.000000 4.186333 28.285000
480.000000 8.000000 -15.695000 34.138000
492.000000 8.000000 -15.695000 34.138000
504.000000 8.000000 -15.752000 34.080000
516.000000 8.000000 -15.752000 34.080000
528.000000 8.000000 -15.752000 34.080000
540.000000 8.000000 -15.752000 34.080000
552.000000 8.000000 -15.781000 34.080000
564.000000 8.000000 -15.781000 34.080000
576.000000 8.000000 -15.913500 33.915667
588.000000 8.000000 -15.942000 33.886667
600.000000 8.000000 -15.970500 33.857667
612.000000 8.000000 -15.999000 33.828667
624.000000 8.000000 -16.027500 33.799667
636.000000 8.000000 -16.056000 33.770667
648.000000 8.000000 -16.084500 33.741667
660.000000 8.000000 -16.113000 33.712667
672.000000 8.000000 -16.141500 33.683667
684.000000 8.000000 -16.170000 33.654667
696.000000 8.000000 -16.198500 33.625667
708.000000 8.000000 -16.227000 33.596667
480.000000 17.000000 -5.584000 25.140000
492.000000 17.000000 -5.584000 24.533000
504.000000 17.000000 -5.555000 24.041000
516.000000 17.000000 -5.584000 23.665000
528.000000 17.000000 -5.612000 23.318000
540.000000 17.000000 -5.612000 22.942000
552.000000 17.000000 -5.670000 22.580000
564.000000 17.000000 -5.699000 22.103000
576.000000 17.000000 -5.472833 20.724833
588.000000 17.000000 -5.458333 20.175333
600.000000 17.000000 -5.443833 19.625833
612.000000 17.000000 -5.429333 19.076333
624.000000 17.000000 -5.414833 18.526833
636.000000 17.000000 -5.400333 17.977333
648.000000 17.000000 -5.385833 17.427833
660.000000 17.000000 -5.371333 16.878333
672.000000 17.000000 -5.356833 16.328833
684.000000 17.000000 -5.342333 15.779333
696.000000 17.000000 -5.327833 15.229833
708.000000 17.000000 -5.313333 14.680333
504.000000 12.000000 -6.611000 24.533000
516.000000 12.000000 -6.611000 23.925000
528.000000 12.000000 -6.611000 23.303000
540.000000 12.000000 -6.611000 22.696000
552.000000 12.000000 -6.668000 22.218000
564.000000 12.000000 -6.668000 21.727000
576.000000 12.000000 -6.668000 21.307000
588.000000 12.000000 -6.611000 20.757000
600.000000 12.000000 -6.611000 19.615333
612.000000 12.000000 -6.611000 19.000333
624.000000 12.000000 -6.611000 18.385333
636.000000 12.000000 -6.611000 17.770333
648.000000 12.000000 -6.611000 17.155333
660.000000 12.000000 -6.611000 16.540333
672.000000 12.000000 -6.611000 15.925333
684.000000 12.000000 -6.611000 15.310333
696.000000 12.000000 -6.611000 14.695333
708.000000 12.000000 -6.611000 14.080333
720.000000 12.000000 -6.611000 13.465333
732.000000 12.000000 -6.611000 12.850333
504.000000 46.000000 1.794000 -6.509000
516.000000 46.000000 1.794000 -6.509000
528.000000 46.000000 1.765000 -6.871000
540.000000 46.000000 1.649000 -7.233000
552.000000 46.000000 1.591000 -7.609000
564.000000 46.000000 1.475000 -8.086000
576.000000 46.000000 1.418000 -8.824000
588.000000 46.000000 1.360000 -9.431000
600.000000 46.000000 1.682833 -7.896667
612.000000 46.000000 1.668333 -8.077667
624.000000 46.000000 1.653833 -8.258667
636.000000 46.000000 1.639333 -8.439667
648.000000 46.000000 1.624833 -8.620667
660.000000 46.000000 1.610333 -8.801667
672.000000 46.000000 1.595833 -8.982667
684.000000 46.000000 1.581333 -9.163667
696.000000 46.000000 1.566833 -9.344667
708.000000 46.000000 1.552333 -9.525667
720.000000 46.000000 1.537833 -9.706667
732.000000 46.000000 1.523333 -9.887667
516.000000 66.000000 -6.871000 19.354000
528.000000 66.000000 -6.697000 18.689000
540.000000 66.000000 -6.582000 18.067000
552.000000 66.000000 -6.408000 17.459000
564.000000 66.000000 -6.292000 16.852000
576.000000 66.000000 -6.177000 16.244000
588.000000 66.000000 -6.061000 15.637000
600.000000 66.000000 -5.887000 15.159000
612.000000 66.000000 -5.705167 14.198833
624.000000 66.000000 -5.560667 13.555333
636.000000 66.000000 -5.416167 12.911833
648.000000 66.000000 -5.271667 12.268333
660.000000 66.000000 -5.127167 11.624833
672.000000 66.000000 -4.982667 10.981333
684.000000 66.000000 -4.838167 10.337833
696.000000 66.000000 -4.693667 9.694333
708.000000 66.000000 -4.549167 9.050833
720.000000 66.000000 -4.404667 8.407333
732.000000 66.000000 -4.260167 7.763833
744.000000 66.000000 -4.115667 7.120333
552.000000 56.000000 -1.548000 39.359000
564.000000 56.000000 -2.097000 39.359000
576.000000 56.000000 -2.676000 39.359000
588.000000 56.000000 -3.370000 39.851000
600.000000 56.000000 -4.094000 40.343000
612.000000 56.000000 -4.499000 40.589000
624.000000 56.000000 -4.846000 40.835000
636.000000 56.000000 -5.468000 41.009000
648.000000 56.000000 -6.055000 39.359000
660.000000 56.000000 -6.619000 39.359000
672.000000 56.000000 -7.183000 39.359000
684.000000 56.000000 -7.747000 39.359000
696.000000 56.000000 -8.311000 39.359000
708.000000 56.000000 -8.875000 39.359000
720.000000 56.000000 -9.439000 39.359000
732.000000 56.000000 -10.003000 39.359000
744.000000 56.000000 -10.567000 39.359000
756.000000 56.000000 -11.131000 39.359000
768.000000 56.000000 -11.695000 39.359000
780.000000 56.000000 -12.259000 39.359000
576.000000 52.000000 -13.843000 30.680000
588.000000 52.000000 -13.901000 30.058000
600.000000 52.000000 -13.901000 29.451000
612.000000 52.000000 -13.901000 29.335000
624.000000 52.000000 -13.843000 29.089000
636.000000 52.000000 -13.785000 28.843000
648.000000 52.000000 -13.785000 28.482000
660.000000 52.000000 -13.785000 28.236000
672.000000 52.000000 -14.084667 25.761500
684.000000 52.000000 -14.113667 25.147000
696.000000 52.000000 -14.142667 24.532500
708.000000 52.000000 -14.171667 23.918000
720.000000 52.000000 -14.200667 23.303500
732.000000 52.000000 -14.229667 22.689000
744.000000 52.000000 -14.258667 22.074500
756.000000 52.000000 -14.287667 21.460000
768.000000 52.000000 -14.316667 20.845500
780.000000 52.000000 -14.345667 20.231000
792.000000 52.000000 -14.374667 19.616500
804.000000 52.000000 -14.403667 19.002000
576.000000 61.000000 4.238000 29.509000
588.000000 61.000000 4.296000 28.786000
600.000000 61.000000 4.412000 28.178000
612.000000 61.000000 4.470000 27.570000
624.000000 61.000000 4.585000 26.847000
636.000000 61.000000 4.528000 26.355000
648.000000 61.000000 4.412000 25.979000
660.000000 61.000000 4.296000 25.618000
672.000000 61.000000 4.924333 24.165833
684.000000 61.000000 5.011333 23.500333
696.000000 61.000000 5.098333 22.834833
708.000000 61.000000 5.185333 22.169333
720.000000 61.000000 5.272333 21.503833
732.000000 61.000000 5.359333 20.838333
744.000000 61.000000 5.446333 20.172833
756.000000 61.000000 5.533333 19.507333
768.000000 61.000000 5.620333 18.841833
780.000000 61.000000 5.707333 18.176333
792.000000 61.000000 5.794333 17.510833
804.000000 61.000000 5.881333 16.845333
600.000000 48.000000 -14.639000 30.333000
612.000000 48.000000 -14.523000 29.523000
624.000000 48.000000 -14.465000 29.147000
636.000000 48.000000 -14.465000 28.655000
648.000000 48.000000 -14.465000 28.308000
660.000000 48.000000 -14.407000 27.816000
672.000000 48.000000 -14.407000 27.440000
684.000000 48.000000 -14.349000 27.093000
696.000000 48.000000 -13.933333 25.516667
708.000000 48.000000 -13.846333 24.923667
720.000000 48.000000 -13.759333 24.330667
732.000000 48.000000 -13.672333 23.737667
744.000000 48.000000 -13.585333 23.144667
756.000000 48.000000 -13.498333 22.551667
768.000000 48.000000 -13.411333 21.958667
780.000000 48.000000 -13.324333 21.365667
792.000000 48.000000 -13.237333 20.772667
804.000000 48.000000 -13.150333 20.179667
816.000000 48.000000 -13.063333 19.586667
828.000000 48.000000 -12.976333 18.993667
636.000000 1.000000 3.862000 15.998000
648.000000 1.000000 3.920000 15.391000
660.000000 1.000000 3.978000 14.783000
672.000000 1.000000 3.978000 14.060000
684.000000 1.000000 4.036000 13.453000
696.000000 1.000000 4.036000 12.845000
708.000000 1.000000 4.094000 12.237000
720.000000 1.000000 4.151000 11.746000
732.000000 1.000000 4.326000 11.138167
744.000000 1.000000 4.384000 10.530667
756.000000 1.000000 4.442000 9.923167
768.000000 1.000000 4.500000 9.315667
780.000000 1.000000 4.558000 8.708167
792.000000 1.000000 4.616000 8.100667
804.000000 1.000000 4.674000 7.493167
816.000000 1.000000 4.732000 6.885667
828.000000 1.000000 4.790000 6.278167
840.000000 1.000000 4.848000 5.670667
852.000000 1.000000 4.906000 5.063167
864.000000 1.000000 4.964000 4.455667
696.000000 34.000000 4.267000 27.455000
708.000000 34.000000 4.267000 27.252000
720.000000 34.000000 4.238000 27.252000
732.000000 34.000000 4.209000 27.194000
744.000000 34.000000 4.180000 27.194000
756.000000 34.000000 4.180000 26.905000
768.000000 34.000000 4.296000 26.298000
780.000000 34.000000 4.412000 25.690000
792.000000 34.000000 4.155833 26.609167
804.000000 34.000000 4.141333 26.507667
816.000000 34.000000 4.126833 26.406167
828.000000 34.000000 4.112333 26.304667
840.000000 34.000000 4.097833 26.203167
852.000000 34.000000 4.083333 26.101667
864.000000 34.000000 4.068833 26.000167
876.000000 34.000000 4.054333 25.898667
888.000000 34.000000 4.039833 25.797167
900.000000 34.000000 4.025333 25.695667
912.000000 34.000000 4.010833 25.594167
924.000000 34.000000 3.996333 25.492667
720.000000 9.000000 -15.868000 34.080000
732.000000 9.000000 -15.897000 34.080000
744.000000 9.000000 -15.897000 34.080000
756.000000 9.000000 -15.897000 34.022000
768.000000 9.000000 -15.897000 34.022000
780.000000 9.000000 -15.926000 34.022000
792.000000 9.000000 -15.926000 34.022000
804.000000 9.000000 -15.926000 34.022000
816.000000 9.000000 -15.988833 34.080000
828.000000 9.000000 -16.003333 34.080000
840.000000 9.000000 -16.017833 34.080000
852.000000 9.000000 -16.032333 34.080000
864.000000 9.000000 -16.046833 34.080000
876.000000 9.000000 -16.061333 34.080000
888.000000 9.000000 -16.075833 34.080000
900.000000 9.000000 -16.090333 34.080000
912.000000 9.000000 -16.104833 34.080000
924.000000 9.000000 -16.119333 34.080000
936.000000 9.000000 -16.133833 34.080000
948.000000 9.000000 -16.148333 34.080000
720.000000 18.000000 -5.179000 14.306000
732.000000 18.000000 -5.121000 13.814000
744.000000 18.000000 -5.121000 13.091000
756.000000 18.000000 -5.077000 12.353000
768.000000 18.000000 -4.904000 11.861000
780.000000 18.000000 -4.730000 11.384000
792.000000 18.000000 -4.730000 10.776000
804.000000 18.000000 -4.730000 10.169000
816.000000 18.000000 -4.937333 9.484500
828.000000 18.000000 -4.908333 8.877000
840.000000 18.000000 -4.879333 8.269500
852.000000 18.000000 -4.850333 7.662000
864.000000 18.000000 -4.821333 7.054500
876.000000 18.000000 -4.792333 6.447000
888.000000 18.000000 -4.763333 5.839500
900.000000 18.000000 -4.734333 5.232000
912.000000 18.000000 -4.705333 4.624500
924.000000 18.000000 -4.676333 4.017000
936.000000 18.000000 -4.647333 3.409500
948.000000 18.000000 -4.618333 2.802000
744.000000 13.000000 -6.032000 12.975000
756.000000 13.000000 -5.974000 12.483000
768.000000 13.000000 -5.873000 12.107000
780.000000 13.000000 -5.699000 11.630000
792.000000 13.000000 -5.584000 11.268000
804.000000 13.000000 -5.584000 10.531000
816.000000 13.000000 -5.584000 9.923000
828.000000 13.000000 -5.584000 9.446000
840.000000 13.000000 -5.403167 9.483667
852.000000 13.000000 -5.323667 9.049667
864.000000 13.000000 -5.244167 8.615667
876.000000 13.000000 -5.164667 8.181667
888.000000 13.000000 -5.085167 7.747667
900.000000 13.000000 -5.005667 7.313667
912.000000 13.000000 -4.926167 6.879667
924.000000 13.000000 -4.846667 6.445667
936.000000 13.000000 -4.767167 6.011667
948.000000 13.000000 -4.687667 5.577667
960.000000 13.000000 -4.608167 5.143667
972.000000 13.000000 -4.528667 4.709667
744.000000 20.000000 -20.078000 21.596000
756.000000 20.000000 -19.730000 21.857000
768.000000 20.000000 -19.354000 22.088000
780.000000 20.000000 -18.964000 22.334000
792.000000 20.000000 -18.501000 22.826000
804.000000 20.000000 -18.110000 23.188000
816.000000 20.000000 -17.763000 23.188000
828.000000 20.000000 -17.488000 23.303000
840.000000 20.000000 -17.186667 23.569000
852.000000 20.000000 -16.824667 23.815000
864.000000 20.000000 -16.462667 24.061000
876.000000 20.000000 -16.100667 24.307000
888.000000 20.000000 -15.738667 24.553000
900.000000 20.000000 -15.376667 24.799000
912.000000 20.000000 -15.014667 25.045000
924.000000 20.000000 -14.652667 25.291000
936.000000 20.000000 -14.290667 25.537000
948.000000 20.000000 -13.928667 25.783000
960.000000 20.000000 -13.566667 26.029000
972.000000 20.000000 -13.204667 26.275000
756.000000 67.000000 2.416000 41.298000
768.000000 67.000000 2.416000 40.589000
780.000000 67.000000 2.416000 40.227000
792.000000 67.000000 2.416000 39.851000
804.000000 67.000000 2.416000 39.504000
816.000000 67.000000 2.416000 39.012000
828.000000 67.000000 2.474000 38.636000
840.000000 67.000000 2.531000 38.144000
852.000000 67.000000 2.416000 36.956167
864.000000 67.000000 2.416000 36.420667
876.000000 67.000000 2.416000 35.885167
888.000000 67.000000 2.416000 35.349667
900.000000 67.000000 2.416000 34.814167
912.000000 67.000000 2.416000 34.278667
924.000000 67.000000 2.416000 33.743167
936.000000 67.000000 2.416000 33.207667
948.000000 67.000000 2.416000 32.672167
960.000000 67.000000 2.416000 32.136667
972.000000 67.000000 2.416000 31.601167
984.000000 67.000000 2.416000 31.065667
792.000000 57.000000 -7.037000 41.535000
804.000000 57.000000 -7.055000 41.539000
816.000000 57.000000 -7.073000 41.542000
828.000000 57.000000 -7.090000 41.545000
840.000000 57.000000 -7.108000 41.548000
852.000000 57.000000 -7.126000 41.552000
864.000000 57.000000 -7.145000 41.555000
876.000000 57.000000 -7.163000 41.558000
888.000000 57.000000 -7.181000 41.563167
900.000000 57.000000 -7.199000 41.566667
912.000000 57.000000 -7.217000 41.570167
924.000000 57.000000 -7.235000 41.573667
936.000000 57.000000 -7.253000 41.577167
948.000000 57.000000 -7.271000 41.580667
960.000000 57.000000 -7.289000 41.584167
972.000000 57.000000 -7.307000 41.587667
984.000000 57.000000 -7.325000 41.591167
996.000000 57.000000 -7.343000 41.594667
1008.000000 57.000000 -7.361000 41.598167
1020.000000 57.000000 -7.379000 41.601667
816.000000 62.000000 5.887000 18.920000
828.000000 62.000000 5.887000 18.689000
840.000000 62.000000 5.887000 18.573000
852.000000 62.000000 5.887000 18.197000
864.000000 62.000000 6.234000 16.866000
876.000000 62.000000 6.408000 15.883000
888.000000 62.000000 6.408000 15.391000
900.000000 62.000000 6.408000 14.914000
912.000000 62.000000 5.887000 17.512833
924.000000 62.000000 5.887000 17.339333
936.000000 62.000000 5.887000 17.165833
948.000000 62.000000 5.887000 16.992333
960.000000 62.000000 5.887000 16.818833
972.000000 62.000000 5.887000 16.645333
984.000000 62.000000 5.887000 16.471833
996.000000 62.000000 5.887000 16.298333
1008.000000 62.000000 5.887000 16.124833
1020.000000 62.000000 5.887000 15.951333
1032.000000 62.000000 5.887000 15.777833
1044.000000 62.000000 5.887000 15.604333
840.000000 49.000000 -15.145000 22.696000
852.000000 49.000000 -15.203000 22.349000
864.000000 49.000000 -15.261000 21.972000
876.000000 49.000000 -15.376000 21.596000
888.000000 49.000000 -15.666000 21.249000
900.000000 49.000000 -15.941000 20.873000
912.000000 49.000000 -16.230000 20.642000
924.000000 49.000000 -16.461000 20.381000
936.000000 49.000000 -15.609000 19.805000
948.000000 49.000000 -15.667000 19.443000
960.000000 49.000000 -15.725000 19.081000
972.000000 49.000000 -15.783000 18.719000
984.000000 49.000000 -15.841000 18.357000
996.000000 49.000000 -15.899000 17.995000
1008.000000 49.000000 -15.957000 17.633000
1020.000000 49.000000 -16.015000 17.271000
1032.000000 49.000000 -16.073000 16.909000
1044.000000 49.000000 -16.131000 16.547000
1056.000000 49.000000 -16.189000 16.185000
1068.000000 49.000000 -16.247000 15.823000
876.000000 2.000000 4.788000 4.817000
888.000000 2.000000 4.788000 4.325000
900.000000 2.000000 4.788000 3.848000
912.000000 2.000000 4.788000 3.110000
924.000000 2.000000 4.788000 2.372000
936.000000 2.000000 4.672000 1.895000
948.000000 2.000000 4.557000 1.649000
960.000000 2.000000 4.499000 1.287000
972.000000 2.000000 4.788000 0.938500
984.000000 2.000000 4.788000 0.454000
996.000000 2.000000 4.788000 -0.030500
1008.000000 2.000000 4.788000 -0.515000
1020.000000 2.000000 4.788000 -0.999500
1032.000000 2.000000 4.788000 -1.484000
1044.000000 2.000000 4.788000 -1.968500
1056.000000 2.000000 4.788000 -2.453000
1068.000000 2.000000 4.788000 -2.937500
1080.000000 2.000000 4.788000 -3.422000
1092.000000 2.000000 4.788000 -3.906500
1104.000000 2.000000 4.788000 -4.391000
936.000000 35.000000 5.627000 19.108000
948.000000 35.000000 5.743000 18.501000
960.000000 35.000000 5.974000 18.139000
972.000000 35.000000 6.263000 17.647000
984.000000 35.000000 6.437000 17.286000
996.000000 35.000000 6.553000 16.924000
1008.000000 35.000000 6.770000 16.490000
1020.000000 35.000000 7.059000 15.941000
1032.000000 35.000000 6.995833 15.191167
1044.000000 35.000000 7.169333 14.706667
1056.000000 35.000000 7.342833 14.222167
1068.000000 35.000000 7.516333 13.737667
1080.000000 35.000000 7.689833 13.253167
1092.000000 35.000000 7.863333 12.768667
1104.000000 35.000000 8.036833 12.284167
1116.000000 35.000000 8.210333 11.799667
1128.000000 35.000000 8.383833 11.315167
1140.000000 35.000000 8.557333 10.830667
1152.000000 35.000000 8.730833 10.346167
1164.000000 35.000000 8.904333 9.861667
960.000000 10.000000 -16.027000 34.007000
972.000000 10.000000 -16.027000 34.007000
984.000000 10.000000 -16.027000 34.007000
996.000000 10.000000 -16.027000 34.007000
1008.000000 10.000000 -16.085000 33.950000
1020.000000 10.000000 -16.085000 33.950000
1032.000000 10.000000 -16.085000 33.950000
1044.000000 10.000000 -16.085000 33.892000
1056.000000 10.000000 -16.027000 34.007000
1068.000000 10.000000 -16.027000 34.007000
1080.000000 10.000000 -16.027000 34.007000
1092.000000 10.000000 -16.027000 34.007000
1104.000000 10.000000 -16.027000 34.007000
1116.000000 10.000000 -16.027000 34.007000
1128.000000 10.000000 -16.027000 34.007000
1140.000000 10.000000 -16.027000 34.007000
1152.000000 10.000000 -16.027000 34.007000
1164.000000 10.000000 -16.027000 34.007000
1176.000000 10.000000 -16.027000 34.007000
1188.000000 10.000000 -16.027000 34.007000
960.000000 19.000000 -3.935000 3.356000
972.000000 19.000000 -3.935000 2.864000
984.000000 19.000000 -3.935000 2.372000
996.000000 19.000000 -3.935000 1.895000
1008.000000 19.000000 -3.963000 1.215000
1020.000000 19.000000 -3.963000 0.608000
1032.000000 19.000000 -3.992000 0.072000
1044.000000 19.000000 -4.021000 -0.535000
1056.000000 19.000000 -3.935000 -0.580000
1068.000000 19.000000 -3.935000 -1.072000
1080.000000 19.000000 -3.935000 -1.564000
1092.000000 19.000000 -3.935000 -2.056000
1104.000000 19.000000 -3.935000 -2.548000
1116.000000 19.000000 -3.935000 -3.040000
1128.000000 19.000000 -3.935000 -3.532000
1140.000000 19.000000 -3.935000 -4.024000
1152.000000 19.000000 -3.935000 -4.516000
1164.000000 19.000000 -3.935000 -5.008000
1176.000000 19.000000 -3.935000 -5.500000
1188.000000 19.000000 -3.935000 -5.992000
984.000000 14.000000 -4.846000 2.864000
996.000000 14.000000 -4.730000 2.257000
1008.000000 14.000000 -4.672000 1.519000
1020.000000 14.000000 -4.672000 0.984000
1032.000000 14.000000 -4.672000 0.318000
1044.000000 14.000000 -4.672000 -0.231000
1056.000000 14.000000 -4.672000 -0.897000
1068.000000 14.000000 -4.672000 -1.504000
1080.000000 14.000000 -4.140333 -2.494167
1092.000000 14.000000 -4.053333 -3.166667
1104.000000 14.000000 -3.966333 -3.839167
1116.000000 14.000000 -3.879333 -4.511667
1128.000000 14.000000 -3.792333 -5.184167
1140.000000 14.000000 -3.705333 -5.856667
1152.000000 14.000000 -3.618333 -6.529167
1164.000000 14.000000 -3.531333 -7.201667
1176.000000 14.000000 -3.444333 -7.874167
1188.000000 14.000000 -3.357333 -8.546667
1200.000000 14.000000 -3.270333 -9.219167
1212.000000 14.000000 -3.183333 -9.891667
984.000000 21.000000 -14.856000 29.147000
996.000000 21.000000 -14.697000 29.523000
1008.000000 21.000000 -14.552000 29.943000
1020.000000 21.000000 -14.465000 30.608000
1032.000000 21.000000 -14.378000 31.158000
1044.000000 21.000000 -14.292000 31.823000
1056.000000 21.000000 -14.219000 32.373000
1068.000000 21.000000 -14.017000 32.865000
1080.000000 21.000000 -13.637667 32.323667
1092.000000 21.000000 -13.485667 32.721667
1104.000000 21.000000 -13.333667 33.119667
1116.000000 21.000000 -13.181667 33.517667
1128.000000 21.000000 -13.029667 33.915667
1140.000000 21.000000 -12.877667 34.313667
1152.000000 21.000000 -12.725667 34.711667
1164.000000 21.000000 -12.573667 35.109667
1176.000000 21.000000 -12.421667 35.507667
1188.000000 21.000000 -12.269667 35.905667
1200.000000 21.000000 -12.117667 36.303667
1212.000000 21.000000 -11.965667 36.701667
996.000000 54.000000 -9.316000 24.374000
1008.000000 54.000000 -9.026000 23.419000
1020.000000 54.000000 -8.578000 22.811000
1032.000000 54.000000 -8.115000 22.349000
1044.000000 54.000000 -7.594000 21.741000
1056.000000 54.000000 -7.146000 21.119000
1068.000000 54.000000 -7.030000 20.989000
1080.000000 54.000000 -6.929000 20.873000
1092.000000 54.000000 -6.390333 18.064167
1104.000000 54.000000 -6.021333 17.282667
1116.000000 54.000000 -5.652333 16.501167
1128.000000 54.000000 -5.283333 15.719667
1140.000000 54.000000 -4.914333 14.938167
1152.000000 54.000000 -4.545333 14.156667
1164.000000 54.000000 -4.176333 13.375167
1176.000000 54.000000 -3.807333 12.593667
1188.000000 54.000000 -3.438333 11.812167
1200.000000 54.000000 -3.069333 11.030667
1212.000000 54.000000 -2.700333 10.249167
1224.000000 54.000000 -2.331333 9.467667
996.000000 68.000000 3.269000 31.230000
1008.000000 68.000000 3.182000 30.782000
1020.000000 68.000000 3.124000 30.304000
1032.000000 68.000000 3.124000 29.813000
1044.000000 68.000000 3.182000 29.205000
1056.000000 68.000000 3.240000 28.713000
1068.000000 68.000000 3.240000 28.250000
1080.000000 68.000000 3.298000 27.758000
1092.000000 68.000000 2.684167 27.531000
1104.000000 68.000000 2.611667 27.068000
1116.000000 68.000000 2.539167 26.605000
1128.000000 68.000000 2.466667 26.142000
1140.000000 68.000000 2.394167 25.679000
1152.000000 68.000000 2.321667 25.216000
1164.000000 68.000000 2.249167 24.753000
1176.000000 68.000000 2.176667 24.290000
1188.000000 68.000000 2.104167 23.827000
1200.000000 68.000000 2.031667 23.364000
1212.000000 68.000000 1.959167 22.901000
1224.000000 68.000000 1.886667 22.438000
1020.000000 29.000000 -8.375000 -2.850000
1032.000000 29.000000 -8.824000 -3.341000
1044.000000 29.000000 -9.229000 -3.718000
1056.000000 29.000000 -9.677000 -4.180000
1068.000000 29.000000 -10.140000 -4.557000
1080.000000 29.000000 -10.603000 -5.048000
1092.000000 29.000000 -10.993000 -5.410000
1104.000000 29.000000 -11.442000 -5.887000
1116.000000 29.000000 -11.798333 -6.341000
1128.000000 29.000000 -12.225333 -6.775000
1140.000000 29.000000 -12.652333 -7.209000
1152.000000 29.000000 -13.079333 -7.643000
1164.000000 29.000000 -13.506333 -8.077000
1176.000000 29.000000 -13.933333 -8.511000
1188.000000 29.000000 -14.360333 -8.945000
1200.000000 29.000000 -14.787333 -9.379000
1212.000000 29.000000 -15.214333 -9.813000
1224.000000 29.000000 -15.641333 -10.247000
1236.000000 29.000000 -16.068333 -10.681000
1248.000000 29.000000 -16.495333 -11.115000
1032.000000 58.000000 -7.396000 41.600000
1044.000000 58.000000 -7.414000 41.603000
1056.000000 58.000000 -7.432000 41.607000
1068.000000 58.000000 -7.450000 41.610000
1080.000000 58.000000 -7.468000 41.613000
1092.000000 58.000000 -7.486000 41.616000
1104.000000 58.000000 -7.504000 41.620000
1116.000000 58.000000 -7.522000 41.623000
1128.000000 58.000000 -7.540000 41.627833
1140.000000 58.000000 -7.558000 41.631333
1152.000000 58.000000 -7.576000 41.634833
1164.000000 58.000000 -7.594000 41.638333
1176.000000 58.000000 -7.612000 41.641833
1188.000000 58.000000 -7.630000 41.645333
1200.000000 58.000000 -7.648000 41.648833
1212.000000 58.000000 -7.666000 41.652333
1224.000000 58.000000 -7.684000 41.655833
1236.000000 58.000000 -7.702000 41.659333
1248.000000 58.000000 -7.720000 41.662833
1260.000000 58.000000 -7.738000 41.666333
1056.000000 63.000000 5.092000 5.844000
1068.000000 63.000000 5.034000 5.236000
1080.000000 63.000000 4.918000 4.629000
1092.000000 63.000000 4.918000 3.906000
1104.000000 63.000000 4.918000 3.298000
1116.000000 63.000000 4.918000 2.560000
1128.000000 63.000000 4.918000 1.953000
1140.000000 63.000000 4.918000 1.230000
1152.000000 63.000000 4.405667 0.983833
1164.000000 63.000000 4.318667 0.376333
1176.000000 63.000000 4.231667 -0.231167
1188.000000 63.000000 4.144667 -0.838667
1200.000000 63.000000 4.057667 -1.446167
1212.000000 63.000000 3.970667 -2.053667
1224.000000 63.000000 3.883667 -2.661167
1236.000000 63.000000 3.796667 -3.268667
1248.000000 63.000000 3.709667 -3.876167
1260.000000 63.000000 3.622667 -4.483667
1272.000000 63.000000 3.535667 -5.091167
1284.000000 63.000000 3.448667 -5.698667
1116.000000 3.000000 3.804000 -5.164000
1128.000000 3.000000 3.746000 -5.280000
1140.000000 3.000000 3.703000 -5.395000
1152.000000 3.000000 3.645000 -5.395000
1164.000000 3.000000 3.587000 -5.395000
1176.000000 3.000000 3.472000 -5.395000
1188.000000 3.000000 3.414000 -5.280000
1200.000000 3.000000 3.356000 -5.280000
1212.000000 3.000000 3.397500 -6.088167
1224.000000 3.000000 3.347000 -6.203667
1236.000000 3.000000 3.296500 -6.319167
1248.000000 3.000000 3.246000 -6.434667
1260.000000 3.000000 3.195500 -6.550167
1272.000000 3.000000 3.145000 -6.665667
1284.000000 3.000000 3.094500 -6.781167
1296.000000 3.000000 3.044000 -6.896667
1308.000000 3.000000 2.993500 -7.012167
1320.000000 3.000000 2.943000 -7.127667
1332.000000 3.000000 2.892500 -7.243167
1344.000000 3.000000 2.842000 -7.358667
1152.000000 39.000000 15.579000 19.181000
1164.000000 39.000000 15.174000 19.296000
1176.000000 39.000000 14.711000 19.412000
1188.000000 39.000000 14.320000 19.412000
1200.000000 39.000000 13.915000 19.528000
1212.000000 39.000000 13.525000 19.658000
1224.000000 39.000000 13.120000 19.788000
1236.000000 39.000000 12.671000 19.788000
1248.000000 39.000000 12.116667 20.104833
1260.000000 39.000000 11.682667 20.220333
1272.000000 39.000000 11.248667 20.335833
1284.000000 39.000000 10.814667 20.451333
1296.000000 39.000000 10.380667 20.566833
1308.000000 39.000000 9.946667 20.682333
1320.000000 39.000000 9.512667 20.797833
1332.000000 39.000000 9.078667 20.913333
1344.000000 39.000000 8.644667 21.028833
1356.000000 39.000000 8.210667 21.144333
1368.000000 39.000000 7.776667 21.259833
1380.000000 39.000000 7.342667 21.375333
1188.000000 38.000000 15.116000 21.293000
1200.000000 38.000000 14.176000 20.627000
1212.000000 38.000000 13.843000 20.685000
1224.000000 38.000000 13.496000 20.815000
1236.000000 38.000000 13.149000 20.945000
1248.000000 38.000000 12.744000 21.061000
1260.000000 38.000000 12.411000 21.119000
1272.000000 38.000000 12.078000 21.235000
1284.000000 38.000000 9.922833 18.740333
1296.000000 38.000000 9.286333 18.436333
1308.000000 38.000000 8.649833 18.132333
1320.000000 38.000000 8.013333 17.828333
1332.000000 38.000000 7.376833 17.524333
1344.000000 38.000000 6.740333 17.220333
1356.000000 38.000000 6.103833 16.916333
1368.000000 38.000000 5.467333 16.612333
1380.000000 38.000000 4.830833 16.308333
1392.000000 38.000000 4.194333 16.004333
1404.000000 38.000000 3.557833 15.700333
1416.000000 38.000000 2.921333 15.396333
1200.000000 11.000000 -16.085000 33.414000
1212.000000 11.000000 -16.085000 33.414000
1224.000000 11.000000 -16.085000 33.414000
1236.000000 11.000000 -16.085000 33.299000
1248.000000 11.000000 -16.085000 33.299000
1260.000000 11.000000 -16.085000 33.299000
1272.000000 11.000000 -16.085000 33.226000
1284.000000 11.000000 -16.085000 33.226000
1296.000000 11.000000 -16.085000 33.414000
1308.000000 11.000000 -16.085000 33.414000
1320.000000 11.000000 -16.085000 33.414000
1332.000000 11.000000 -16.085000 33.414000
1344.000000 11.000000 -16.085000 33.414000
1356.000000 11.000000 -16.085000 33.414000
1368.000000 11.000000 -16.085000 33.414000
1380.000000 11.000000 -16.085000 33.414000
1392.000000 11.000000 -16.085000 33.414000
1404.000000 11.000000 -16.085000 33.414000
1416.000000 11.000000 -16.085000 33.414000
1428.000000 11.000000 -16.085000 33.414000
1236.000000 69.000000 3.298000 21.191000
1248.000000 69.000000 3.298000 20.700000
1260.000000 69.000000 3.298000 20.208000
1272.000000 69.000000 3.298000 19.716000
1284.000000 69.000000 3.414000 19.108000
1296.000000 69.000000 3.472000 18.617000
1308.000000 69.000000 3.529000 18.125000
1320.000000 69.000000 3.587000 17.662000
1332.000000 69.000000 3.298000 17.259167
1344.000000 69.000000 3.298000 16.767667
1356.000000 69.000000 3.298000 16.276167
1368.000000 69.000000 3.298000 15.784667
1380.000000 69.000000 3.298000 15.293167
1392.000000 69.000000 3.298000 14.801667
1404.000000 69.000000 3.298000 14.310167
1416.000000 69.000000 3.298000 13.818667
1428.000000 69.000000 3.298000 13.327167
1440.000000 69.000000 3.298000 12.835667
1452.000000 69.000000 3.298000 12.344167
1464.000000 69.000000 3.298000 11.852667
1260.000000 30.000000 -16.563000 -9.793000
1272.000000 30.000000 -16.852000 -10.285000
1284.000000 30.000000 -17.141000 -10.632000
1296.000000 30.000000 -17.373000 -11.008000
1308.000000 30.000000 -17.604000 -11.384000
1320.000000 30.000000 -17.792000 -11.731000
1332.000000 30.000000 -17.966000 -12.107000
1344.000000 30.000000 -18.183000 -12.397000
1356.000000 30.000000 -18.875000 -13.173167
1368.000000 30.000000 -19.164000 -13.592667
1380.000000 30.000000 -19.453000 -14.012167
1392.000000 30.000000 -19.742000 -14.431667
1404.000000 30.000000 -20.031000 -14.851167
1416.000000 30.000000 -20.320000 -15.270667
1428.000000 30.000000 -20.609000 -15.690167
1440.000000 30.000000 -20.898000 -16.109667
1452.000000 30.000000 -21.187000 -16.529167
1464.000000 30.000000 -21.476000 -16.948667
1476.000000 30.000000 -21.765000 -17.368167
1488.000000 30.000000 -22.054000 -17.787667
1272.000000 59.000000 -6.726000 34.933000
1284.000000 59.000000 -6.668000 34.326000
1296.000000 59.000000 -6.553000 33.704000
1308.000000 59.000000 -6.495000 33.096000
1320.000000 59.000000 -6.437000 32.489000
1332.000000 59.000000 -6.321000 31.881000
1344.000000 59.000000 -6.321000 31.274000
1356.000000 59.000000 -6.321000 30.550000
1368.000000 59.000000 -6.043500 30.019500
1380.000000 59.000000 -5.957000 29.405000
1392.000000 59.000000 -5.870500 28.790500
1404.000000 59.000000 -5.784000 28.176000
1416.000000 59.000000 -5.697500 27.561500
1428.000000 59.000000 -5.611000 26.947000
1440.000000 59.000000 -5.524500 26.332500
1452.000000 59.000000 -5.438000 25.718000
1464.000000 59.000000 -5.351500 25.103500
1476.000000 59.000000 -5.265000 24.489000
1488.000000 59.000000 -5.178500 23.874500
1500.000000 59.000000 -5.092000 23.260000