504.000000 10.000000 4.086000 16.706000
516.000000 10.000000 4.767000 16.706000
528.000000 10.000000 5.447000 16.706000
540.000000 10.000000 6.083000 16.706000
552.000000 10.000000 6.719000 16.706000
564.000000 10.000000 7.309000 16.706000
576.000000 10.000000 7.899000 16.706000
588.000000 10.000000 8.580000 16.524000
600.000000 10.000000 9.530167 16.706000
612.000000 10.000000 10.210667 16.706000
624.000000 10.000000 10.891167 16.706000
636.000000 10.000000 11.571667 16.706000
648.000000 10.000000 12.252167 16.706000
660.000000 10.000000 12.932667 16.706000
672.000000 10.000000 13.613167 16.706000
684.000000 10.000000 14.293667 16.706000
696.000000 10.000000 14.974167 16.706000
708.000000 10.000000 15.654667 16.706000
720.000000 10.000000 16.335167 16.706000
732.000000 10.000000 17.015667 16.706000
504.000000 11.000000 -11.258000 15.208000
516.000000 11.000000 -11.780000 15.208000
528.000000 11.000000 -12.370000 15.208000
540.000000 11.000000 -12.892000 15.208000
552.000000 11.000000 -13.483000 15.208000
564.000000 11.000000 -14.027000 15.208000
576.000000 11.000000 -14.527000 15.208000
588.000000 11.000000 -15.139000 15.208000
600.000000 11.000000 -15.694667 15.208000
612.000000 11.000000 -16.250667 15.208000
624.000000 11.000000 -16.806667 15.208000
636.000000 11.000000 -17.362667 15.208000
648.000000 11.000000 -17.918667 15.208000
660.000000 11.000000 -18.474667 15.208000
672.000000 11.000000 -19.030667 15.208000
684.000000 11.000000 -19.586667 15.208000
696.000000 11.000000 -20.142667 15.208000
708.000000 11.000000 -20.698667 15.208000
720.000000 11.000000 -21.254667 15.208000
732.000000 11.000000 -21.810667 15.208000
504.000000 13.000000 -20.360000 17.296000
516.000000 13.000000 -21.041000 17.296000
528.000000 13.000000 -21.631000 17.296000
540.000000 13.000000 -22.312000 17.455000
552.000000 13.000000 -22.993000 17.455000
564.000000 13.000000 -23.583000 17.455000
576.000000 13.000000 -24.309000 17.296000
588.000000 13.000000 -24.990000 17.114000
600.000000 13.000000 -25.459167 17.296000
612.000000 13.000000 -26.094667 17.296000
624.000000 13.000000 -26.730167 17.296000
636.000000 13.000000 -27.365667 17.296000
648.000000 13.000000 -28.001167 17.296000
660.000000 13.000000 -28.636667 17.296000
672.000000 13.000000 -29.272167 17.296000
684.000000 13.000000 -29.907667 17.296000
696.000000 13.000000 -30.543167 17.296000
708.000000 13.000000 -31.178667 17.296000
720.000000 13.000000 -31.814167 17.296000
732.000000 13.000000 -32.449667 17.296000
504.000000 16.000000 -0.545000 -0.182000
516.000000 16.000000 -0.840000 -0.182000
528.000000 16.000000 -1.180000 -0.182000
540.000000 16.000000 -1.521000 -0.182000
552.000000 16.000000 -1.816000 -0.182000
564.000000 16.000000 -2.134000 -0.182000
576.000000 16.000000 -2.451000 -0.182000
588.000000 16.000000 -2.815000 -0.340000
600.000000 16.000000 -3.077500 -0.182000
612.000000 16.000000 -3.395000 -0.182000
624.000000 16.000000 -3.712500 -0.182000
636.000000 16.000000 -4.030000 -0.182000
648.000000 16.000000 -4.347500 -0.182000
660.000000 16.000000 -4.665000 -0.182000
672.000000 16.000000 -4.982500 -0.182000
684.000000 16.000000 -5.300000 -0.182000
696.000000 16.000000 -5.617500 -0.182000
708.000000 16.000000 -5.935000 -0.182000
720.000000 16.000000 -6.252500 -0.182000
732.000000 16.000000 -6.570000 -0.182000
504.000000 28.000000 7.173000 12.053000
516.000000 28.000000 6.946000 12.552000
528.000000 28.000000 6.809000 12.870000
540.000000 28.000000 6.582000 13.369000
552.000000 28.000000 6.446000 13.710000
564.000000 28.000000 6.219000 14.209000
576.000000 28.000000 6.060000 14.549000
588.000000 28.000000 5.765000 14.867000
600.000000 28.000000 5.702000 15.351167
612.000000 28.000000 5.520000 15.759667
624.000000 28.000000 5.338000 16.168167
636.000000 28.000000 5.156000 16.576667
648.000000 28.000000 4.974000 16.985167
660.000000 28.000000 4.792000 17.393667
672.000000 28.000000 4.610000 17.802167
684.000000 28.000000 4.428000 18.210667
696.000000 28.000000 4.246000 18.619167
708.000000 28.000000 4.064000 19.027667
720.000000 28.000000 3.882000 19.436167
732.000000 28.000000 3.700000 19.844667
516.000000 14.000000 7.967000 10.055000
528.000000 14.000000 7.967000 10.373000
540.000000 14.000000 7.967000 10.713000
552.000000 14.000000 7.967000 11.213000
564.000000 14.000000 7.967000 11.712000
576.000000 14.000000 7.967000 12.053000
588.000000 14.000000 7.967000 12.552000
600.000000 14.000000 8.103000 13.051000
612.000000 14.000000 7.967000 12.683333
624.000000 14.000000 7.967000 13.012333
636.000000 14.000000 7.967000 13.341333
648.000000 14.000000 7.967000 13.670333
660.000000 14.000000 7.967000 13.999333
672.000000 14.000000 7.967000 14.328333
684.000000 14.000000 7.967000 14.657333
696.000000 14.000000 7.967000 14.986333
708.000000 14.000000 7.967000 15.315333
720.000000 14.000000 7.967000 15.644333
732.000000 14.000000 7.967000 15.973333
744.000000 14.000000 7.967000 16.302333
516.000000 26.000000 8.239000 23.197000
528.000000 26.000000 8.012000 22.879000
540.000000 26.000000 7.853000 22.380000
552.000000 26.000000 7.626000 22.017000
564.000000 26.000000 7.400000 21.518000
576.000000 26.000000 7.195000 21.200000
588.000000 26.000000 7.036000 20.700000
600.000000 26.000000 6.809000 20.383000
612.000000 26.000000 6.683667 19.959167
624.000000 26.000000 6.490667 19.550667
636.000000 26.000000 6.297667 19.142167
648.000000 26.000000 6.104667 18.733667
660.000000 26.000000 5.911667 18.325167
672.000000 26.000000 5.718667 17.916667
684.000000 26.000000 5.525667 17.508167
696.000000 26.000000 5.332667 17.099667
708.000000 26.000000 5.139667 16.691167
720.000000 26.000000 4.946667 16.282667
732.000000 26.000000 4.753667 15.874167
744.000000 26.000000 4.560667 15.465667
696.000000 20.000000 -31.255000 10.804000
708.000000 20.000000 -28.940000 11.122000
720.000000 20.000000 -26.557000 11.621000
732.000000 20.000000 -24.173000 11.962000
744.000000 20.000000 -21.767000 12.121000
756.000000 20.000000 -19.316000 11.803000
768.000000 20.000000 -17.137000 11.803000
780.000000 20.000000 -15.366000 11.803000
792.000000 20.000000 -12.474333 14.041833
804.000000 20.000000 -10.125333 14.450333
816.000000 20.000000 -7.776333 14.858833
828.000000 20.000000 -5.427333 15.267333
840.000000 20.000000 -3.078333 15.675833
852.000000 20.000000 -0.729333 16.084333
864.000000 20.000000 1.619667 16.492833
876.000000 20.000000 3.968667 16.901333
888.000000 20.000000 6.317667 17.309833
900.000000 20.000000 8.666667 17.718333
912.000000 20.000000 11.015667 18.126833
924.000000 20.000000 13.364667 18.535333
744.000000 12.000000 -18.567000 18.045000
756.000000 12.000000 -18.249000 18.204000
768.000000 12.000000 -18.521000 18.204000
780.000000 12.000000 -18.748000 18.204000
792.000000 12.000000 -19.066000 18.204000
804.000000 12.000000 -19.656000 18.204000
816.000000 12.000000 -20.473000 18.363000
828.000000 12.000000 -21.835000 18.544000
840.000000 12.000000 -18.284667 18.707500
852.000000 12.000000 -18.261667 18.787000
864.000000 12.000000 -18.238667 18.866500
876.000000 12.000000 -18.215667 18.946000
888.000000 12.000000 -18.192667 19.025500
900.000000 12.000000 -18.169667 19.105000
912.000000 12.000000 -18.146667 19.184500
924.000000 12.000000 -18.123667 19.264000
936.000000 12.000000 -18.100667 19.343500
948.000000 12.000000 -18.077667 19.423000
960.000000 12.000000 -18.054667 19.502500
972.000000 12.000000 -18.031667 19.582000
744.000000 17.000000 -6.106000 -4.676000
756.000000 17.000000 -6.174000 -5.334000
768.000000 17.000000 -6.265000 -5.833000
780.000000 17.000000 -6.537000 -6.174000
792.000000 17.000000 -6.855000 -6.333000
804.000000 17.000000 -7.218000 -6.673000
816.000000 17.000000 -7.218000 -7.173000
828.000000 17.000000 -7.309000 -7.831000
840.000000 17.000000 -6.738167 -9.330500
852.000000 17.000000 -6.817667 -9.909000
864.000000 17.000000 -6.897167 -10.487500
876.000000 17.000000 -6.976667 -11.066000
888.000000 17.000000 -7.056167 -11.644500
900.000000 17.000000 -7.135667 -12.223000
912.000000 17.000000 -7.215167 -12.801500
924.000000 17.000000 -7.294667 -13.380000
936.000000 17.000000 -7.374167 -13.958500
948.000000 17.000000 -7.453667 -14.537000
960.000000 17.000000 -7.533167 -15.115500
972.000000 17.000000 -7.612667 -15.694000
744.000000 29.000000 4.403000 20.360000
756.000000 29.000000 4.630000 20.700000
768.000000 29.000000 4.630000 21.041000
780.000000 29.000000 4.358000 21.200000
792.000000 29.000000 4.131000 21.200000
804.000000 29.000000 3.813000 21.359000
816.000000 29.000000 3.450000 21.540000
828.000000 29.000000 2.928000 21.858000
840.000000 29.000000 5.348833 23.083833
852.000000 29.000000 5.462333 23.424333
864.000000 29.000000 5.575833 23.764833
876.000000 29.000000 5.689333 24.105333
888.000000 29.000000 5.802833 24.445833
900.000000 29.000000 5.916333 24.786333
912.000000 29.000000 6.029833 25.126833
924.000000 29.000000 6.143333 25.467333
936.000000 29.000000 6.256833 25.807833
948.000000 29.000000 6.370333 26.148333
960.000000 29.000000 6.483833 26.488833
972.000000 29.000000 6.597333 26.829333
744.000000 31.000000 -10.713000 -8.648000
756.000000 31.000000 -10.623000 -8.648000
768.000000 31.000000 -10.486000 -8.512000
780.000000 31.000000 -10.305000 -8.330000
792.000000 31.000000 -10.078000 -8.012000
804.000000 31.000000 -9.715000 -7.649000
816.000000 31.000000 -9.352000 -7.150000
828.000000 31.000000 -9.034000 -6.650000
840.000000 31.000000 -9.812833 -8.126667
852.000000 31.000000 -9.699333 -8.058667
864.000000 31.000000 -9.585833 -7.990667
876.000000 31.000000 -9.472333 -7.922667
888.000000 31.000000 -9.358833 -7.854667
900.000000 31.000000 -9.245333 -7.786667
912.000000 31.000000 -9.131833 -7.718667
924.000000 31.000000 -9.018333 -7.650667
936.000000 31.000000 -8.904833 -7.582667
948.000000 31.000000 -8.791333 -7.514667
960.000000 31.000000 -8.677833 -7.446667
972.000000 31.000000 -8.564333 -7.378667
756.000000 27.000000 7.853000 18.204000
768.000000 27.000000 7.922000 18.204000
780.000000 27.000000 7.490000 18.204000
792.000000 27.000000 7.104000 18.204000
804.000000 27.000000 6.650000 18.204000
816.000000 27.000000 6.287000 18.204000
828.000000 27.000000 5.765000 18.204000
840.000000 27.000000 5.175000 18.204000
852.000000 27.000000 6.484500 18.204000
864.000000 27.000000 6.303000 18.204000
876.000000 27.000000 6.121500 18.204000
888.000000 27.000000 5.940000 18.204000
900.000000 27.000000 5.758500 18.204000
912.000000 27.000000 5.577000 18.204000
924.000000 27.000000 5.395500 18.204000
936.000000 27.000000 5.214000 18.204000
948.000000 27.000000 5.032500 18.204000
960.000000 27.000000 4.851000 18.204000
972.000000 27.000000 4.669500 18.204000
984.000000 27.000000 4.488000 18.204000
780.000000 30.000000 -9.215000 -8.489000
792.000000 30.000000 -9.056000 -8.171000
804.000000 30.000000 -8.988000 -7.831000
816.000000 30.000000 -8.829000 -7.331000
828.000000 30.000000 -8.602000 -7.173000
840.000000 30.000000 -8.307000 -6.991000
852.000000 30.000000 -8.012000 -6.673000
864.000000 30.000000 -7.717000 -6.333000
876.000000 30.000000 -8.291833 -5.860667
888.000000 30.000000 -8.178333 -5.531667
900.000000 30.000000 -8.064833 -5.202667
912.000000 30.000000 -7.951333 -4.873667
924.000000 30.000000 -7.837833 -4.544667
936.000000 30.000000 -7.724333 -4.215667
948.000000 30.000000 -7.610833 -3.886667
960.000000 30.000000 -7.497333 -3.557667
972.000000 30.000000 -7.383833 -3.228667
984.000000 30.000000 -7.270333 -2.899667
996.000000 30.000000 -7.156833 -2.570667
1008.000000 30.000000 -7.043333 -2.241667