0.000000 3.000000 40.391000 7.389000
12.000000 3.000000 40.391000 7.389000
24.000000 3.000000 40.391000 7.389000
36.000000 3.000000 40.391000 7.389000
48.000000 3.000000 40.391000 7.389000
60.000000 3.000000 40.391000 7.389000
72.000000 3.000000 40.391000 7.389000
84.000000 3.000000 40.391000 7.498000
96.000000 3.000000 40.391000 7.389000
108.000000 3.000000 40.391000 7.389000
120.000000 3.000000 40.391000 7.389000
132.000000 3.000000 40.391000 7.389000
144.000000 3.000000 40.391000 7.389000
156.000000 3.000000 40.391000 7.389000
168.000000 3.000000 40.391000 7.389000
180.000000 3.000000 40.391000 7.389000
192.000000 3.000000 40.391000 7.389000
204.000000 3.000000 40.391000 7.389000
216.000000 3.000000 40.391000 7.389000
228.000000 3.000000 40.391000 7.389000
0.000000 5.000000 40.500000 5.526000
12.000000 5.000000 40.500000 5.526000
24.000000 5.000000 40.500000 5.526000
36.000000 5.000000 40.500000 5.526000
48.000000 5.000000 40.500000 5.526000
60.000000 5.000000 40.500000 5.526000
72.000000 5.000000 40.500000 5.526000
84.000000 5.000000 40.500000 5.526000
96.000000 5.000000 40.500000 5.526000
108.000000 5.000000 40.500000 5.526000
120.000000 5.000000 40.500000 5.526000
132.000000 5.000000 40.500000 5.526000
144.000000 5.000000 40.500000 5.526000
156.000000 5.000000 40.500000 5.526000
168.000000 5.000000 40.500000 5.526000
180.000000 5.000000 40.500000 5.526000
192.000000 5.000000 40.500000 5.526000
204.000000 5.000000 40.500000 5.526000
216.000000 5.000000 40.500000 5.526000
228.000000 5.000000 40.500000 5.526000
0.000000 7.000000 45.028000 7.541000
12.000000 7.000000 45.028000 7.541000
24.000000 7.000000 45.028000 7.541000
36.000000 7.000000 45.028000 7.541000
48.000000 7.000000 45.028000 7.541000
60.000000 7.000000 45.028000 7.541000
72.000000 7.000000 45.028000 7.541000
84.000000 7.000000 45.028000 7.541000
96.000000 7.000000 45.028000 7.541000
108.000000 7.000000 45.028000 7.541000
120.000000 7.000000 45.028000 7.541000
132.000000 7.000000 45.028000 7.541000
144.000000 7.000000 45.028000 7.541000
156.000000 7.000000 45.028000 7.541000
168.000000 7.000000 45.028000 7.541000
180.000000 7.000000 45.028000 7.541000
192.000000 7.000000 45.028000 7.541000
204.000000 7.000000 45.028000 7.541000
216.000000 7.000000 45.028000 7.541000
228.000000 7.000000 45.028000 7.541000
0.000000 9.000000 44.552000 6.869000
12.000000 9.000000 44.552000 6.869000
24.000000 9.000000 44.552000 6.869000
36.000000 9.000000 44.552000 6.869000
48.000000 9.000000 44.552000 6.869000
60.000000 9.000000 44.552000 6.869000
72.000000 9.000000 44.552000 6.869000
84.000000 9.000000 44.552000 6.869000
96.000000 9.000000 44.552000 6.869000
108.000000 9.000000 44.552000 6.869000
120.000000 9.000000 44.552000 6.869000
132.000000 9.000000 44.552000 6.869000
144.000000 9.000000 44.552000 6.869000
156.000000 9.000000 44.552000 6.869000
168.000000 9.000000 44.552000 6.869000
180.000000 9.000000 44.552000 6.869000
192.000000 9.000000 44.552000 6.869000
204.000000 9.000000 44.552000 6.869000
216.000000 9.000000 44.552000 6.869000
228.000000 9.000000 44.552000 6.869000
0.000000 11.000000 47.889000 6.414000
12.000000 11.000000 47.889000 6.414000
24.000000 11.000000 47.889000 6.414000
36.000000 11.000000 47.889000 6.414000
48.000000 11.000000 47.889000 6.414000
60.000000 11.000000 47.889000 6.414000
72.000000 11.000000 47.889000 6.414000
84.000000 11.000000 47.889000 6.414000
96.000000 11.000000 47.889000 6.414000
108.000000 11.000000 47.889000 6.414000
120.000000 11.000000 47.889000 6.414000
132.000000 11.000000 47.889000 6.414000
144.000000 11.000000 47.889000 6.414000
156.000000 11.000000 47.889000 6.414000
168.000000 11.000000 47.889000 6.414000
180.000000 11.000000 47.889000 6.414000
192.000000 11.000000 47.889000 6.414000
204.000000 11.000000 47.889000 6.414000
216.000000 11.000000 47.889000 6.414000
228.000000 11.000000 47.889000 6.414000
0.000000 13.000000 52.483000 3.922000
12.000000 13.000000 52.483000 3.922000
24.000000 13.000000 52.483000 3.922000
36.000000 13.000000 52.483000 3.922000
48.000000 13.000000 52.483000 3.922000
60.000000 13.000000 52.483000 3.922000
72.000000 13.000000 52.483000 3.922000
84.000000 13.000000 52.483000 3.922000
96.000000 13.000000 52.483000 3.922000
108.000000 13.000000 52.483000 3.922000
120.000000 13.000000 52.483000 3.922000
132.000000 13.000000 52.483000 3.922000
144.000000 13.000000 52.483000 3.922000
156.000000 13.000000 52.483000 3.922000
168.000000 13.000000 52.483000 3.922000
180.000000 13.000000 52.483000 3.922000
192.000000 13.000000 52.483000 3.922000
204.000000 13.000000 52.483000 3.922000
216.000000 13.000000 52.483000 3.922000
228.000000 13.000000 52.483000 3.922000
0.000000 15.000000 51.182000 6.111000
12.000000 15.000000 51.182000 6.024000
24.000000 15.000000 51.182000 6.024000
36.000000 15.000000 51.182000 5.916000
48.000000 15.000000 51.312000 5.916000
60.000000 15.000000 51.312000 5.829000
72.000000 15.000000 51.312000 5.829000
84.000000 15.000000 51.312000 5.829000
96.000000 15.000000 51.182000 5.748500
108.000000 15.000000 51.182000 5.705000
120.000000 15.000000 51.182000 5.661500
132.000000 15.000000 51.182000 5.618000
144.000000 15.000000 51.182000 5.574500
156.000000 15.000000 51.182000 5.531000
168.000000 15.000000 51.182000 5.487500
180.000000 15.000000 51.182000 5.444000
192.000000 15.000000 51.182000 5.400500
204.000000 15.000000 51.182000 5.357000
216.000000 15.000000 51.182000 5.313500
228.000000 15.000000 51.182000 5.270000
0.000000 17.000000 50.467000 5.396000
12.000000 17.000000 50.706000 5.179000
24.000000 17.000000 51.052000 4.984000
36.000000 17.000000 51.312000 4.897000
48.000000 17.000000 51.529000 4.897000
60.000000 17.000000 51.659000 4.897000
72.000000 17.000000 51.789000 4.897000
84.000000 17.000000 52.006000 4.897000
96.000000 17.000000 52.789167 3.744333
108.000000 17.000000 53.081667 3.538333
120.000000 17.000000 53.374167 3.332333
132.000000 17.000000 53.666667 3.126333
144.000000 17.000000 53.959167 2.920333
156.000000 17.000000 54.251667 2.714333
168.000000 17.000000 54.544167 2.508333
180.000000 17.000000 54.836667 2.302333
192.000000 17.000000 55.129167 2.096333
204.000000 17.000000 55.421667 1.890333
216.000000 17.000000 55.714167 1.684333
228.000000 17.000000 56.006667 1.478333
0.000000 19.000000 46.632000 9.253000
12.000000 19.000000 46.415000 9.751000
24.000000 19.000000 46.155000 10.249000
36.000000 19.000000 45.938000 10.726000
48.000000 19.000000 45.808000 11.225000
60.000000 19.000000 45.678000 11.723000
72.000000 19.000000 45.570000 12.200000
84.000000 19.000000 45.570000 12.698000
96.000000 19.000000 44.731167 13.237000
108.000000 19.000000 44.492667 13.735000
120.000000 19.000000 44.254167 14.233000
132.000000 19.000000 44.015667 14.731000
144.000000 19.000000 43.777167 15.229000
156.000000 19.000000 43.538667 15.727000
168.000000 19.000000 43.300167 16.225000
180.000000 19.000000 43.061667 16.723000
192.000000 19.000000 42.823167 17.221000
204.000000 19.000000 42.584667 17.719000
216.000000 19.000000 42.346167 18.217000
228.000000 19.000000 42.107667 18.715000
0.000000 21.000000 46.762000 12.806000
12.000000 21.000000 46.762000 12.698000
24.000000 21.000000 46.762000 12.698000
36.000000 21.000000 46.762000 12.698000
48.000000 21.000000 46.762000 12.698000
60.000000 21.000000 46.762000 12.611000
72.000000 21.000000 46.762000 12.611000
84.000000 21.000000 46.762000 12.611000
96.000000 21.000000 46.762000 12.356000
108.000000 21.000000 46.762000 12.302000
120.000000 21.000000 46.762000 12.248000
132.000000 21.000000 46.762000 12.194000
144.000000 21.000000 46.762000 12.140000
156.000000 21.000000 46.762000 12.086000
168.000000 21.000000 46.762000 12.032000
180.000000 21.000000 46.762000 11.978000
192.000000 21.000000 46.762000 11.924000
204.000000 21.000000 46.762000 11.870000
216.000000 21.000000 46.762000 11.816000
228.000000 21.000000 46.762000 11.762000
0.000000 23.000000 47.130000 11.615000
12.000000 23.000000 47.130000 11.615000
24.000000 23.000000 47.130000 11.615000
36.000000 23.000000 47.130000 11.615000
48.000000 23.000000 47.130000 11.615000
60.000000 23.000000 47.130000 11.615000
72.000000 23.000000 47.130000 11.615000
84.000000 23.000000 47.130000 11.615000
96.000000 23.000000 47.130000 11.615000
108.000000 23.000000 47.130000 11.615000
120.000000 23.000000 47.130000 11.615000
132.000000 23.000000 47.130000 11.615000
144.000000 23.000000 47.130000 11.615000
156.000000 23.000000 47.130000 11.615000
168.000000 23.000000 47.130000 11.615000
180.000000 23.000000 47.130000 11.615000
192.000000 23.000000 47.130000 11.615000
204.000000 23.000000 47.130000 11.615000
216.000000 23.000000 47.130000 11.615000
228.000000 23.000000 47.130000 11.615000
0.000000 25.000000 52.006000 9.209000
12.000000 25.000000 52.266000 9.318000
24.000000 25.000000 52.613000 9.404000
36.000000 25.000000 52.959000 9.513000
48.000000 25.000000 52.962000 9.515000
60.000000 25.000000 52.965000 9.517000
72.000000 25.000000 52.968000 9.521000
84.000000 25.000000 52.972000 9.523000
96.000000 25.000000 54.419500 9.992833
108.000000 25.000000 54.723000 10.090333
120.000000 25.000000 55.026500 10.187833
132.000000 25.000000 55.330000 10.285333
144.000000 25.000000 55.633500 10.382833
156.000000 25.000000 55.937000 10.480333
168.000000 25.000000 56.240500 10.577833
180.000000 25.000000 56.544000 10.675333
192.000000 25.000000 56.847500 10.772833
204.000000 25.000000 57.151000 10.870333
216.000000 25.000000 57.454500 10.967833
228.000000 25.000000 57.758000 11.065333
0.000000 27.000000 53.393000 -1.950000
12.000000 27.000000 53.393000 -1.950000
24.000000 27.000000 53.393000 -1.950000
36.000000 27.000000 53.393000 -1.820000
48.000000 27.000000 53.393000 -1.820000
60.000000 27.000000 53.436000 -1.734000
72.000000 27.000000 53.436000 -1.734000
84.000000 27.000000 53.501000 -1.647000
96.000000 27.000000 53.393000 -1.950000
108.000000 27.000000 53.393000 -1.950000
120.000000 27.000000 53.393000 -1.950000
132.000000 27.000000 53.393000 -1.950000
144.000000 27.000000 53.393000 -1.950000
156.000000 27.000000 53.393000 -1.950000
168.000000 27.000000 53.393000 -1.950000
180.000000 27.000000 53.393000 -1.950000
192.000000 27.000000 53.393000 -1.950000
204.000000 27.000000 53.393000 -1.950000
216.000000 27.000000 53.393000 -1.950000
228.000000 27.000000 53.393000 -1.950000
0.000000 29.000000 11.961000 -22.124000
12.000000 29.000000 12.221000 -22.319000
24.000000 29.000000 12.438000 -22.471000
36.000000 29.000000 12.698000 -22.601000
48.000000 29.000000 13.045000 -22.774000
60.000000 29.000000 13.305000 -22.904000
72.000000 29.000000 13.522000 -23.056000
84.000000 29.000000 13.653000 -23.099000
96.000000 29.000000 13.876167 -23.519167
108.000000 29.000000 14.114667 -23.692667
120.000000 29.000000 14.353167 -23.866167
132.000000 29.000000 14.591667 -24.039667
144.000000 29.000000 14.830167 -24.213167
156.000000 29.000000 15.068667 -24.386667
168.000000 29.000000 15.307167 -24.560167
180.000000 29.000000 15.545667 -24.733667
192.000000 29.000000 15.784167 -24.907167
204.000000 29.000000 16.022667 -25.080667
216.000000 29.000000 16.261167 -25.254167
228.000000 29.000000 16.499667 -25.427667
60.000000 1.000000 -13.391000 -22.601000
72.000000 1.000000 -11.355000 -21.431000
84.000000 1.000000 -9.318000 -20.261000
96.000000 1.000000 -7.302000 -18.982000
108.000000 1.000000 -5.287000 -17.790000
120.000000 1.000000 -3.380000 -16.230000
132.000000 1.000000 -1.560000 -14.562000
144.000000 1.000000 0.347000 -12.980000
156.000000 1.000000 2.900833 -13.241000
168.000000 1.000000 4.937333 -12.071000
180.000000 1.000000 6.973833 -10.901000
192.000000 1.000000 9.010333 -9.731000
204.000000 1.000000 11.046833 -8.561000
216.000000 1.000000 13.083333 -7.391000
228.000000 1.000000 15.119833 -6.221000
240.000000 1.000000 17.156333 -5.051000
252.000000 1.000000 19.192833 -3.881000
264.000000 1.000000 21.229333 -2.711000
276.000000 1.000000 23.265833 -1.541000
288.000000 1.000000 25.302333 -0.371000
240.000000 4.000000 40.391000 7.693000
252.000000 4.000000 40.391000 7.693000
264.000000 4.000000 40.391000 7.693000
276.000000 4.000000 40.391000 7.693000
288.000000 4.000000 40.391000 7.693000
300.000000 4.000000 40.391000 7.693000
312.000000 4.000000 40.391000 7.693000
324.000000 4.000000 40.391000 7.693000
336.000000 4.000000 40.391000 7.693000
348.000000 4.000000 40.391000 7.693000
360.000000 4.000000 40.391000 7.693000
372.000000 4.000000 40.391000 7.693000
384.000000 4.000000 40.391000 7.693000
396.000000 4.000000 40.391000 7.693000
408.000000 4.000000 40.391000 7.693000
420.000000 4.000000 40.391000 7.693000
432.000000 4.000000 40.391000 7.693000
444.000000 4.000000 40.391000 7.693000
456.000000 4.000000 40.391000 7.693000
468.000000 4.000000 40.391000 7.693000
240.000000 6.000000 40.500000 5.526000
252.000000 6.000000 40.500000 5.526000
264.000000 6.000000 40.500000 5.526000
276.000000 6.000000 40.500000 5.526000
288.000000 6.000000 40.500000 5.526000
300.000000 6.000000 40.500000 5.526000
312.000000 6.000000 40.500000 5.526000
324.000000 6.000000 40.500000 5.526000
336.000000 6.000000 40.500000 5.526000
348.000000 6.000000 40.500000 5.526000
360.000000 6.000000 40.500000 5.526000
372.000000 6.000000 40.500000 5.526000
384.000000 6.000000 40.500000 5.526000
396.000000 6.000000 40.500000 5.526000
408.000000 6.000000 40.500000 5.526000
420.000000 6.000000 40.500000 5.526000
432.000000 6.000000 40.500000 5.526000
444.000000 6.000000 40.500000 5.526000
456.000000 6.000000 40.500000 5.526000
468.000000 6.000000 40.500000 5.526000
240.000000 8.000000 45.028000 7.541000
252.000000 8.000000 45.028000 7.541000
264.000000 8.000000 45.028000 7.541000
276.000000 8.000000 45.028000 7.541000
288.000000 8.000000 45.028000 7.541000
300.000000 8.000000 45.028000 7.541000
312.000000 8.000000 45.028000 7.541000
324.000000 8.000000 45.028000 7.541000
336.000000 8.000000 45.028000 7.541000
348.000000 8.000000 45.028000 7.541000
360.000000 8.000000 45.028000 7.541000
372.000000 8.000000 45.028000 7.541000
384.000000 8.000000 45.028000 7.541000
396.000000 8.000000 45.028000 7.541000
408.000000 8.000000 45.028000 7.541000
420.000000 8.000000 45.028000 7.541000
432.000000 8.000000 45.028000 7.541000
444.000000 8.000000 45.028000 7.541000
456.000000 8.000000 45.028000 7.541000
468.000000 8.000000 45.028000 7.541000
240.000000 10.000000 44.552000 6.869000
252.000000 10.000000 44.552000 6.869000
264.000000 10.000000 44.552000 6.869000
276.000000 10.000000 44.552000 6.869000
288.000000 10.000000 44.552000 6.869000
300.000000 10.000000 44.552000 6.869000
312.000000 10.000000 44.552000 6.869000
324.000000 10.000000 44.552000 6.869000
336.000000 10.000000 44.552000 6.869000
348.000000 10.000000 44.552000 6.869000
360.000000 10.000000 44.552000 6.869000
372.000000 10.000000 44.552000 6.869000
384.000000 10.000000 44.552000 6.869000
396.000000 10.000000 44.552000 6.869000
408.000000 10.000000 44.552000 6.869000
420.000000 10.000000 44.552000 6.869000
432.000000 10.000000 44.552000 6.869000
444.000000 10.000000 44.552000 6.869000
456.000000 10.000000 44.552000 6.869000
468.000000 10.000000 44.552000 6.869000
240.000000 12.000000 47.889000 6.414000
252.000000 12.000000 47.889000 6.414000
264.000000 12.000000 47.889000 6.414000
276.000000 12.000000 47.889000 6.414000
288.000000 12.000000 47.889000 6.414000
300.000000 12.000000 47.889000 6.414000
312.000000 12.000000 47.889000 6.414000
324.000000 12.000000 47.889000 6.414000
336.000000 12.000000 47.889000 6.414000
348.000000 12.000000 47.889000 6.414000
360.000000 12.000000 47.889000 6.414000
372.000000 12.000000 47.889000 6.414000
384.000000 12.000000 47.889000 6.414000
396.000000 12.000000 47.889000 6.414000
408.000000 12.000000 47.889000 6.414000
420.000000 12.000000 47.889000 6.414000
432.000000 12.000000 47.889000 6.414000
444.000000 12.000000 47.889000 6.414000
456.000000 12.000000 47.889000 6.414000
468.000000 12.000000 47.889000 6.414000
240.000000 14.000000 52.483000 3.922000
252.000000 14.000000 52.483000 3.922000
264.000000 14.000000 52.483000 3.922000
276.000000 14.000000 52.483000 3.922000
288.000000 14.000000 52.483000 3.922000
300.000000 14.000000 52.483000 3.922000
312.000000 14.000000 52.483000 3.922000
324.000000 14.000000 52.483000 3.922000
336.000000 14.000000 52.483000 3.922000
348.000000 14.000000 52.483000 3.922000
360.000000 14.000000 52.483000 3.922000
372.000000 14.000000 52.483000 3.922000
384.000000 14.000000 52.483000 3.922000
396.000000 14.000000 52.483000 3.922000
408.000000 14.000000 52.483000 3.922000
420.000000 14.000000 52.483000 3.922000
432.000000 14.000000 52.483000 3.922000
444.000000 14.000000 52.483000 3.922000
456.000000 14.000000 52.483000 3.922000
468.000000 14.000000 52.483000 3.922000
240.000000 16.000000 51.659000 5.526000
252.000000 16.000000 51.659000 5.526000
264.000000 16.000000 51.659000 5.526000
276.000000 16.000000 51.659000 5.526000
288.000000 16.000000 51.659000 5.526000
300.000000 16.000000 51.659000 5.526000
312.000000 16.000000 51.659000 5.526000
324.000000 16.000000 51.659000 5.526000
336.000000 16.000000 51.659000 5.526000
348.000000 16.000000 51.659000 5.526000
360.000000 16.000000 51.659000 5.526000
372.000000 16.000000 51.659000 5.526000
384.000000 16.000000 51.659000 5.526000
396.000000 16.000000 51.659000 5.526000
408.000000 16.000000 51.659000 5.526000
420.000000 16.000000 51.659000 5.526000
432.000000 16.000000 51.659000 5.526000
444.000000 16.000000 51.659000 5.526000
456.000000 16.000000 51.659000 5.526000
468.000000 16.000000 51.659000 5.526000
240.000000 18.000000 53.089000 5.396000
252.000000 18.000000 53.089000 5.396000
264.000000 18.000000 52.959000 5.396000
276.000000 18.000000 52.851000 5.396000
288.000000 18.000000 52.851000 5.287000
300.000000 18.000000 52.743000 5.287000
312.000000 18.000000 52.613000 5.287000
324.000000 18.000000 52.483000 5.287000
336.000000 18.000000 52.590667 5.396000
348.000000 18.000000 52.525667 5.396000
360.000000 18.000000 52.460667 5.396000
372.000000 18.000000 52.395667 5.396000
384.000000 18.000000 52.330667 5.396000
396.000000 18.000000 52.265667 5.396000
408.000000 18.000000 52.200667 5.396000
420.000000 18.000000 52.135667 5.396000
432.000000 18.000000 52.070667 5.396000
444.000000 18.000000 52.005667 5.396000
456.000000 18.000000 51.940667 5.396000
468.000000 18.000000 51.875667 5.396000
240.000000 20.000000 46.153000 18.568000
252.000000 20.000000 46.132000 18.283000
264.000000 20.000000 46.111000 17.998000
276.000000 20.000000 46.090000 17.713000
288.000000 20.000000 46.068000 17.428000
300.000000 20.000000 46.047000 17.142000
312.000000 20.000000 46.026000 16.857000
324.000000 20.000000 46.004000 16.572000
336.000000 20.000000 45.985000 16.288000
348.000000 20.000000 45.964000 16.003000
360.000000 20.000000 45.943000 15.718000
372.000000 20.000000 45.922000 15.433000
384.000000 20.000000 45.901000 15.148000
396.000000 20.000000 45.880000 14.863000
408.000000 20.000000 45.859000 14.578000
420.000000 20.000000 45.838000 14.293000
432.000000 20.000000 45.817000 14.008000
444.000000 20.000000 45.796000 13.723000
456.000000 20.000000 45.775000 13.438000
468.000000 20.000000 45.754000 13.153000
240.000000 22.000000 46.892000 12.308000
252.000000 22.000000 46.892000 12.308000
264.000000 22.000000 46.892000 12.308000
276.000000 22.000000 46.892000 12.200000
288.000000 22.000000 46.892000 12.200000
300.000000 22.000000 46.892000 12.200000
312.000000 22.000000 46.892000 12.200000
324.000000 22.000000 46.892000 12.200000
336.000000 22.000000 46.892000 12.308000
348.000000 22.000000 46.892000 12.308000
360.000000 22.000000 46.892000 12.308000
372.000000 22.000000 46.892000 12.308000
384.000000 22.000000 46.892000 12.308000
396.000000 22.000000 46.892000 12.308000
408.000000 22.000000 46.892000 12.308000
420.000000 22.000000 46.892000 12.308000
432.000000 22.000000 46.892000 12.308000
444.000000 22.000000 46.892000 12.308000
456.000000 22.000000 46.892000 12.308000
468.000000 22.000000 46.892000 12.308000
240.000000 24.000000 47.130000 11.615000
252.000000 24.000000 47.130000 11.615000
264.000000 24.000000 47.130000 11.615000
276.000000 24.000000 47.130000 11.615000
288.000000 24.000000 47.130000 11.615000
300.000000 24.000000 47.130000 11.615000
312.000000 24.000000 47.130000 11.615000
324.000000 24.000000 47.130000 11.615000
336.000000 24.000000 47.130000 11.615000
348.000000 24.000000 47.130000 11.615000
360.000000 24.000000 47.130000 11.615000
372.000000 24.000000 47.130000 11.615000
384.000000 24.000000 47.130000 11.615000
396.000000 24.000000 47.130000 11.615000
408.000000 24.000000 47.130000 11.615000
420.000000 24.000000 47.130000 11.615000
432.000000 24.000000 47.130000 11.615000
444.000000 24.000000 47.130000 11.615000
456.000000 24.000000 47.130000 11.615000
468.000000 24.000000 47.130000 11.615000
240.000000 26.000000 53.015000 9.559000
252.000000 26.000000 53.018000 9.562000
264.000000 26.000000 53.022000 9.565000
276.000000 26.000000 53.025000 9.567000
288.000000 26.000000 53.028000 9.570000
300.000000 26.000000 53.032000 9.573000
312.000000 26.000000 53.035000 9.576000
324.000000 26.000000 53.038000 9.579000
336.000000 26.000000 53.042833 9.583000
348.000000 26.000000 53.046333 9.586000
360.000000 26.000000 53.049833 9.589000
372.000000 26.000000 53.053333 9.592000
384.000000 26.000000 53.056833 9.595000
396.000000 26.000000 53.060333 9.598000
408.000000 26.000000 53.063833 9.601000
420.000000 26.000000 53.067333 9.604000
432.000000 26.000000 53.070833 9.607000
444.000000 26.000000 53.074333 9.610000
456.000000 26.000000 53.077833 9.613000
468.000000 26.000000 53.081333 9.616000
240.000000 28.000000 53.804000 -1.040000
252.000000 28.000000 53.848000 -0.953000
264.000000 28.000000 53.848000 -0.953000
276.000000 28.000000 53.848000 -0.867000
288.000000 28.000000 53.848000 -0.867000
300.000000 28.000000 53.978000 -0.737000
312.000000 28.000000 53.978000 -0.737000
324.000000 28.000000 53.978000 -0.650000
336.000000 28.000000 53.987333 -0.677500
348.000000 28.000000 54.009333 -0.634000
360.000000 28.000000 54.031333 -0.590500
372.000000 28.000000 54.053333 -0.547000
384.000000 28.000000 54.075333 -0.503500
396.000000 28.000000 54.097333 -0.460000
408.000000 28.000000 54.119333 -0.416500
420.000000 28.000000 54.141333 -0.373000
432.000000 28.000000 54.163333 -0.329500
444.000000 28.000000 54.185333 -0.286000
456.000000 28.000000 54.207333 -0.242500
468.000000 28.000000 54.229333 -0.199000
240.000000 30.000000 13.700000 -23.099000
252.000000 30.000000 13.704000 -23.099000
264.000000 30.000000 13.707000 -23.099000
276.000000 30.000000 13.711000 -23.099000
288.000000 30.000000 13.715000 -23.099000
300.000000 30.000000 13.719000 -23.099000
312.000000 30.000000 13.722000 -23.099000
324.000000 30.000000 13.726000 -23.099000
336.000000 30.000000 13.728167 -23.099000
348.000000 30.000000 13.731667 -23.099000
360.000000 30.000000 13.735167 -23.099000
372.000000 30.000000 13.738667 -23.099000
384.000000 30.000000 13.742167 -23.099000
396.000000 30.000000 13.745667 -23.099000
408.000000 30.000000 13.749167 -23.099000
420.000000 30.000000 13.752667 -23.099000
432.000000 30.000000 13.756167 -23.099000
444.000000 30.000000 13.759667 -23.099000
456.000000 30.000000 13.763167 -23.099000
468.000000 30.000000 13.766667 -23.099000
276.000000 0.000000 -16.967000 -22.861000
288.000000 0.000000 -15.233000 -22.861000
300.000000 0.000000 -13.457000 -22.861000
312.000000 0.000000 -11.680000 -22.861000
324.000000 0.000000 -9.859000 -22.753000
336.000000 0.000000 -7.823000 -22.666000
348.000000 0.000000 -5.829000 -22.666000
360.000000 0.000000 -3.792000 -22.558000
372.000000 0.000000 -2.934000 -22.861000
384.000000 0.000000 -1.179000 -22.861000
396.000000 0.000000 0.576000 -22.861000
408.000000 0.000000 2.331000 -22.861000
420.000000 0.000000 4.086000 -22.861000
432.000000 0.000000 5.841000 -22.861000
444.000000 0.000000 7.596000 -22.861000
456.000000 0.000000 9.351000 -22.861000
468.000000 0.000000 11.106000 -22.861000
480.000000 0.000000 12.861000 -22.861000
492.000000 0.000000 14.616000 -22.861000
504.000000 0.000000 16.371000 -22.861000