0.000000 1.000000 10.292000 13.907000
12.000000 1.000000 10.803000 14.014000
24.000000 1.000000 11.398000 14.205000
36.000000 1.000000 11.994000 14.396000
48.000000 1.000000 12.568000 14.545000
60.000000 1.000000 13.163000 14.715000
72.000000 1.000000 13.737000 14.864000
84.000000 1.000000 14.333000 15.077000
96.000000 1.000000 14.702000 15.085000
108.000000 1.000000 15.255000 15.234000
120.000000 1.000000 15.808000 15.383000
132.000000 1.000000 16.361000 15.532000
144.000000 1.000000 16.914000 15.681000
156.000000 1.000000 17.467000 15.830000
168.000000 1.000000 18.020000 15.979000
180.000000 1.000000 18.573000 16.128000
192.000000 1.000000 19.126000 16.277000
204.000000 1.000000 19.679000 16.426000
216.000000 1.000000 20.232000 16.575000
228.000000 1.000000 20.785000 16.724000
0.000000 3.000000 35.938000 22.201000
12.000000 3.000000 35.470000 22.094000
24.000000 3.000000 35.002000 22.009000
36.000000 3.000000 34.535000 21.924000
48.000000 3.000000 34.194000 21.797000
60.000000 3.000000 33.726000 21.712000
72.000000 3.000000 33.259000 21.627000
84.000000 3.000000 32.833000 21.542000
96.000000 3.000000 32.194000 21.429333
108.000000 3.000000 31.726000 21.333333
120.000000 3.000000 31.258000 21.237333
132.000000 3.000000 30.790000 21.141333
144.000000 3.000000 30.322000 21.045333
156.000000 3.000000 29.854000 20.949333
168.000000 3.000000 29.386000 20.853333
180.000000 3.000000 28.918000 20.757333
192.000000 3.000000 28.450000 20.661333
204.000000 3.000000 27.982000 20.565333
216.000000 3.000000 27.514000 20.469333
228.000000 3.000000 27.046000 20.373333
0.000000 5.000000 32.663000 15.119000
12.000000 5.000000 32.195000 14.630000
24.000000 5.000000 31.728000 14.248000
36.000000 5.000000 31.260000 13.865000
48.000000 5.000000 30.898000 13.461000
60.000000 5.000000 30.430000 13.078000
72.000000 5.000000 29.963000 12.695000
84.000000 5.000000 29.601000 12.227000
96.000000 5.000000 28.922833 11.617167
108.000000 5.000000 28.455333 11.181667
120.000000 5.000000 27.987833 10.746167
132.000000 5.000000 27.520333 10.310667
144.000000 5.000000 27.052833 9.875167
156.000000 5.000000 26.585333 9.439667
168.000000 5.000000 26.117833 9.004167
180.000000 5.000000 25.650333 8.568667
192.000000 5.000000 25.182833 8.133167
204.000000 5.000000 24.715333 7.697667
216.000000 5.000000 24.247833 7.262167
228.000000 5.000000 23.780333 6.826667
0.000000 7.000000 41.680000 13.673000
12.000000 7.000000 40.978000 13.269000
24.000000 7.000000 40.276000 12.887000
36.000000 7.000000 39.681000 12.610000
48.000000 7.000000 38.979000 12.227000
60.000000 7.000000 38.341000 11.930000
72.000000 7.000000 37.682000 11.547000
84.000000 7.000000 37.044000 11.271000
96.000000 7.000000 36.064000 10.525333
108.000000 7.000000 35.362000 10.132333
120.000000 7.000000 34.660000 9.739333
132.000000 7.000000 33.958000 9.346333
144.000000 7.000000 33.256000 8.953333
156.000000 7.000000 32.554000 8.560333
168.000000 7.000000 31.852000 8.167333
180.000000 7.000000 31.150000 7.774333
192.000000 7.000000 30.448000 7.381333
204.000000 7.000000 29.746000 6.988333
216.000000 7.000000 29.044000 6.595333
228.000000 7.000000 28.342000 6.202333
0.000000 9.000000 10.866000 -16.693000
12.000000 9.000000 11.334000 -16.587000
24.000000 9.000000 11.930000 -16.502000
36.000000 9.000000 12.504000 -16.417000
48.000000 9.000000 13.099000 -16.310000
60.000000 9.000000 13.673000 -16.119000
72.000000 9.000000 14.141000 -16.034000
84.000000 9.000000 14.737000 -15.928000
96.000000 9.000000 15.100667 -15.925500
108.000000 9.000000 15.632667 -15.830000
120.000000 9.000000 16.164667 -15.734500
132.000000 9.000000 16.696667 -15.639000
144.000000 9.000000 17.228667 -15.543500
156.000000 9.000000 17.760667 -15.448000
168.000000 9.000000 18.292667 -15.352500
180.000000 9.000000 18.824667 -15.257000
192.000000 9.000000 19.356667 -15.161500
204.000000 9.000000 19.888667 -15.066000
216.000000 9.000000 20.420667 -14.970500
228.000000 9.000000 20.952667 -14.875000
0.000000 11.000000 -25.731000 13.907000
12.000000 11.000000 -25.263000 13.716000
24.000000 11.000000 -24.753000 13.610000
36.000000 11.000000 -24.285000 13.525000
48.000000 11.000000 -23.753000 13.440000
60.000000 11.000000 -23.221000 13.291000
72.000000 11.000000 -22.690000 13.184000
84.000000 11.000000 -22.222000 13.078000
96.000000 11.000000 -21.826000 12.704833
108.000000 11.000000 -21.337000 12.556333
120.000000 11.000000 -20.848000 12.407833
132.000000 11.000000 -20.359000 12.259333
144.000000 11.000000 -19.870000 12.110833
156.000000 11.000000 -19.381000 11.962333
168.000000 11.000000 -18.892000 11.813833
180.000000 11.000000 -18.403000 11.665333
192.000000 11.000000 -17.914000 11.516833
204.000000 11.000000 -17.425000 11.368333
216.000000 11.000000 -16.936000 11.219833
228.000000 11.000000 -16.447000 11.071333
0.000000 13.000000 -26.092000 5.338000
12.000000 13.000000 -25.965000 5.146000
24.000000 13.000000 -25.731000 4.934000
36.000000 13.000000 -25.497000 4.763000
48.000000 13.000000 -25.263000 4.551000
60.000000 13.000000 -25.029000 4.466000
72.000000 13.000000 -24.923000 4.551000
84.000000 13.000000 -24.689000 4.657000
96.000000 13.000000 -24.665833 3.725333
108.000000 13.000000 -24.485333 3.523333
120.000000 13.000000 -24.304833 3.321333
132.000000 13.000000 -24.124333 3.119333
144.000000 13.000000 -23.943833 2.917333
156.000000 13.000000 -23.763333 2.715333
168.000000 13.000000 -23.582833 2.513333
180.000000 13.000000 -23.402333 2.311333
192.000000 13.000000 -23.221833 2.109333
204.000000 13.000000 -23.041333 1.907333
216.000000 13.000000 -22.860833 1.705333
228.000000 13.000000 -22.680333 1.503333
0.000000 15.000000 -20.797000 11.079000
12.000000 15.000000 -20.585000 11.079000
24.000000 15.000000 -20.329000 11.164000
36.000000 15.000000 -20.117000 11.249000
48.000000 15.000000 -19.862000 11.356000
60.000000 15.000000 -19.649000 11.462000
72.000000 15.000000 -19.394000 11.547000
84.000000 15.000000 -19.181000 11.632000
96.000000 15.000000 -18.932333 11.404833
108.000000 15.000000 -18.698333 11.447333
120.000000 15.000000 -18.464333 11.489833
132.000000 15.000000 -18.230333 11.532333
144.000000 15.000000 -17.996333 11.574833
156.000000 15.000000 -17.762333 11.617333
168.000000 15.000000 -17.528333 11.659833
180.000000 15.000000 -17.294333 11.702333
192.000000 15.000000 -17.060333 11.744833
204.000000 15.000000 -16.826333 11.787333
216.000000 15.000000 -16.592333 11.829833
228.000000 15.000000 -16.358333 11.872333
0.000000 17.000000 -23.115000 -1.744000
12.000000 17.000000 -23.200000 -1.744000
24.000000 17.000000 -23.200000 -1.744000
36.000000 17.000000 -23.200000 -1.744000
48.000000 17.000000 -23.200000 -1.744000
60.000000 17.000000 -23.200000 -1.744000
72.000000 17.000000 -23.200000 -1.744000
84.000000 17.000000 -23.200000 -1.744000
96.000000 17.000000 -23.469167 -1.744000
108.000000 17.000000 -23.511667 -1.744000
120.000000 17.000000 -23.554167 -1.744000
132.000000 17.000000 -23.596667 -1.744000
144.000000 17.000000 -23.639167 -1.744000
156.000000 17.000000 -23.681667 -1.744000
168.000000 17.000000 -23.724167 -1.744000
180.000000 17.000000 -23.766667 -1.744000
192.000000 17.000000 -23.809167 -1.744000
204.000000 17.000000 -23.851667 -1.744000
216.000000 17.000000 -23.894167 -1.744000
228.000000 17.000000 -23.936667 -1.744000
0.000000 19.000000 -7.507000 -22.711000
12.000000 19.000000 -7.166000 -22.626000
24.000000 19.000000 -6.699000 -22.541000
36.000000 19.000000 -6.231000 -22.435000
48.000000 19.000000 -5.827000 -22.286000
60.000000 19.000000 -5.359000 -22.137000
72.000000 19.000000 -4.955000 -22.052000
84.000000 19.000000 -4.529000 -21.903000
96.000000 19.000000 -4.296000 -22.031000
108.000000 19.000000 -3.892000 -21.946000
120.000000 19.000000 -3.488000 -21.861000
132.000000 19.000000 -3.084000 -21.776000
144.000000 19.000000 -2.680000 -21.691000
156.000000 19.000000 -2.276000 -21.606000
168.000000 19.000000 -1.872000 -21.521000
180.000000 19.000000 -1.468000 -21.436000
192.000000 19.000000 -1.064000 -21.351000
204.000000 19.000000 -0.660000 -21.266000
216.000000 19.000000 -0.256000 -21.181000
228.000000 19.000000 0.148000 -21.096000
240.000000 2.000000 21.116000 17.055000
252.000000 2.000000 21.712000 17.225000
264.000000 2.000000 22.286000 17.437000
276.000000 2.000000 22.881000 17.522000
288.000000 2.000000 23.583000 17.714000
300.000000 2.000000 24.051000 18.012000
312.000000 2.000000 24.625000 18.203000
324.000000 2.000000 25.093000 18.501000
336.000000 2.000000 25.799667 18.576000
348.000000 2.000000 26.384667 18.767000
360.000000 2.000000 26.969667 18.958000
372.000000 2.000000 27.554667 19.149000
384.000000 2.000000 28.139667 19.340000
396.000000 2.000000 28.724667 19.531000
408.000000 2.000000 29.309667 19.722000
420.000000 2.000000 29.894667 19.913000
432.000000 2.000000 30.479667 20.104000
444.000000 2.000000 31.064667 20.295000
456.000000 2.000000 31.649667 20.486000
468.000000 2.000000 32.234667 20.677000
240.000000 4.000000 26.858000 20.648000
252.000000 4.000000 26.390000 20.648000
264.000000 4.000000 25.795000 20.563000
276.000000 4.000000 25.327000 20.563000
288.000000 4.000000 24.859000 20.478000
300.000000 4.000000 24.391000 20.478000
312.000000 4.000000 23.817000 20.351000
324.000000 4.000000 23.349000 20.266000
336.000000 4.000000 22.627167 20.322167
348.000000 4.000000 22.095667 20.279667
360.000000 4.000000 21.564167 20.237167
372.000000 4.000000 21.032667 20.194667
384.000000 4.000000 20.501167 20.152167
396.000000 4.000000 19.969667 20.109667
408.000000 4.000000 19.438167 20.067167
420.000000 4.000000 18.906667 20.024667
432.000000 4.000000 18.375167 19.982167
444.000000 4.000000 17.843667 19.939667
456.000000 4.000000 17.312167 19.897167
468.000000 4.000000 16.780667 19.854667
240.000000 6.000000 23.859000 7.400000
252.000000 6.000000 23.392000 7.017000
264.000000 6.000000 22.924000 6.741000
276.000000 6.000000 22.456000 6.358000
288.000000 6.000000 21.988000 6.061000
300.000000 6.000000 21.520000 5.678000
312.000000 6.000000 21.052000 5.295000
324.000000 6.000000 20.585000 4.997000
336.000000 6.000000 20.119167 4.746167
348.000000 6.000000 19.651667 4.416667
360.000000 6.000000 19.184167 4.087167
372.000000 6.000000 18.716667 3.757667
384.000000 6.000000 18.249167 3.428167
396.000000 6.000000 17.781667 3.098667
408.000000 6.000000 17.314167 2.769167
420.000000 6.000000 16.846667 2.439667
432.000000 6.000000 16.379167 2.110167
444.000000 6.000000 15.911667 1.780667
456.000000 6.000000 15.444167 1.451167
468.000000 6.000000 14.976667 1.121667
240.000000 8.000000 29.197000 6.146000
252.000000 8.000000 28.623000 5.763000
264.000000 8.000000 28.027000 5.274000
276.000000 8.000000 27.453000 4.891000
288.000000 8.000000 26.858000 4.508000
300.000000 8.000000 26.156000 4.125000
312.000000 8.000000 25.582000 3.658000
324.000000 8.000000 24.986000 3.254000
336.000000 8.000000 24.520667 2.675667
348.000000 8.000000 23.935667 2.239667
360.000000 8.000000 23.350667 1.803667
372.000000 8.000000 22.765667 1.367667
384.000000 8.000000 22.180667 0.931667
396.000000 8.000000 21.595667 0.495667
408.000000 8.000000 21.010667 0.059667
420.000000 8.000000 20.425667 -0.376333
432.000000 8.000000 19.840667 -0.812333
444.000000 8.000000 19.255667 -1.248333
456.000000 8.000000 18.670667 -1.684333
468.000000 8.000000 18.085667 -2.120333
240.000000 10.000000 21.542000 -14.758000
252.000000 10.000000 22.116000 -14.673000
264.000000 10.000000 22.584000 -14.588000
276.000000 10.000000 23.051000 -14.588000
288.000000 10.000000 23.519000 -14.482000
300.000000 10.000000 24.093000 -14.375000
312.000000 10.000000 24.561000 -14.375000
324.000000 10.000000 25.050000 -14.290000
336.000000 10.000000 25.727667 -14.078000
348.000000 10.000000 26.248667 -13.993000
360.000000 10.000000 26.769667 -13.908000
372.000000 10.000000 27.290667 -13.823000
384.000000 10.000000 27.811667 -13.738000
396.000000 10.000000 28.332667 -13.653000
408.000000 10.000000 28.853667 -13.568000
420.000000 10.000000 29.374667 -13.483000
432.000000 10.000000 29.895667 -13.398000
444.000000 10.000000 30.416667 -13.313000
456.000000 10.000000 30.937667 -13.228000
468.000000 10.000000 31.458667 -13.143000
240.000000 12.000000 -19.543000 14.248000
252.000000 12.000000 -19.415000 14.248000
264.000000 12.000000 -19.075000 14.354000
276.000000 12.000000 -18.820000 14.354000
288.000000 12.000000 -18.479000 14.439000
300.000000 12.000000 -18.224000 14.439000
312.000000 12.000000 -17.884000 14.524000
324.000000 12.000000 -17.671000 14.524000
336.000000 12.000000 -17.706333 14.654333
348.000000 12.000000 -17.472333 14.707333
360.000000 12.000000 -17.238333 14.760333
372.000000 12.000000 -17.004333 14.813333
384.000000 12.000000 -16.770333 14.866333
396.000000 12.000000 -16.536333 14.919333
408.000000 12.000000 -16.302333 14.972333
420.000000 12.000000 -16.068333 15.025333
432.000000 12.000000 -15.834333 15.078333
444.000000 12.000000 -15.600333 15.131333
456.000000 12.000000 -15.366333 15.184333
468.000000 12.000000 -15.132333 15.237333
240.000000 14.000000 -21.520000 6.592000
252.000000 14.000000 -21.159000 6.677000
264.000000 14.000000 -20.819000 6.869000
276.000000 14.000000 -20.457000 6.975000
288.000000 14.000000 -20.117000 7.166000
300.000000 14.000000 -19.755000 7.251000
312.000000 14.000000 -19.415000 7.443000
324.000000 14.000000 -19.054000 7.655000
336.000000 14.000000 -18.712500 7.682167
348.000000 14.000000 -18.362000 7.820667
360.000000 14.000000 -18.011500 7.959167
372.000000 14.000000 -17.661000 8.097667
384.000000 14.000000 -17.310500 8.236167
396.000000 14.000000 -16.960000 8.374667
408.000000 14.000000 -16.609500 8.513167
420.000000 14.000000 -16.259000 8.651667
432.000000 14.000000 -15.908500 8.790167
444.000000 14.000000 -15.558000 8.928667
456.000000 14.000000 -15.207500 9.067167
468.000000 14.000000 -14.857000 9.205667
240.000000 16.000000 -15.906000 12.695000
252.000000 16.000000 -15.524000 12.695000
264.000000 16.000000 -15.311000 12.695000
276.000000 16.000000 -15.056000 12.695000
288.000000 16.000000 -14.843000 12.802000
300.000000 16.000000 -14.503000 12.802000
312.000000 16.000000 -14.248000 12.802000
324.000000 16.000000 -14.035000 12.802000
336.000000 16.000000 -13.497833 12.695000
348.000000 16.000000 -13.200333 12.695000
360.000000 16.000000 -12.902833 12.695000
372.000000 16.000000 -12.605333 12.695000
384.000000 16.000000 -12.307833 12.695000
396.000000 16.000000 -12.010333 12.695000
408.000000 16.000000 -11.712833 12.695000
420.000000 16.000000 -11.415333 12.695000
432.000000 16.000000 -11.117833 12.695000
444.000000 16.000000 -10.820333 12.695000
456.000000 16.000000 -10.522833 12.695000
468.000000 16.000000 -10.225333 12.695000
240.000000 18.000000 -23.392000 -1.616000
252.000000 18.000000 -23.392000 -1.616000
264.000000 18.000000 -23.392000 -1.616000
276.000000 18.000000 -23.392000 -1.510000
288.000000 18.000000 -23.392000 -1.510000
300.000000 18.000000 -23.392000 -1.510000
312.000000 18.000000 -23.392000 -1.510000
324.000000 18.000000 -23.392000 -1.510000
336.000000 18.000000 -23.392000 -1.616000
348.000000 18.000000 -23.392000 -1.616000
360.000000 18.000000 -23.392000 -1.616000
372.000000 18.000000 -23.392000 -1.616000
384.000000 18.000000 -23.392000 -1.616000
396.000000 18.000000 -23.392000 -1.616000
408.000000 18.000000 -23.392000 -1.616000
420.000000 18.000000 -23.392000 -1.616000
432.000000 18.000000 -23.392000 -1.616000
444.000000 18.000000 -23.392000 -1.616000
456.000000 18.000000 -23.392000 -1.616000
468.000000 18.000000 -23.392000 -1.616000
240.000000 20.000000 0.510000 -20.457000
252.000000 20.000000 0.851000 -20.351000
264.000000 20.000000 1.212000 -20.181000
276.000000 20.000000 1.552000 -19.968000
288.000000 20.000000 1.914000 -19.777000
300.000000 20.000000 2.148000 -19.585000
312.000000 20.000000 2.488000 -19.394000
324.000000 20.000000 2.850000 -19.287000
336.000000 20.000000 3.314667 -19.363667
348.000000 20.000000 3.665667 -19.225667
360.000000 20.000000 4.016667 -19.087667
372.000000 20.000000 4.367667 -18.949667
384.000000 20.000000 4.718667 -18.811667
396.000000 20.000000 5.069667 -18.673667
408.000000 20.000000 5.420667 -18.535667
420.000000 20.000000 5.771667 -18.397667
432.000000 20.000000 6.122667 -18.259667
444.000000 20.000000 6.473667 -18.121667
456.000000 20.000000 6.824667 -17.983667
468.000000 20.000000 7.175667 -17.845667