0.000000 0.000000 -9.746000 -14.063000
12.000000 0.000000 -9.266000 -13.845000
24.000000 0.000000 -8.787000 -13.562000
36.000000 0.000000 -8.307000 -13.365000
48.000000 0.000000 -7.827000 -13.060000
60.000000 0.000000 -7.239000 -12.755000
72.000000 0.000000 -6.759000 -12.581000
84.000000 0.000000 -6.279000 -12.275000
96.000000 0.000000 -5.909833 -12.069833
108.000000 0.000000 -5.430333 -11.819333
120.000000 0.000000 -4.950833 -11.568833
132.000000 0.000000 -4.471333 -11.318333
144.000000 0.000000 -3.991833 -11.067833
156.000000 0.000000 -3.512333 -10.817333
168.000000 0.000000 -3.032833 -10.566833
180.000000 0.000000 -2.553333 -10.316333
192.000000 0.000000 -2.073833 -10.065833
204.000000 0.000000 -1.594333 -9.815333
216.000000 0.000000 -1.114833 -9.564833
228.000000 0.000000 -0.635333 -9.314333
0.000000 1.000000 -7.588000 15.284000
12.000000 1.000000 -7.217000 15.415000
24.000000 1.000000 -6.868000 15.502000
36.000000 1.000000 -6.388000 15.698000
48.000000 1.000000 -6.040000 15.807000
60.000000 1.000000 -5.560000 15.982000
72.000000 1.000000 -5.189000 16.091000
84.000000 1.000000 -4.819000 16.200000
96.000000 1.000000 -4.704333 16.163333
108.000000 1.000000 -4.344333 16.272333
120.000000 1.000000 -3.984333 16.381333
132.000000 1.000000 -3.624333 16.490333
144.000000 1.000000 -3.264333 16.599333
156.000000 1.000000 -2.904333 16.708333
168.000000 1.000000 -2.544333 16.817333
180.000000 1.000000 -2.184333 16.926333
192.000000 1.000000 -1.824333 17.035333
204.000000 1.000000 -1.464333 17.144333
216.000000 1.000000 -1.104333 17.253333
228.000000 1.000000 -0.744333 17.362333
0.000000 3.000000 28.148000 19.558000
12.000000 3.000000 28.148000 19.558000
24.000000 3.000000 28.148000 19.558000
36.000000 3.000000 28.148000 19.558000
48.000000 3.000000 28.148000 19.558000
60.000000 3.000000 28.148000 19.558000
72.000000 3.000000 28.148000 19.558000
84.000000 3.000000 28.148000 19.558000
96.000000 3.000000 28.148000 19.558000
108.000000 3.000000 28.148000 19.558000
120.000000 3.000000 28.148000 19.558000
132.000000 3.000000 28.148000 19.558000
144.000000 3.000000 28.148000 19.558000
156.000000 3.000000 28.148000 19.558000
168.000000 3.000000 28.148000 19.558000
180.000000 3.000000 28.148000 19.558000
192.000000 3.000000 28.148000 19.558000
204.000000 3.000000 28.148000 19.558000
216.000000 3.000000 28.148000 19.558000
228.000000 3.000000 28.148000 19.558000
0.000000 5.000000 27.123000 20.735000
12.000000 5.000000 27.123000 20.735000
24.000000 5.000000 27.123000 20.735000
36.000000 5.000000 27.123000 20.735000
48.000000 5.000000 27.123000 20.735000
60.000000 5.000000 27.123000 20.735000
72.000000 5.000000 27.123000 20.735000
84.000000 5.000000 27.123000 20.735000
96.000000 5.000000 27.123000 20.735000
108.000000 5.000000 27.123000 20.735000
120.000000 5.000000 27.123000 20.735000
132.000000 5.000000 27.123000 20.735000
144.000000 5.000000 27.123000 20.735000
156.000000 5.000000 27.123000 20.735000
168.000000 5.000000 27.123000 20.735000
180.000000 5.000000 27.123000 20.735000
192.000000 5.000000 27.123000 20.735000
204.000000 5.000000 27.123000 20.735000
216.000000 5.000000 27.123000 20.735000
228.000000 5.000000 27.123000 20.735000
0.000000 7.000000 27.254000 21.629000
12.000000 7.000000 27.254000 21.629000
24.000000 7.000000 27.254000 21.629000
36.000000 7.000000 27.254000 21.629000
48.000000 7.000000 27.254000 21.629000
60.000000 7.000000 27.254000 21.629000
72.000000 7.000000 27.254000 21.629000
84.000000 7.000000 27.254000 21.629000
96.000000 7.000000 27.254000 21.629000
108.000000 7.000000 27.254000 21.629000
120.000000 7.000000 27.254000 21.629000
132.000000 7.000000 27.254000 21.629000
144.000000 7.000000 27.254000 21.629000
156.000000 7.000000 27.254000 21.629000
168.000000 7.000000 27.254000 21.629000
180.000000 7.000000 27.254000 21.629000
192.000000 7.000000 27.254000 21.629000
204.000000 7.000000 27.254000 21.629000
216.000000 7.000000 27.254000 21.629000
228.000000 7.000000 27.254000 21.629000
0.000000 9.000000 11.338000 21.367000
12.000000 9.000000 11.817000 21.476000
24.000000 9.000000 12.406000 21.585000
36.000000 9.000000 12.908000 21.673000
48.000000 9.000000 13.475000 21.782000
60.000000 9.000000 14.085000 21.869000
72.000000 9.000000 14.565000 21.978000
84.000000 9.000000 15.175000 22.065000
96.000000 9.000000 15.591667 22.239000
108.000000 9.000000 16.125667 22.348000
120.000000 9.000000 16.659667 22.457000
132.000000 9.000000 17.193667 22.566000
144.000000 9.000000 17.727667 22.675000
156.000000 9.000000 18.261667 22.784000
168.000000 9.000000 18.795667 22.893000
180.000000 9.000000 19.329667 23.002000
192.000000 9.000000 19.863667 23.111000
204.000000 9.000000 20.397667 23.220000
216.000000 9.000000 20.931667 23.329000
228.000000 9.000000 21.465667 23.438000
240.000000 2.000000 0.589000 17.857000
252.000000 2.000000 0.938000 18.075000
264.000000 2.000000 1.417000 18.162000
276.000000 2.000000 1.766000 18.249000
288.000000 2.000000 2.137000 18.380000
300.000000 2.000000 2.507000 18.555000
312.000000 2.000000 2.856000 18.664000
324.000000 2.000000 3.205000 18.860000
336.000000 2.000000 3.879333 19.098833
348.000000 2.000000 4.293333 19.251333
360.000000 2.000000 4.707333 19.403833
372.000000 2.000000 5.121333 19.556333
384.000000 2.000000 5.535333 19.708833
396.000000 2.000000 5.949333 19.861333
408.000000 2.000000 6.363333 20.013833
420.000000 2.000000 6.777333 20.166333
432.000000 2.000000 7.191333 20.318833
444.000000 2.000000 7.605333 20.471333
456.000000 2.000000 8.019333 20.623833
468.000000 2.000000 8.433333 20.776333
240.000000 4.000000 28.148000 19.558000
252.000000 4.000000 28.148000 19.558000
264.000000 4.000000 28.148000 19.558000
276.000000 4.000000 28.148000 19.558000
288.000000 4.000000 28.148000 19.558000
300.000000 4.000000 28.148000 19.558000
312.000000 4.000000 28.148000 19.558000
324.000000 4.000000 28.148000 19.558000
336.000000 4.000000 28.148000 19.558000
348.000000 4.000000 28.148000 19.558000
360.000000 4.000000 28.148000 19.558000
372.000000 4.000000 28.148000 19.558000
384.000000 4.000000 28.148000 19.558000
396.000000 4.000000 28.148000 19.558000
408.000000 4.000000 28.148000 19.558000
420.000000 4.000000 28.148000 19.558000
432.000000 4.000000 28.148000 19.558000
444.000000 4.000000 28.148000 19.558000
456.000000 4.000000 28.148000 19.558000
468.000000 4.000000 28.148000 19.558000
240.000000 6.000000 27.123000 20.735000
252.000000 6.000000 27.123000 20.735000
264.000000 6.000000 27.123000 20.735000
276.000000 6.000000 27.123000 20.735000
288.000000 6.000000 27.123000 20.735000
300.000000 6.000000 27.123000 20.735000
312.000000 6.000000 27.123000 20.735000
324.000000 6.000000 27.123000 20.735000
336.000000 6.000000 27.123000 20.735000
348.000000 6.000000 27.123000 20.735000
360.000000 6.000000 27.123000 20.735000
372.000000 6.000000 27.123000 20.735000
384.000000 6.000000 27.123000 20.735000
396.000000 6.000000 27.123000 20.735000
408.000000 6.000000 27.123000 20.735000
420.000000 6.000000 27.123000 20.735000
432.000000 6.000000 27.123000 20.735000
444.000000 6.000000 27.123000 20.735000
456.000000 6.000000 27.123000 20.735000
468.000000 6.000000 27.123000 20.735000
240.000000 8.000000 27.254000 21.629000
252.000000 8.000000 27.254000 21.629000
264.000000 8.000000 27.254000 21.629000
276.000000 8.000000 27.254000 21.629000
288.000000 8.000000 27.254000 21.629000
300.000000 8.000000 27.254000 21.629000
312.000000 8.000000 27.254000 21.629000
324.000000 8.000000 27.254000 21.629000
336.000000 8.000000 27.254000 21.629000
348.000000 8.000000 27.254000 21.629000
360.000000 8.000000 27.254000 21.629000
372.000000 8.000000 27.254000 21.629000
384.000000 8.000000 27.254000 21.629000
396.000000 8.000000 27.254000 21.629000
408.000000 8.000000 27.254000 21.629000
420.000000 8.000000 27.254000 21.629000
432.000000 8.000000 27.254000 21.629000
444.000000 8.000000 27.254000 21.629000
456.000000 8.000000 27.254000 21.629000
468.000000 8.000000 27.254000 21.629000