0.000000 1.000000 20.467000 11.255000
12.000000 1.000000 20.334000 11.255000
24.000000 1.000000 20.334000 11.255000
36.000000 1.000000 20.201000 11.255000
48.000000 1.000000 20.201000 11.255000
60.000000 1.000000 20.090000 11.255000
72.000000 1.000000 19.979000 11.255000
84.000000 1.000000 19.979000 11.255000
96.000000 1.000000 19.912833 11.255000
108.000000 1.000000 19.846333 11.255000
120.000000 1.000000 19.779833 11.255000
132.000000 1.000000 19.713333 11.255000
144.000000 1.000000 19.646833 11.255000
156.000000 1.000000 19.580333 11.255000
168.000000 1.000000 19.513833 11.255000
180.000000 1.000000 19.447333 11.255000
192.000000 1.000000 19.380833 11.255000
204.000000 1.000000 19.314333 11.255000
216.000000 1.000000 19.247833 11.255000
228.000000 1.000000 19.181333 11.255000
0.000000 3.000000 -25.906000 13.519000
12.000000 3.000000 -23.486000 13.807000
24.000000 3.000000 -21.310000 14.429000
36.000000 3.000000 -18.735000 14.829000
48.000000 3.000000 -16.538000 15.517000
60.000000 3.000000 -14.340000 16.227000
72.000000 3.000000 -12.120000 17.337000
84.000000 3.000000 -9.923000 18.536000
96.000000 3.000000 -7.481333 17.103333
108.000000 3.000000 -5.183333 17.558333
120.000000 3.000000 -2.885333 18.013333
132.000000 3.000000 -0.587333 18.468333
144.000000 3.000000 1.710667 18.923333
156.000000 3.000000 4.008667 19.378333
168.000000 3.000000 6.306667 19.833333
180.000000 3.000000 8.604667 20.288333
192.000000 3.000000 10.902667 20.743333
204.000000 3.000000 13.200667 21.198333
216.000000 3.000000 15.498667 21.653333
228.000000 3.000000 17.796667 22.108333
0.000000 5.000000 5.372000 11.565000
12.000000 5.000000 2.908000 11.255000
24.000000 5.000000 1.066000 11.166000
36.000000 5.000000 -0.755000 11.033000
48.000000 5.000000 -2.575000 10.855000
60.000000 5.000000 -4.440000 10.744000
72.000000 5.000000 -6.260000 10.744000
84.000000 5.000000 -8.080000 10.633000
96.000000 5.000000 -11.955667 9.932167
108.000000 5.000000 -14.108667 9.732667
120.000000 5.000000 -16.261667 9.533167
132.000000 5.000000 -18.414667 9.333667
144.000000 5.000000 -20.567667 9.134167
156.000000 5.000000 -22.720667 8.934667
168.000000 5.000000 -24.873667 8.735167
180.000000 5.000000 -27.026667 8.535667
192.000000 5.000000 -29.179667 8.336167
204.000000 5.000000 -31.332667 8.136667
216.000000 5.000000 -33.485667 7.937167
228.000000 5.000000 -35.638667 7.737667
0.000000 7.000000 12.143000 16.782000
12.000000 7.000000 12.387000 16.582000
24.000000 7.000000 12.764000 16.382000
36.000000 7.000000 12.986000 16.294000
48.000000 7.000000 13.363000 16.072000
60.000000 7.000000 13.608000 15.983000
72.000000 7.000000 13.985000 15.783000
84.000000 7.000000 14.340000 15.672000
96.000000 7.000000 14.604833 15.182000
108.000000 7.000000 14.915333 14.982000
120.000000 7.000000 15.225833 14.782000
132.000000 7.000000 15.536333 14.582000
144.000000 7.000000 15.846833 14.382000
156.000000 7.000000 16.157333 14.182000
168.000000 7.000000 16.467833 13.982000
180.000000 7.000000 16.778333 13.782000
192.000000 7.000000 17.088833 13.582000
204.000000 7.000000 17.399333 13.382000
216.000000 7.000000 17.709833 13.182000
228.000000 7.000000 18.020333 12.982000
0.000000 9.000000 12.098000 4.706000
12.000000 9.000000 13.075000 5.217000
24.000000 9.000000 14.163000 5.705000
36.000000 9.000000 15.250000 6.216000
48.000000 9.000000 16.360000 6.815000
60.000000 9.000000 17.470000 7.325000
72.000000 9.000000 18.558000 7.836000
84.000000 9.000000 19.646000 8.324000
96.000000 9.000000 20.339500 8.705833
108.000000 9.000000 21.372000 9.205333
120.000000 9.000000 22.404500 9.704833
132.000000 9.000000 23.437000 10.204333
144.000000 9.000000 24.469500 10.703833
156.000000 9.000000 25.502000 11.203333
168.000000 9.000000 26.534500 11.702833
180.000000 9.000000 27.567000 12.202333
192.000000 9.000000 28.599500 12.701833
204.000000 9.000000 29.632000 13.201333
216.000000 9.000000 30.664500 13.700833
228.000000 9.000000 31.697000 14.200333
192.000000 0.000000 -30.478000 13.608000
204.000000 0.000000 -28.747000 13.918000
216.000000 0.000000 -27.060000 14.207000
228.000000 0.000000 -25.328000 14.518000
240.000000 0.000000 -23.508000 14.829000
252.000000 0.000000 -21.777000 15.228000
264.000000 0.000000 -19.823000 15.428000
276.000000 0.000000 -17.870000 15.539000
288.000000 0.000000 -16.798667 16.007500
300.000000 0.000000 -15.089667 16.307000
312.000000 0.000000 -13.380667 16.606500
324.000000 0.000000 -11.671667 16.906000
336.000000 0.000000 -9.962667 17.205500
348.000000 0.000000 -8.253667 17.505000
360.000000 0.000000 -6.544667 17.804500
372.000000 0.000000 -4.835667 18.104000
384.000000 0.000000 -3.126667 18.403500
396.000000 0.000000 -1.417667 18.703000
408.000000 0.000000 0.291333 19.002500
420.000000 0.000000 2.000333 19.302000
240.000000 2.000000 19.601000 11.055000
252.000000 2.000000 19.601000 11.055000
264.000000 2.000000 19.601000 11.144000
276.000000 2.000000 19.601000 11.144000
288.000000 2.000000 19.490000 11.144000
300.000000 2.000000 19.490000 11.144000
312.000000 2.000000 19.490000 11.255000
324.000000 2.000000 19.490000 11.255000
336.000000 2.000000 19.601000 11.396167
348.000000 2.000000 19.601000 11.440667
360.000000 2.000000 19.601000 11.485167
372.000000 2.000000 19.601000 11.529667
384.000000 2.000000 19.601000 11.574167
396.000000 2.000000 19.601000 11.618667
408.000000 2.000000 19.601000 11.663167
420.000000 2.000000 19.601000 11.707667
432.000000 2.000000 19.601000 11.752167
444.000000 2.000000 19.601000 11.796667
456.000000 2.000000 19.601000 11.841167
468.000000 2.000000 19.601000 11.885667
240.000000 4.000000 -6.435000 21.047000
252.000000 4.000000 -6.767000 20.840000
264.000000 4.000000 -7.099000 20.633000
276.000000 4.000000 -7.431000 20.427000
288.000000 4.000000 -7.763000 20.220000
300.000000 4.000000 -8.095000 20.013000
312.000000 4.000000 -8.427000 19.806000
324.000000 4.000000 -8.759000 19.599000
336.000000 4.000000 -9.091000 19.391000
348.000000 4.000000 -9.423000 19.184000
360.000000 4.000000 -9.755000 18.977000
372.000000 4.000000 -10.087000 18.770000
384.000000 4.000000 -10.419000 18.563000
396.000000 4.000000 -10.751000 18.356000
408.000000 4.000000 -11.083000 18.149000
420.000000 4.000000 -11.415000 17.942000
432.000000 4.000000 -11.747000 17.735000
444.000000 4.000000 -12.079000 17.528000
456.000000 4.000000 -12.411000 17.321000
468.000000 4.000000 -12.743000 17.114000
240.000000 6.000000 -29.259000 8.520000
252.000000 6.000000 -27.797000 8.646000
264.000000 6.000000 -26.335000 8.772000
276.000000 6.000000 -24.873000 8.899000
288.000000 6.000000 -23.410000 9.025000
300.000000 6.000000 -21.948000 9.152000
312.000000 6.000000 -20.486000 9.278000
324.000000 6.000000 -19.024000 9.405000
336.000000 6.000000 -17.563000 9.528000
348.000000 6.000000 -16.101000 9.654000
360.000000 6.000000 -14.639000 9.780000
372.000000 6.000000 -13.177000 9.906000
384.000000 6.000000 -11.715000 10.032000
396.000000 6.000000 -10.253000 10.158000
408.000000 6.000000 -8.791000 10.284000
420.000000 6.000000 -7.329000 10.410000
432.000000 6.000000 -5.867000 10.536000
444.000000 6.000000 -4.405000 10.662000
456.000000 6.000000 -2.943000 10.788000
468.000000 6.000000 -1.481000 10.914000
240.000000 8.000000 19.246000 13.452000
252.000000 8.000000 19.601000 13.363000
264.000000 8.000000 19.956000 13.164000
276.000000 8.000000 20.445000 13.053000
288.000000 8.000000 20.822000 12.964000
300.000000 8.000000 21.310000 12.875000
312.000000 8.000000 21.799000 12.764000
324.000000 8.000000 22.287000 12.653000
336.000000 8.000000 22.086000 12.318333
348.000000 8.000000 22.441000 12.174333
360.000000 8.000000 22.796000 12.030333
372.000000 8.000000 23.151000 11.886333
384.000000 8.000000 23.506000 11.742333
396.000000 8.000000 23.861000 11.598333
408.000000 8.000000 24.216000 11.454333
420.000000 8.000000 24.571000 11.310333
432.000000 8.000000 24.926000 11.166333
444.000000 8.000000 25.281000 11.022333
456.000000 8.000000 25.636000 10.878333
468.000000 8.000000 25.991000 10.734333
240.000000 10.000000 34.829000 13.252000
252.000000 10.000000 36.161000 13.474000
264.000000 10.000000 37.515000 13.763000
276.000000 10.000000 38.736000 14.052000
288.000000 10.000000 40.068000 14.362000
300.000000 10.000000 41.444000 14.673000
312.000000 10.000000 42.776000 14.873000
324.000000 10.000000 44.241000 15.073000
336.000000 10.000000 45.569333 15.284833
348.000000 10.000000 46.912333 15.540333
360.000000 10.000000 48.255333 15.795833
372.000000 10.000000 49.598333 16.051333
384.000000 10.000000 50.941333 16.306833
396.000000 10.000000 52.284333 16.562333
408.000000 10.000000 53.627333 16.817833
420.000000 10.000000 54.970333 17.073333
432.000000 10.000000 56.313333 17.328833
444.000000 10.000000 57.656333 17.584333
456.000000 10.000000 58.999333 17.839833
468.000000 10.000000 60.342333 18.095333
276.000000 11.000000 54.386000 -21.310000
288.000000 11.000000 53.720000 -21.111000
300.000000 11.000000 53.720000 -20.711000
312.000000 11.000000 53.720000 -20.289000
324.000000 11.000000 53.587000 -19.801000
336.000000 11.000000 53.587000 -19.401000
348.000000 11.000000 53.587000 -18.980000
360.000000 11.000000 53.587000 -18.580000
372.000000 11.000000 51.611000 -18.947500
384.000000 11.000000 51.278000 -18.648000
396.000000 11.000000 50.945000 -18.348500
408.000000 11.000000 50.612000 -18.049000
420.000000 11.000000 50.279000 -17.749500
432.000000 11.000000 49.946000 -17.450000
444.000000 11.000000 49.613000 -17.150500
456.000000 11.000000 49.280000 -16.851000
468.000000 11.000000 48.947000 -16.551500
480.000000 11.000000 48.614000 -16.252000
492.000000 11.000000 48.281000 -15.952500
504.000000 11.000000 47.948000 -15.653000