800.000000 2.000000 13.640000 5.800000
810.000000 2.000000 12.090000 5.750000
820.000000 2.000000 11.370000 5.800000
830.000000 2.000000 10.310000 5.970000
840.000000 2.000000 9.570000 6.240000
850.000000 2.000000 8.730000 6.340000
860.000000 2.000000 7.940000 6.500000
870.000000 2.000000 7.170000 6.620000
880.000000 2.000000 1.240000 5.400000
890.000000 2.000000 -0.310000 5.350000
900.000000 2.000000 -1.860000 5.300000
910.000000 2.000000 -3.410000 5.250000
920.000000 2.000000 -4.960000 5.200000
930.000000 2.000000 -6.510000 5.150000
940.000000 2.000000 -8.060000 5.100000
950.000000 2.000000 -9.610000 5.050000
960.000000 2.000000 -11.160000 5.000000
970.000000 2.000000 -12.710000 4.950000
980.000000 2.000000 -14.260000 4.900000
990.000000 2.000000 -15.810000 4.850000
830.000000 3.000000 12.490000 6.600000
840.000000 3.000000 11.940000 6.770000
850.000000 3.000000 11.030000 6.840000
860.000000 3.000000 10.210000 6.810000
870.000000 3.000000 9.360000 6.850000
880.000000 3.000000 8.590000 6.850000
890.000000 3.000000 7.780000 6.840000
900.000000 3.000000 6.960000 6.840000
910.000000 3.000000 8.090000 7.960000
920.000000 3.000000 7.540000 8.130000
930.000000 3.000000 6.990000 8.300000
940.000000 3.000000 6.440000 8.470000
950.000000 3.000000 5.890000 8.640000
960.000000 3.000000 5.340000 8.810000
970.000000 3.000000 4.790000 8.980000
980.000000 3.000000 4.240000 9.150000
990.000000 3.000000 3.690000 9.320000
1000.000000 3.000000 3.140000 9.490000
1010.000000 3.000000 2.590000 9.660000
1020.000000 3.000000 2.040000 9.830000
1050.000000 11.000000 12.510000 6.190000
1060.000000 11.000000 11.540000 6.030000
1070.000000 11.000000 10.960000 5.970000
1080.000000 11.000000 10.290000 6.120000
1090.000000 11.000000 9.880000 6.210000
1100.000000 11.000000 9.540000 6.090000
1110.000000 11.000000 8.870000 5.990000
1120.000000 11.000000 8.040000 5.660000
1130.000000 11.000000 4.750000 4.910000
1140.000000 11.000000 3.780000 4.750000
1150.000000 11.000000 2.810000 4.590000
1160.000000 11.000000 1.840000 4.430000
1170.000000 11.000000 0.870000 4.270000
1180.000000 11.000000 -0.100000 4.110000
1190.000000 11.000000 -1.070000 3.950000
1200.000000 11.000000 -2.040000 3.790000
1210.000000 11.000000 -3.010000 3.630000
1220.000000 11.000000 -3.980000 3.470000
1230.000000 11.000000 -4.950000 3.310000
1240.000000 11.000000 -5.920000 3.150000
1050.000000 12.000000 12.090000 6.950000
1060.000000 12.000000 11.400000 6.930000
1070.000000 12.000000 10.700000 6.870000
1080.000000 12.000000 10.070000 6.730000
1090.000000 12.000000 9.450000 6.510000
1100.000000 12.000000 8.900000 6.330000
1110.000000 12.000000 8.210000 6.230000
1120.000000 12.000000 7.490000 6.060000
1130.000000 12.000000 6.570000 6.790000
1140.000000 12.000000 5.880000 6.770000
1150.000000 12.000000 5.190000 6.750000
1160.000000 12.000000 4.500000 6.730000
1170.000000 12.000000 3.810000 6.710000
1180.000000 12.000000 3.120000 6.690000
1190.000000 12.000000 2.430000 6.670000
1200.000000 12.000000 1.740000 6.650000
1210.000000 12.000000 1.050000 6.630000
1220.000000 12.000000 0.360000 6.610000
1230.000000 12.000000 -0.330000 6.590000
1240.000000 12.000000 -1.020000 6.570000
2860.000000 51.000000 7.050000 8.440000
2870.000000 51.000000 7.050000 8.440000
2880.000000 51.000000 7.050000 8.440000
2890.000000 51.000000 7.050000 8.440000
2900.000000 51.000000 7.050000 8.440000
2910.000000 51.000000 7.050000 8.440000
2920.000000 51.000000 7.050000 8.440000
2930.000000 51.000000 7.050000 8.440000
2940.000000 51.000000 7.050000 8.440000
2950.000000 51.000000 7.050000 8.440000
2960.000000 51.000000 7.050000 8.440000
2970.000000 51.000000 7.050000 8.440000
2980.000000 51.000000 7.050000 8.440000
2990.000000 51.000000 7.050000 8.440000
3000.000000 51.000000 7.050000 8.440000
3010.000000 51.000000 7.050000 8.440000
3020.000000 51.000000 7.050000 8.440000
3030.000000 51.000000 7.050000 8.440000
3040.000000 51.000000 7.050000 8.440000
3050.000000 51.000000 7.050000 8.440000
2860.000000 52.000000 8.090000 8.840000
2870.000000 52.000000 8.090000 8.840000
2880.000000 52.000000 8.090000 8.840000
2890.000000 52.000000 8.090000 8.840000
2900.000000 52.000000 8.090000 8.840000
2910.000000 52.000000 8.090000 8.840000
2920.000000 52.000000 8.090000 8.840000
2930.000000 52.000000 8.090000 8.840000
2940.000000 52.000000 8.090000 8.840000
2950.000000 52.000000 8.090000 8.840000
2960.000000 52.000000 8.090000 8.840000
2970.000000 52.000000 8.090000 8.840000
2980.000000 52.000000 8.090000 8.840000
2990.000000 52.000000 8.090000 8.840000
3000.000000 52.000000 8.090000 8.840000
3010.000000 52.000000 8.090000 8.840000
3020.000000 52.000000 8.090000 8.840000
3030.000000 52.000000 8.090000 8.840000
3040.000000 52.000000 8.090000 8.840000
3050.000000 52.000000 8.090000 8.840000
2860.000000 56.000000 12.320000 3.350000
2870.000000 56.000000 12.420000 3.220000
2880.000000 56.000000 12.490000 3.210000
2890.000000 56.000000 12.650000 3.360000
2900.000000 56.000000 12.790000 3.450000
2910.000000 56.000000 12.790000 3.470000
2920.000000 56.000000 12.790000 3.380000
2930.000000 56.000000 12.780000 3.160000
2940.000000 56.000000 13.120000 2.310000
2950.000000 56.000000 13.220000 2.180000
2960.000000 56.000000 13.320000 2.050000
2970.000000 56.000000 13.420000 1.920000
2980.000000 56.000000 13.520000 1.790000
2990.000000 56.000000 13.620000 1.660000
3000.000000 56.000000 13.720000 1.530000
3010.000000 56.000000 13.820000 1.400000
3020.000000 56.000000 13.920000 1.270000
3030.000000 56.000000 14.020000 1.140000
3040.000000 56.000000 14.120000 1.010000
3050.000000 56.000000 14.220000 0.880000
4330.000000 79.000000 -3.780000 5.150000
4340.000000 79.000000 -3.090000 5.120000
4350.000000 79.000000 -2.340000 5.190000
4360.000000 79.000000 -1.610000 5.170000
4370.000000 79.000000 -0.840000 5.310000
4380.000000 79.000000 -0.130000 5.270000
4390.000000 79.000000 0.610000 5.360000
4400.000000 79.000000 1.380000 5.430000
4410.000000 79.000000 1.740000 4.910000
4420.000000 79.000000 2.430000 4.880000
4430.000000 79.000000 3.120000 4.850000
4440.000000 79.000000 3.810000 4.820000
4450.000000 79.000000 4.500000 4.790000
4460.000000 79.000000 5.190000 4.760000
4470.000000 79.000000 5.880000 4.730000
4480.000000 79.000000 6.570000 4.700000
4490.000000 79.000000 7.260000 4.670000
4500.000000 79.000000 7.950000 4.640000
4510.000000 79.000000 8.640000 4.610000
4520.000000 79.000000 9.330000 4.580000
6420.000000 126.000000 -5.190000 6.380000
6430.000000 126.000000 -4.300000 6.500000
6440.000000 126.000000 -3.360000 6.560000
6450.000000 126.000000 -2.420000 6.510000
6460.000000 126.000000 -1.390000 6.390000
6470.000000 126.000000 -0.560000 6.380000
6480.000000 126.000000 0.260000 6.180000
6490.000000 126.000000 1.270000 6.020000
6500.000000 126.000000 1.930000 7.340000
6510.000000 126.000000 2.820000 7.460000
6520.000000 126.000000 3.710000 7.580000
6530.000000 126.000000 4.600000 7.700000
6540.000000 126.000000 5.490000 7.820000
6550.000000 126.000000 6.380000 7.940000
6560.000000 126.000000 7.270000 8.060000
6570.000000 126.000000 8.160000 8.180000
6580.000000 126.000000 9.050000 8.300000
6590.000000 126.000000 9.940000 8.420000
6600.000000 126.000000 10.830000 8.540000
6610.000000 126.000000 11.720000 8.660000
6420.000000 127.000000 -5.450000 7.310000
6430.000000 127.000000 -4.560000 7.420000
6440.000000 127.000000 -3.660000 7.480000
6450.000000 127.000000 -2.720000 7.420000
6460.000000 127.000000 -1.590000 7.310000
6470.000000 127.000000 -0.590000 7.220000
6480.000000 127.000000 0.360000 7.140000
6490.000000 127.000000 1.320000 7.050000
6500.000000 127.000000 1.670000 8.190000
6510.000000 127.000000 2.560000 8.300000
6520.000000 127.000000 3.450000 8.410000
6530.000000 127.000000 4.340000 8.520000
6540.000000 127.000000 5.230000 8.630000
6550.000000 127.000000 6.120000 8.740000
6560.000000 127.000000 7.010000 8.850000
6570.000000 127.000000 7.900000 8.960000
6580.000000 127.000000 8.790000 9.070000
6590.000000 127.000000 9.680000 9.180000
6600.000000 127.000000 10.570000 9.290000
6610.000000 127.000000 11.460000 9.400000
8120.000000 171.000000 -0.680000 8.400000
8130.000000 171.000000 -0.710000 8.350000
8140.000000 171.000000 -0.910000 8.420000
8150.000000 171.000000 -1.080000 8.470000
8160.000000 171.000000 -1.240000 8.360000
8170.000000 171.000000 -1.530000 8.270000
8180.000000 171.000000 -1.870000 8.410000
8190.000000 171.000000 -1.910000 8.440000
8200.000000 171.000000 -0.920000 8.000000
8210.000000 171.000000 -0.950000 7.950000
8220.000000 171.000000 -0.980000 7.900000
8230.000000 171.000000 -1.010000 7.850000
8240.000000 171.000000 -1.040000 7.800000
8250.000000 171.000000 -1.070000 7.750000
8260.000000 171.000000 -1.100000 7.700000
8270.000000 171.000000 -1.130000 7.650000
8280.000000 171.000000 -1.160000 7.600000
8290.000000 171.000000 -1.190000 7.550000
8300.000000 171.000000 -1.220000 7.500000
8310.000000 171.000000 -1.250000 7.450000
8320.000000 172.000000 -1.520000 8.590000
8330.000000 172.000000 -1.520000 8.590000
8340.000000 172.000000 -1.520000 8.590000
8350.000000 172.000000 -1.520000 8.590000
8360.000000 172.000000 -1.520000 8.590000
8370.000000 172.000000 -1.970000 8.350000
8380.000000 172.000000 -2.040000 8.350000
8390.000000 172.000000 -2.410000 8.330000
8400.000000 172.000000 -1.520000 8.590000
8410.000000 172.000000 -1.520000 8.590000
8420.000000 172.000000 -1.520000 8.590000
8430.000000 172.000000 -1.520000 8.590000
8440.000000 172.000000 -1.520000 8.590000
8450.000000 172.000000 -1.520000 8.590000
8460.000000 172.000000 -1.520000 8.590000
8470.000000 172.000000 -1.520000 8.590000
8480.000000 172.000000 -1.520000 8.590000
8490.000000 172.000000 -1.520000 8.590000
8500.000000 172.000000 -1.520000 8.590000
8510.000000 172.000000 -1.520000 8.590000
8520.000000 173.000000 -3.050000 8.050000
8530.000000 173.000000 -3.050000 8.050000
8540.000000 173.000000 -3.050000 8.050000
8550.000000 173.000000 -2.600000 8.070000
8560.000000 173.000000 -2.510000 7.780000
8570.000000 173.000000 -2.380000 7.730000
8580.000000 173.000000 -1.910000 7.790000
8590.000000 173.000000 -1.540000 7.720000
8600.000000 173.000000 -3.050000 8.050000
8610.000000 173.000000 -3.050000 8.050000
8620.000000 173.000000 -3.050000 8.050000
8630.000000 173.000000 -3.050000 8.050000
8640.000000 173.000000 -3.050000 8.050000
8650.000000 173.000000 -3.050000 8.050000
8660.000000 173.000000 -3.050000 8.050000
8670.000000 173.000000 -3.050000 8.050000
8680.000000 173.000000 -3.050000 8.050000
8690.000000 173.000000 -3.050000 8.050000
8700.000000 173.000000 -3.050000 8.050000
8710.000000 173.000000 -3.050000 8.050000
8720.000000 174.000000 3.940000 8.170000
8730.000000 174.000000 4.330000 8.230000
8740.000000 174.000000 4.730000 8.380000
8750.000000 174.000000 5.040000 8.460000
8760.000000 174.000000 5.330000 8.540000
8770.000000 174.000000 5.870000 8.600000
8780.000000 174.000000 6.270000 8.500000
8790.000000 174.000000 6.700000 8.400000
8800.000000 174.000000 7.060000 8.650000
8810.000000 174.000000 7.450000 8.710000
8820.000000 174.000000 7.840000 8.770000
8830.000000 174.000000 8.230000 8.830000
8840.000000 174.000000 8.620000 8.890000
8850.000000 174.000000 9.010000 8.950000
8860.000000 174.000000 9.400000 9.010000
8870.000000 174.000000 9.790000 9.070000
8880.000000 174.000000 10.180000 9.130000
8890.000000 174.000000 10.570000 9.190000
8900.000000 174.000000 10.960000 9.250000
8910.000000 174.000000 11.350000 9.310000
8890.000000 195.000000 12.710000 4.950000
8900.000000 195.000000 11.820000 4.590000
8910.000000 195.000000 10.960000 4.340000
8920.000000 195.000000 9.860000 4.250000
8930.000000 195.000000 9.110000 4.130000
8940.000000 195.000000 8.160000 3.990000
8950.000000 195.000000 7.270000 3.930000
8960.000000 195.000000 6.390000 3.810000
8970.000000 195.000000 5.590000 2.070000
8980.000000 195.000000 4.700000 1.710000
8990.000000 195.000000 3.810000 1.350000
9000.000000 195.000000 2.920000 0.990000
9010.000000 195.000000 2.030000 0.630000
9020.000000 195.000000 1.140000 0.270000
9030.000000 195.000000 0.250000 -0.090000
9040.000000 195.000000 -0.640000 -0.450000
9050.000000 195.000000 -1.530000 -0.810000
9060.000000 195.000000 -2.420000 -1.170000
9070.000000 195.000000 -3.310000 -1.530000
9080.000000 195.000000 -4.200000 -1.890000
8900.000000 196.000000 13.430000 5.210000
8910.000000 196.000000 12.660000 5.110000
8920.000000 196.000000 11.820000 4.850000
8930.000000 196.000000 10.980000 4.750000
8940.000000 196.000000 10.180000 4.550000
8950.000000 196.000000 9.410000 4.410000
8960.000000 196.000000 8.720000 4.260000
8970.000000 196.000000 7.990000 4.030000
8980.000000 196.000000 7.270000 4.410000
8990.000000 196.000000 6.500000 4.310000
9000.000000 196.000000 5.730000 4.210000
9010.000000 196.000000 4.960000 4.110000
9020.000000 196.000000 4.190000 4.010000
9030.000000 196.000000 3.420000 3.910000
9040.000000 196.000000 2.650000 3.810000
9050.000000 196.000000 1.880000 3.710000
9060.000000 196.000000 1.110000 3.610000
9070.000000 196.000000 0.340000 3.510000
9080.000000 196.000000 -0.430000 3.410000
9090.000000 196.000000 -1.200000 3.310000
8910.000000 197.000000 12.430000 6.040000
8920.000000 197.000000 11.500000 6.030000
8930.000000 197.000000 10.810000 5.800000
8940.000000 197.000000 10.280000 5.520000
8950.000000 197.000000 9.800000 5.220000
8960.000000 197.000000 8.970000 4.980000
8970.000000 197.000000 8.180000 4.880000
8980.000000 197.000000 7.240000 4.800000
8990.000000 197.000000 4.990000 5.960000
9000.000000 197.000000 4.060000 5.950000
9010.000000 197.000000 3.130000 5.940000
9020.000000 197.000000 2.200000 5.930000
9030.000000 197.000000 1.270000 5.920000
9040.000000 197.000000 0.340000 5.910000
9050.000000 197.000000 -0.590000 5.900000
9060.000000 197.000000 -1.520000 5.890000
9070.000000 197.000000 -2.450000 5.880000
9080.000000 197.000000 -3.380000 5.870000
9090.000000 197.000000 -4.310000 5.860000
9100.000000 197.000000 -5.240000 5.850000
8920.000000 175.000000 5.780000 7.730000
8930.000000 175.000000 5.400000 7.690000
8940.000000 175.000000 4.990000 7.720000
8950.000000 175.000000 4.590000 7.710000
8960.000000 175.000000 4.130000 7.780000
8970.000000 175.000000 3.730000 7.920000
8980.000000 175.000000 3.300000 7.970000
8990.000000 175.000000 2.870000 8.040000
9000.000000 175.000000 2.740000 7.410000
9010.000000 175.000000 2.360000 7.370000
9020.000000 175.000000 1.980000 7.330000
9030.000000 175.000000 1.600000 7.290000
9040.000000 175.000000 1.220000 7.250000
9050.000000 175.000000 0.840000 7.210000
9060.000000 175.000000 0.460000 7.170000
9070.000000 175.000000 0.080000 7.130000
9080.000000 175.000000 -0.300000 7.090000
9090.000000 175.000000 -0.680000 7.050000
9100.000000 175.000000 -1.060000 7.010000
9110.000000 175.000000 -1.440000 6.970000
9300.000000 216.000000 -4.260000 8.110000
9310.000000 216.000000 -3.980000 8.010000
9320.000000 216.000000 -3.840000 7.960000
9330.000000 216.000000 -3.310000 8.210000
9340.000000 216.000000 -2.900000 8.260000
9350.000000 216.000000 -2.790000 8.410000
9360.000000 216.000000 -2.510000 8.430000
9370.000000 216.000000 -2.230000 8.460000
9380.000000 216.000000 -2.020000 7.310000
9390.000000 216.000000 -1.740000 7.210000
9400.000000 216.000000 -1.460000 7.110000
9410.000000 216.000000 -1.180000 7.010000
9420.000000 216.000000 -0.900000 6.910000
9430.000000 216.000000 -0.620000 6.810000
9440.000000 216.000000 -0.340000 6.710000
9450.000000 216.000000 -0.060000 6.610000
9460.000000 216.000000 0.220000 6.510000
9470.000000 216.000000 0.500000 6.410000
9480.000000 216.000000 0.780000 6.310000
9490.000000 216.000000 1.060000 6.210000
9500.000000 217.000000 -2.250000 8.280000
9510.000000 217.000000 -2.780000 8.500000
9520.000000 217.000000 -2.810000 8.440000
9530.000000 217.000000 -2.980000 8.140000
9540.000000 217.000000 -2.980000 8.140000
9550.000000 217.000000 -3.270000 8.070000
9560.000000 217.000000 -3.270000 8.070000
9570.000000 217.000000 -3.270000 8.070000
9580.000000 217.000000 -6.490000 10.040000
9590.000000 217.000000 -7.020000 10.260000
9600.000000 217.000000 -7.550000 10.480000
9610.000000 217.000000 -8.080000 10.700000
9620.000000 217.000000 -8.610000 10.920000
9630.000000 217.000000 -9.140000 11.140000
9640.000000 217.000000 -9.670000 11.360000
9650.000000 217.000000 -10.200000 11.580000
9660.000000 217.000000 -10.730000 11.800000
9670.000000 217.000000 -11.260000 12.020000
9680.000000 217.000000 -11.790000 12.240000
9690.000000 217.000000 -12.320000 12.460000
9680.000000 230.000000 -3.110000 5.320000
9690.000000 230.000000 -2.090000 5.210000
9700.000000 230.000000 -1.280000 5.330000
9710.000000 230.000000 -0.440000 5.260000
9720.000000 230.000000 0.450000 5.280000
9730.000000 230.000000 1.340000 5.340000
9740.000000 230.000000 2.280000 5.270000
9750.000000 230.000000 3.180000 5.200000
9760.000000 230.000000 5.050000 4.440000
9770.000000 230.000000 6.070000 4.330000
9780.000000 230.000000 7.090000 4.220000
9790.000000 230.000000 8.110000 4.110000
9800.000000 230.000000 9.130000 4.000000
9810.000000 230.000000 10.150000 3.890000
9820.000000 230.000000 11.170000 3.780000
9830.000000 230.000000 12.190000 3.670000
9840.000000 230.000000 13.210000 3.560000
9850.000000 230.000000 14.230000 3.450000
9860.000000 230.000000 15.250000 3.340000
9870.000000 230.000000 16.270000 3.230000
9680.000000 231.000000 -3.380000 4.310000
9690.000000 231.000000 -2.480000 4.250000
9700.000000 231.000000 -1.510000 4.280000
9710.000000 231.000000 -0.430000 4.340000
9720.000000 231.000000 0.480000 4.390000
9730.000000 231.000000 1.360000 4.490000
9740.000000 231.000000 2.240000 4.500000
9750.000000 231.000000 3.050000 4.410000
9760.000000 231.000000 3.820000 3.830000
9770.000000 231.000000 4.720000 3.770000
9780.000000 231.000000 5.620000 3.710000
9790.000000 231.000000 6.520000 3.650000
9800.000000 231.000000 7.420000 3.590000
9810.000000 231.000000 8.320000 3.530000
9820.000000 231.000000 9.220000 3.470000
9830.000000 231.000000 10.120000 3.410000
9840.000000 231.000000 11.020000 3.350000
9850.000000 231.000000 11.920000 3.290000
9860.000000 231.000000 12.820000 3.230000
9870.000000 231.000000 13.720000 3.170000
9700.000000 218.000000 -4.840000 7.800000
9710.000000 218.000000 -4.840000 7.840000
9720.000000 218.000000 -4.840000 7.840000
9730.000000 218.000000 -4.840000 7.840000
9740.000000 218.000000 -4.840000 7.840000
9750.000000 218.000000 -4.840000 7.840000
9760.000000 218.000000 -4.780000 7.790000
9770.000000 218.000000 -4.830000 7.830000
9780.000000 218.000000 -4.840000 8.120000
9790.000000 218.000000 -4.840000 8.160000
9800.000000 218.000000 -4.840000 8.200000
9810.000000 218.000000 -4.840000 8.240000
9820.000000 218.000000 -4.840000 8.280000
9830.000000 218.000000 -4.840000 8.320000
9840.000000 218.000000 -4.840000 8.360000
9850.000000 218.000000 -4.840000 8.400000
9860.000000 218.000000 -4.840000 8.440000
9870.000000 218.000000 -4.840000 8.480000
9880.000000 218.000000 -4.840000 8.520000
9890.000000 218.000000 -4.840000 8.560000
9920.000000 238.000000 -2.360000 6.640000
9930.000000 238.000000 -1.300000 6.460000
9940.000000 238.000000 -0.520000 6.380000
9950.000000 238.000000 0.430000 6.410000
9960.000000 238.000000 1.290000 6.330000
9970.000000 238.000000 2.260000 6.480000
9980.000000 238.000000 3.120000 6.620000
9990.000000 238.000000 4.010000 6.580000
10000.000000 238.000000 6.120000 5.200000
10010.000000 238.000000 7.180000 5.020000
10020.000000 238.000000 8.240000 4.840000
10030.000000 238.000000 9.300000 4.660000
10040.000000 238.000000 10.360000 4.480000
10050.000000 238.000000 11.420000 4.300000
10060.000000 238.000000 12.480000 4.120000
10070.000000 238.000000 13.540000 3.940000
10080.000000 238.000000 14.600000 3.760000
10090.000000 238.000000 15.660000 3.580000
10100.000000 238.000000 16.720000 3.400000
10110.000000 238.000000 17.780000 3.220000
9920.000000 240.000000 -1.570000 5.570000
9930.000000 240.000000 -0.740000 5.530000
9940.000000 240.000000 0.070000 5.490000
9950.000000 240.000000 1.010000 5.490000
9960.000000 240.000000 1.950000 5.410000
9970.000000 240.000000 2.870000 5.330000
9980.000000 240.000000 3.750000 5.370000
9990.000000 240.000000 4.620000 5.470000
10000.000000 240.000000 5.070000 5.250000
10010.000000 240.000000 5.900000 5.210000
10020.000000 240.000000 6.730000 5.170000
10030.000000 240.000000 7.560000 5.130000
10040.000000 240.000000 8.390000 5.090000
10050.000000 240.000000 9.220000 5.050000
10060.000000 240.000000 10.050000 5.010000
10070.000000 240.000000 10.880000 4.970000
10080.000000 240.000000 11.710000 4.930000
10090.000000 240.000000 12.540000 4.890000
10100.000000 240.000000 13.370000 4.850000
10110.000000 240.000000 14.200000 4.810000
10120.000000 239.000000 11.780000 4.760000
10130.000000 239.000000 12.070000 4.780000
10140.000000 239.000000 12.290000 4.670000
10150.000000 239.000000 12.340000 4.690000
10160.000000 239.000000 12.310000 4.690000
10170.000000 239.000000 12.310000 4.670000
10180.000000 239.000000 12.310000 4.620000
10190.000000 239.000000 12.310000 4.620000
10200.000000 239.000000 14.100000 4.920000
10210.000000 239.000000 14.390000 4.940000
10220.000000 239.000000 14.680000 4.960000
10230.000000 239.000000 14.970000 4.980000
10240.000000 239.000000 15.260000 5.000000
10250.000000 239.000000 15.550000 5.020000
10260.000000 239.000000 15.840000 5.040000
10270.000000 239.000000 16.130000 5.060000
10280.000000 239.000000 16.420000 5.080000
10290.000000 239.000000 16.710000 5.100000
10300.000000 239.000000 17.000000 5.120000
10310.000000 239.000000 17.290000 5.140000
10250.000000 257.000000 12.620000 6.950000
10260.000000 257.000000 11.680000 7.090000
10270.000000 257.000000 10.740000 7.200000
10280.000000 257.000000 9.720000 7.100000
10290.000000 257.000000 8.730000 7.090000
10300.000000 257.000000 7.740000 6.970000
10310.000000 257.000000 6.860000 6.750000
10320.000000 257.000000 6.040000 6.450000
10330.000000 257.000000 5.100000 8.070000
10340.000000 257.000000 4.160000 8.210000
10350.000000 257.000000 3.220000 8.350000
10360.000000 257.000000 2.280000 8.490000
10370.000000 257.000000 1.340000 8.630000
10380.000000 257.000000 0.400000 8.770000
10390.000000 257.000000 -0.540000 8.910000
10400.000000 257.000000 -1.480000 9.050000
10410.000000 257.000000 -2.420000 9.190000
10420.000000 257.000000 -3.360000 9.330000
10430.000000 257.000000 -4.300000 9.470000
10440.000000 257.000000 -5.240000 9.610000
10250.000000 258.000000 -1.720000 7.410000
10260.000000 258.000000 -0.770000 7.300000
10270.000000 258.000000 0.160000 7.280000
10280.000000 258.000000 1.050000 7.190000
10290.000000 258.000000 1.960000 7.180000
10300.000000 258.000000 2.910000 7.260000
10310.000000 258.000000 3.600000 7.400000
10320.000000 258.000000 4.430000 7.610000
10330.000000 258.000000 5.880000 6.530000
10340.000000 258.000000 6.830000 6.420000
10350.000000 258.000000 7.780000 6.310000
10360.000000 258.000000 8.730000 6.200000
10370.000000 258.000000 9.680000 6.090000
10380.000000 258.000000 10.630000 5.980000
10390.000000 258.000000 11.580000 5.870000
10400.000000 258.000000 12.530000 5.760000
10410.000000 258.000000 13.480000 5.650000
10420.000000 258.000000 14.430000 5.540000
10430.000000 258.000000 15.380000 5.430000
10440.000000 258.000000 16.330000 5.320000
10250.000000 259.000000 -2.220000 6.660000
10260.000000 259.000000 -1.220000 6.450000
10270.000000 259.000000 -0.170000 6.320000
10280.000000 259.000000 0.820000 6.310000
10290.000000 259.000000 1.740000 6.310000
10300.000000 259.000000 2.640000 6.360000
10310.000000 259.000000 3.460000 6.610000
10320.000000 259.000000 4.330000 6.820000
10330.000000 259.000000 5.780000 4.980000
10340.000000 259.000000 6.780000 4.770000
10350.000000 259.000000 7.780000 4.560000
10360.000000 259.000000 8.780000 4.350000
10370.000000 259.000000 9.780000 4.140000
10380.000000 259.000000 10.780000 3.930000
10390.000000 259.000000 11.780000 3.720000
10400.000000 259.000000 12.780000 3.510000
10410.000000 259.000000 13.780000 3.300000
10420.000000 259.000000 14.780000 3.090000
10430.000000 259.000000 15.780000 2.880000
10440.000000 259.000000 16.780000 2.670000
10260.000000 260.000000 12.230000 6.630000
10270.000000 260.000000 11.230000 6.650000
10280.000000 260.000000 10.060000 6.750000
10290.000000 260.000000 9.180000 6.580000
10300.000000 260.000000 8.130000 6.480000
10310.000000 260.000000 7.210000 6.050000
10320.000000 260.000000 6.240000 5.750000
10330.000000 260.000000 5.240000 5.550000
10340.000000 260.000000 4.230000 6.790000
10350.000000 260.000000 3.230000 6.810000
10360.000000 260.000000 2.230000 6.830000
10370.000000 260.000000 1.230000 6.850000
10380.000000 260.000000 0.230000 6.870000
10390.000000 260.000000 -0.770000 6.890000
10400.000000 260.000000 -1.770000 6.910000
10410.000000 260.000000 -2.770000 6.930000
10420.000000 260.000000 -3.770000 6.950000
10430.000000 260.000000 -4.770000 6.970000
10440.000000 260.000000 -5.770000 6.990000
10450.000000 260.000000 -6.770000 7.010000
10280.000000 261.000000 12.700000 7.000000
10290.000000 261.000000 11.590000 7.140000
10300.000000 261.000000 10.830000 7.500000
10310.000000 261.000000 9.750000 7.480000
10320.000000 261.000000 8.720000 7.310000
10330.000000 261.000000 7.780000 6.960000
10340.000000 261.000000 6.790000 6.600000
10350.000000 261.000000 5.800000 6.270000
10360.000000 261.000000 3.820000 8.120000
10370.000000 261.000000 2.710000 8.260000
10380.000000 261.000000 1.600000 8.400000
10390.000000 261.000000 0.490000 8.540000
10400.000000 261.000000 -0.620000 8.680000
10410.000000 261.000000 -1.730000 8.820000
10420.000000 261.000000 -2.840000 8.960000
10430.000000 261.000000 -3.950000 9.100000
10440.000000 261.000000 -5.060000 9.240000
10450.000000 261.000000 -6.170000 9.380000
10460.000000 261.000000 -7.280000 9.520000
10470.000000 261.000000 -8.390000 9.660000
10300.000000 263.000000 -1.980000 5.100000
10310.000000 263.000000 -1.020000 5.220000
10320.000000 263.000000 -0.190000 5.440000
10330.000000 263.000000 0.700000 5.760000
10340.000000 263.000000 1.570000 6.100000
10350.000000 263.000000 2.590000 6.400000
10360.000000 263.000000 3.570000 6.630000
10370.000000 263.000000 4.400000 6.800000
10380.000000 263.000000 5.700000 6.060000
10390.000000 263.000000 6.660000 6.180000
10400.000000 263.000000 7.620000 6.300000
10410.000000 263.000000 8.580000 6.420000
10420.000000 263.000000 9.540000 6.540000
10430.000000 263.000000 10.500000 6.660000
10440.000000 263.000000 11.460000 6.780000
10450.000000 263.000000 12.420000 6.900000
10460.000000 263.000000 13.380000 7.020000
10470.000000 263.000000 14.340000 7.140000
10480.000000 263.000000 15.300000 7.260000
10490.000000 263.000000 16.260000 7.380000
10300.000000 264.000000 -2.160000 5.980000
10310.000000 264.000000 -1.260000 5.980000
10320.000000 264.000000 -0.390000 6.180000
10330.000000 264.000000 0.550000 6.440000
10340.000000 264.000000 1.420000 6.730000
10350.000000 264.000000 2.390000 7.070000
10360.000000 264.000000 3.330000 7.350000
10370.000000 264.000000 4.170000 7.580000
10380.000000 264.000000 5.040000 5.980000
10390.000000 264.000000 5.940000 5.980000
10400.000000 264.000000 6.840000 5.980000
10410.000000 264.000000 7.740000 5.980000
10420.000000 264.000000 8.640000 5.980000
10430.000000 264.000000 9.540000 5.980000
10440.000000 264.000000 10.440000 5.980000
10450.000000 264.000000 11.340000 5.980000
10460.000000 264.000000 12.240000 5.980000
10470.000000 264.000000 13.140000 5.980000
10480.000000 264.000000 14.040000 5.980000
10490.000000 264.000000 14.940000 5.980000
10300.000000 265.000000 -2.070000 1.900000
10310.000000 265.000000 -1.210000 1.870000
10320.000000 265.000000 -0.130000 1.950000
10330.000000 265.000000 0.940000 2.130000
10340.000000 265.000000 2.000000 2.210000
10350.000000 265.000000 3.000000 2.250000
10360.000000 265.000000 4.020000 2.400000
10370.000000 265.000000 4.970000 2.580000
10380.000000 265.000000 4.810000 1.660000
10390.000000 265.000000 5.670000 1.630000
10400.000000 265.000000 6.530000 1.600000
10410.000000 265.000000 7.390000 1.570000
10420.000000 265.000000 8.250000 1.540000
10430.000000 265.000000 9.110000 1.510000
10440.000000 265.000000 9.970000 1.480000
10450.000000 265.000000 10.830000 1.450000
10460.000000 265.000000 11.690000 1.420000
10470.000000 265.000000 12.550000 1.390000
10480.000000 265.000000 13.410000 1.360000
10490.000000 265.000000 14.270000 1.330000
10300.000000 267.000000 -2.000000 3.250000
10310.000000 267.000000 -1.080000 3.390000
10320.000000 267.000000 -0.200000 3.410000
10330.000000 267.000000 0.670000 3.390000
10340.000000 267.000000 1.680000 3.380000
10350.000000 267.000000 2.480000 3.530000
10360.000000 267.000000 3.430000 3.690000
10370.000000 267.000000 4.470000 3.960000
10380.000000 267.000000 5.360000 4.370000
10390.000000 267.000000 6.280000 4.510000
10400.000000 267.000000 7.200000 4.650000
10410.000000 267.000000 8.120000 4.790000
10420.000000 267.000000 9.040000 4.930000
10430.000000 267.000000 9.960000 5.070000
10440.000000 267.000000 10.880000 5.210000
10450.000000 267.000000 11.800000 5.350000
10460.000000 267.000000 12.720000 5.490000
10470.000000 267.000000 13.640000 5.630000
10480.000000 267.000000 14.560000 5.770000
10490.000000 267.000000 15.480000 5.910000
10300.000000 268.000000 -1.380000 3.890000
10310.000000 268.000000 -0.790000 4.000000
10320.000000 268.000000 0.370000 4.030000
10330.000000 268.000000 1.070000 4.020000
10340.000000 268.000000 1.940000 3.850000
10350.000000 268.000000 2.710000 4.040000
10360.000000 268.000000 3.560000 4.440000
10370.000000 268.000000 4.550000 4.630000
10380.000000 268.000000 3.340000 4.770000
10390.000000 268.000000 3.930000 4.880000
10400.000000 268.000000 4.520000 4.990000
10410.000000 268.000000 5.110000 5.100000
10420.000000 268.000000 5.700000 5.210000
10430.000000 268.000000 6.290000 5.320000
10440.000000 268.000000 6.880000 5.430000
10450.000000 268.000000 7.470000 5.540000
10460.000000 268.000000 8.060000 5.650000
10470.000000 268.000000 8.650000 5.760000
10480.000000 268.000000 9.240000 5.870000
10490.000000 268.000000 9.830000 5.980000
10690.000000 303.000000 12.900000 6.160000
10700.000000 303.000000 12.310000 6.320000
10710.000000 303.000000 11.610000 6.670000
10720.000000 303.000000 10.950000 7.100000
10730.000000 303.000000 10.280000 7.370000
10740.000000 303.000000 9.630000 7.550000
10750.000000 303.000000 8.910000 7.660000
10760.000000 303.000000 8.160000 7.780000
10770.000000 303.000000 8.180000 7.440000
10780.000000 303.000000 7.590000 7.600000
10790.000000 303.000000 7.000000 7.760000
10800.000000 303.000000 6.410000 7.920000
10810.000000 303.000000 5.820000 8.080000
10820.000000 303.000000 5.230000 8.240000
10830.000000 303.000000 4.640000 8.400000
10840.000000 303.000000 4.050000 8.560000
10850.000000 303.000000 3.460000 8.720000
10860.000000 303.000000 2.870000 8.880000
10870.000000 303.000000 2.280000 9.040000
10880.000000 303.000000 1.690000 9.200000
10850.000000 316.000000 -1.870000 6.400000
10860.000000 316.000000 -1.330000 6.370000
10870.000000 316.000000 -0.740000 6.320000
10880.000000 316.000000 -0.140000 6.180000
10890.000000 316.000000 0.480000 6.050000
10900.000000 316.000000 1.150000 5.980000
10910.000000 316.000000 1.810000 5.910000
10920.000000 316.000000 2.480000 5.940000
10930.000000 316.000000 2.450000 6.160000
10940.000000 316.000000 2.990000 6.130000
10950.000000 316.000000 3.530000 6.100000
10960.000000 316.000000 4.070000 6.070000
10970.000000 316.000000 4.610000 6.040000
10980.000000 316.000000 5.150000 6.010000
10990.000000 316.000000 5.690000 5.980000
11000.000000 316.000000 6.230000 5.950000
11010.000000 316.000000 6.770000 5.920000
11020.000000 316.000000 7.310000 5.890000
11030.000000 316.000000 7.850000 5.860000
11040.000000 316.000000 8.390000 5.830000
11210.000000 320.000000 12.000000 4.350000
11220.000000 320.000000 11.300000 4.090000
11230.000000 320.000000 10.610000 3.980000
11240.000000 320.000000 10.000000 3.720000
11250.000000 320.000000 9.230000 3.660000
11260.000000 320.000000 8.560000 3.470000
11270.000000 320.000000 7.980000 3.270000
11280.000000 320.000000 7.520000 3.120000
11290.000000 320.000000 6.400000 2.270000
11300.000000 320.000000 5.700000 2.010000
11310.000000 320.000000 5.000000 1.750000
11320.000000 320.000000 4.300000 1.490000
11330.000000 320.000000 3.600000 1.230000
11340.000000 320.000000 2.900000 0.970000
11350.000000 320.000000 2.200000 0.710000
11360.000000 320.000000 1.500000 0.450000
11370.000000 320.000000 0.800000 0.190000
11380.000000 320.000000 0.100000 -0.070000
11390.000000 320.000000 -0.600000 -0.330000
11400.000000 320.000000 -1.300000 -0.590000
11280.000000 329.000000 -2.760000 -0.130000
11290.000000 329.000000 -2.040000 0.530000
11300.000000 329.000000 -1.180000 1.020000
11310.000000 329.000000 -0.360000 1.480000
11320.000000 329.000000 0.340000 1.920000
11330.000000 329.000000 0.840000 2.350000
11340.000000 329.000000 1.590000 2.640000
11350.000000 329.000000 2.390000 2.910000
11360.000000 329.000000 3.000000 5.150000
11370.000000 329.000000 3.720000 5.810000
11380.000000 329.000000 4.440000 6.470000
11390.000000 329.000000 5.160000 7.130000
11400.000000 329.000000 5.880000 7.790000
11410.000000 329.000000 6.600000 8.450000
11420.000000 329.000000 7.320000 9.110000
11430.000000 329.000000 8.040000 9.770000
11440.000000 329.000000 8.760000 10.430000
11450.000000 329.000000 9.480000 11.090000
11460.000000 329.000000 10.200000 11.750000
11470.000000 329.000000 10.920000 12.410000
11280.000000 327.000000 -2.800000 1.840000
11290.000000 327.000000 -1.780000 2.390000
11300.000000 327.000000 -1.070000 2.780000
11310.000000 327.000000 -0.260000 2.950000
11320.000000 327.000000 0.540000 3.130000
11330.000000 327.000000 1.320000 3.320000
11340.000000 327.000000 2.040000 3.540000
11350.000000 327.000000 2.790000 3.760000
11360.000000 327.000000 5.360000 6.240000
11370.000000 327.000000 6.380000 6.790000
11380.000000 327.000000 7.400000 7.340000
11390.000000 327.000000 8.420000 7.890000
11400.000000 327.000000 9.440000 8.440000
11410.000000 327.000000 10.460000 8.990000
11420.000000 327.000000 11.480000 9.540000
11430.000000 327.000000 12.500000 10.090000
11440.000000 327.000000 13.520000 10.640000
11450.000000 327.000000 14.540000 11.190000
11460.000000 327.000000 15.560000 11.740000
11470.000000 327.000000 16.580000 12.290000
11280.000000 328.000000 -3.580000 0.190000
11290.000000 328.000000 -2.850000 0.850000
11300.000000 328.000000 -1.780000 1.470000
11310.000000 328.000000 -0.960000 1.920000
11320.000000 328.000000 -0.300000 2.330000
11330.000000 328.000000 0.250000 2.670000
11340.000000 328.000000 1.010000 3.010000
11350.000000 328.000000 1.810000 3.280000
11360.000000 328.000000 2.260000 5.470000
11370.000000 328.000000 2.990000 6.130000
11380.000000 328.000000 3.720000 6.790000
11390.000000 328.000000 4.450000 7.450000
11400.000000 328.000000 5.180000 8.110000
11410.000000 328.000000 5.910000 8.770000
11420.000000 328.000000 6.640000 9.430000
11430.000000 328.000000 7.370000 10.090000
11440.000000 328.000000 8.100000 10.750000
11450.000000 328.000000 8.830000 11.410000
11460.000000 328.000000 9.560000 12.070000
11470.000000 328.000000 10.290000 12.730000
11310.000000 331.000000 -4.430000 4.560000
11320.000000 331.000000 -3.490000 4.940000
11330.000000 331.000000 -2.700000 5.350000
11340.000000 331.000000 -1.670000 5.660000
11350.000000 331.000000 -0.580000 5.900000
11360.000000 331.000000 0.400000 6.200000
11370.000000 331.000000 1.430000 6.460000
11380.000000 331.000000 2.430000 6.600000
11390.000000 331.000000 3.090000 7.600000
11400.000000 331.000000 4.030000 7.980000
11410.000000 331.000000 4.970000 8.360000
11420.000000 331.000000 5.910000 8.740000
11430.000000 331.000000 6.850000 9.120000
11440.000000 331.000000 7.790000 9.500000
11450.000000 331.000000 8.730000 9.880000
11460.000000 331.000000 9.670000 10.260000
11470.000000 331.000000 10.610000 10.640000
11480.000000 331.000000 11.550000 11.020000
11490.000000 331.000000 12.490000 11.400000
11500.000000 331.000000 13.430000 11.780000
11840.000000 342.000000 10.640000 4.900000
11850.000000 342.000000 9.730000 4.760000
11860.000000 342.000000 8.750000 4.600000
11870.000000 342.000000 7.840000 4.560000
11880.000000 342.000000 6.880000 4.500000
11890.000000 342.000000 5.990000 4.480000
11900.000000 342.000000 5.080000 4.470000
11910.000000 342.000000 4.170000 4.430000
11920.000000 342.000000 3.360000 3.780000
11930.000000 342.000000 2.450000 3.640000
11940.000000 342.000000 1.540000 3.500000
11950.000000 342.000000 0.630000 3.360000
11960.000000 342.000000 -0.280000 3.220000
11970.000000 342.000000 -1.190000 3.080000
11980.000000 342.000000 -2.100000 2.940000
11990.000000 342.000000 -3.010000 2.800000
12000.000000 342.000000 -3.920000 2.660000
12010.000000 342.000000 -4.830000 2.520000
12020.000000 342.000000 -5.740000 2.380000
12030.000000 342.000000 -6.650000 2.240000
11880.000000 348.000000 13.410000 5.460000
11890.000000 348.000000 12.400000 5.010000
11900.000000 348.000000 11.320000 4.730000
11910.000000 348.000000 10.240000 4.560000
11920.000000 348.000000 9.140000 4.440000
11930.000000 348.000000 8.100000 4.530000
11940.000000 348.000000 6.970000 4.600000
11950.000000 348.000000 5.710000 4.730000
11960.000000 348.000000 5.330000 1.860000
11970.000000 348.000000 4.320000 1.410000
11980.000000 348.000000 3.310000 0.960000
11990.000000 348.000000 2.300000 0.510000
12000.000000 348.000000 1.290000 0.060000
12010.000000 348.000000 0.280000 -0.390000
12020.000000 348.000000 -0.730000 -0.840000
12030.000000 348.000000 -1.740000 -1.290000
12040.000000 348.000000 -2.750000 -1.740000
12050.000000 348.000000 -3.760000 -2.190000
12060.000000 348.000000 -4.770000 -2.640000
12070.000000 348.000000 -5.780000 -3.090000
11930.000000 350.000000 -4.990000 5.190000
11940.000000 350.000000 -3.910000 5.180000
11950.000000 350.000000 -3.050000 5.230000
11960.000000 350.000000 -2.120000 5.270000
11970.000000 350.000000 -0.940000 5.310000
11980.000000 350.000000 -0.260000 5.570000
11990.000000 350.000000 0.830000 5.710000
12000.000000 350.000000 1.830000 5.830000
12010.000000 350.000000 3.650000 5.110000
12020.000000 350.000000 4.730000 5.100000
12030.000000 350.000000 5.810000 5.090000
12040.000000 350.000000 6.890000 5.080000
12050.000000 350.000000 7.970000 5.070000
12060.000000 350.000000 9.050000 5.060000
12070.000000 350.000000 10.130000 5.050000
12080.000000 350.000000 11.210000 5.040000
12090.000000 350.000000 12.290000 5.030000
12100.000000 350.000000 13.370000 5.020000
12110.000000 350.000000 14.450000 5.010000
12120.000000 350.000000 15.530000 5.000000
11940.000000 353.000000 -4.790000 -0.260000
11950.000000 353.000000 -4.040000 0.440000
11960.000000 353.000000 -3.120000 1.030000
11970.000000 353.000000 -2.130000 1.650000
11980.000000 353.000000 -1.070000 2.050000
11990.000000 353.000000 -0.100000 2.480000
12000.000000 353.000000 0.910000 2.960000
12010.000000 353.000000 1.950000 3.380000
12020.000000 353.000000 1.210000 5.340000
12030.000000 353.000000 1.960000 6.040000
12040.000000 353.000000 2.710000 6.740000
12050.000000 353.000000 3.460000 7.440000
12060.000000 353.000000 4.210000 8.140000
12070.000000 353.000000 4.960000 8.840000
12080.000000 353.000000 5.710000 9.540000
12090.000000 353.000000 6.460000 10.240000
12100.000000 353.000000 7.210000 10.940000
12110.000000 353.000000 7.960000 11.640000
12120.000000 353.000000 8.710000 12.340000
12130.000000 353.000000 9.460000 13.040000
11970.000000 355.000000 -2.400000 10.550000
11980.000000 355.000000 -1.660000 9.900000
11990.000000 355.000000 -0.840000 9.560000
12000.000000 355.000000 -0.190000 8.920000
12010.000000 355.000000 0.510000 8.540000
12020.000000 355.000000 1.380000 8.290000
12030.000000 355.000000 2.200000 8.090000
12040.000000 355.000000 3.050000 7.920000
12050.000000 355.000000 3.520000 5.350000
12060.000000 355.000000 4.260000 4.700000
12070.000000 355.000000 5.000000 4.050000
12080.000000 355.000000 5.740000 3.400000
12090.000000 355.000000 6.480000 2.750000
12100.000000 355.000000 7.220000 2.100000
12110.000000 355.000000 7.960000 1.450000
12120.000000 355.000000 8.700000 0.800000
12130.000000 355.000000 9.440000 0.150000
12140.000000 355.000000 10.180000 -0.500000
12150.000000 355.000000 10.920000 -1.150000
12160.000000 355.000000 11.660000 -1.800000
12020.000000 358.000000 -6.550000 7.200000
12030.000000 358.000000 -6.050000 7.260000
12040.000000 358.000000 -5.490000 7.270000
12050.000000 358.000000 -4.990000 7.410000
12060.000000 358.000000 -4.500000 7.460000
12070.000000 358.000000 -4.070000 7.510000
12080.000000 358.000000 -3.780000 7.530000
12090.000000 358.000000 -3.230000 7.550000
12100.000000 358.000000 -2.550000 7.680000
12110.000000 358.000000 -2.050000 7.740000
12120.000000 358.000000 -1.550000 7.800000
12130.000000 358.000000 -1.050000 7.860000
12140.000000 358.000000 -0.550000 7.920000
12150.000000 358.000000 -0.050000 7.980000
12160.000000 358.000000 0.450000 8.040000
12170.000000 358.000000 0.950000 8.100000
12180.000000 358.000000 1.450000 8.160000
12190.000000 358.000000 1.950000 8.220000
12200.000000 358.000000 2.450000 8.280000
12210.000000 358.000000 2.950000 8.340000
12020.000000 357.000000 -6.400000 6.260000
12030.000000 357.000000 -5.940000 6.350000
12040.000000 357.000000 -5.340000 6.430000
12050.000000 357.000000 -4.840000 6.530000
12060.000000 357.000000 -4.350000 6.610000
12070.000000 357.000000 -3.810000 6.690000
12080.000000 357.000000 -3.370000 6.740000
12090.000000 357.000000 -3.060000 6.740000
12100.000000 357.000000 -2.720000 6.980000
12110.000000 357.000000 -2.260000 7.070000
12120.000000 357.000000 -1.800000 7.160000
12130.000000 357.000000 -1.340000 7.250000
12140.000000 357.000000 -0.880000 7.340000
12150.000000 357.000000 -0.420000 7.430000
12160.000000 357.000000 0.040000 7.520000
12170.000000 357.000000 0.500000 7.610000
12180.000000 357.000000 0.960000 7.700000
12190.000000 357.000000 1.420000 7.790000
12200.000000 357.000000 1.880000 7.880000
12210.000000 357.000000 2.340000 7.970000
12020.000000 359.000000 -4.900000 12.670000
12030.000000 359.000000 -4.120000 12.140000
12040.000000 359.000000 -3.370000 11.660000
12050.000000 359.000000 -2.770000 11.060000
12060.000000 359.000000 -1.920000 10.430000
12070.000000 359.000000 -0.950000 9.910000
12080.000000 359.000000 -0.160000 9.390000
12090.000000 359.000000 0.740000 8.910000
12100.000000 359.000000 1.340000 8.430000
12110.000000 359.000000 2.120000 7.900000
12120.000000 359.000000 2.900000 7.370000
12130.000000 359.000000 3.680000 6.840000
12140.000000 359.000000 4.460000 6.310000
12150.000000 359.000000 5.240000 5.780000
12160.000000 359.000000 6.020000 5.250000
12170.000000 359.000000 6.800000 4.720000
12180.000000 359.000000 7.580000 4.190000
12190.000000 359.000000 8.360000 3.660000
12200.000000 359.000000 9.140000 3.130000
12210.000000 359.000000 9.920000 2.600000