800 2.0 13.64 5.8
810 2.0 12.09 5.75
820 2.0 11.37 5.8
830 2.0 10.31 5.97
840 2.0 9.57 6.24
850 2.0 8.73 6.34
860 2.0 7.94 6.5
870 2.0 7.17 6.62
880 2.0 6.47 6.68
890 2.0 5.86 6.82
900 2.0 5.24 6.98
910 2.0 4.87 7.16
920 2.0 4.51 7.58
930 2.0 4.2 7.3
940 2.0 3.95 7.71
950 2.0 3.47 7.86
960 2.0 2.82 8.0
970 2.0 2.01 8.0
980 2.0 1.28 7.82
990 2.0 0.54 7.4
830 3.0 12.49 6.6
840 3.0 11.94 6.77
850 3.0 11.03 6.84
860 3.0 10.21 6.81
870 3.0 9.36 6.85
880 3.0 8.59 6.85
890 3.0 7.78 6.84
900 3.0 6.96 6.84
910 3.0 6.29 7.0
920 3.0 5.62 7.1
930 3.0 5.06 7.04
940 3.0 4.69 7.0
950 3.0 4.35 7.01
960 3.0 3.76 6.99
970 3.0 3.19 6.89
980 3.0 2.62 7.13
990 3.0 1.78 7.15
1000 3.0 1.01 6.96
1010 3.0 0.07 6.91
1020 3.0 -0.72 6.66
1050 11.0 12.51 6.19
1060 11.0 11.54 6.03
1070 11.0 10.96 5.97
1080 11.0 10.29 6.12
1090 11.0 9.88 6.21
1100 11.0 9.54 6.09
1110 11.0 8.87 5.99
1120 11.0 8.04 5.66
1130 11.0 7.17 5.45
1140 11.0 6.43 5.23
1150 11.0 5.67 5.16
1160 11.0 4.94 4.95
1170 11.0 4.26 4.71
1180 11.0 3.54 4.54
1190 11.0 2.82 4.35
1200 11.0 2.16 4.19
1210 11.0 1.39 3.97
1220 11.0 0.71 3.72
1230 11.0 0.01 3.41
1240 11.0 -0.63 3.08
1050 12.0 12.09 6.95
1060 12.0 11.4 6.93
1070 12.0 10.7 6.87
1080 12.0 10.07 6.73
1090 12.0 9.45 6.51
1100 12.0 8.9 6.33
1110 12.0 8.21 6.23
1120 12.0 7.49 6.06
1130 12.0 6.73 5.97
1140 12.0 5.98 5.8
1150 12.0 5.21 5.74
1160 12.0 4.45 5.61
1170 12.0 3.76 5.6
1180 12.0 3.03 5.39
1190 12.0 2.28 5.24
1200 12.0 1.57 5.06
1210 12.0 0.83 4.87
1220 12.0 0.11 4.68
1230 12.0 -0.65 4.3
1240 12.0 -1.48 3.9
2860 51.0 7.05 8.44
2870 51.0 7.05 8.44
2880 51.0 7.05 8.44
2890 51.0 7.05 8.44
2900 51.0 7.05 8.44
2910 51.0 7.05 8.44
2920 51.0 7.05 8.44
2930 51.0 7.05 8.44
2940 51.0 7.05 8.44
2950 51.0 7.05 8.44
2960 51.0 7.05 8.44
2970 51.0 7.05 8.44
2980 51.0 7.05 8.44
2990 51.0 7.05 8.44
3000 51.0 7.05 8.44
3010 51.0 6.93 8.26
3020 51.0 6.87 8.09
3030 51.0 7.02 7.91
3040 51.0 7.07 7.78
3050 51.0 7.1 7.82
2860 52.0 8.09 8.84
2870 52.0 8.09 8.84
2880 52.0 8.09 8.84
2890 52.0 8.09 8.84
2900 52.0 8.09 8.84
2910 52.0 8.09 8.84
2920 52.0 8.09 8.84
2930 52.0 8.09 8.84
2940 52.0 8.09 8.84
2950 52.0 8.09 8.84
2960 52.0 8.09 8.84
2970 52.0 8.09 8.84
2980 52.0 8.09 8.84
2990 52.0 8.09 8.84
3000 52.0 8.09 8.84
3010 52.0 8.09 8.84
3020 52.0 8.09 8.84
3030 52.0 8.09 8.84
3040 52.0 8.09 8.84
3050 52.0 8.09 8.84
2860 56.0 12.32 3.35
2870 56.0 12.42 3.22
2880 56.0 12.49 3.21
2890 56.0 12.65 3.36
2900 56.0 12.79 3.45
2910 56.0 12.79 3.47
2920 56.0 12.79 3.38
2930 56.0 12.78 3.16
2940 56.0 12.78 3.08
2950 56.0 12.78 3.08
2960 56.0 12.78 3.08
2970 56.0 12.78 3.08
2980 56.0 12.78 3.08
2990 56.0 12.78 3.15
3000 56.0 12.82 3.24
3010 56.0 12.82 3.24
3020 56.0 12.82 3.24
3030 56.0 12.82 3.2
3040 56.0 12.82 3.11
3050 56.0 12.82 3.01
4330 79.0 -3.78 5.15
4340 79.0 -3.09 5.12
4350 79.0 -2.34 5.19
4360 79.0 -1.61 5.17
4370 79.0 -0.84 5.31
4380 79.0 -0.13 5.27
4390 79.0 0.61 5.36
4400 79.0 1.38 5.43
4410 79.0 2.19 5.68
4420 79.0 2.94 5.83
4430 79.0 3.73 5.95
4440 79.0 4.53 6.04
4450 79.0 5.37 6.03
4460 79.0 6.19 6.0
4470 79.0 7.09 6.0
4480 79.0 7.95 5.99
4490 79.0 8.8 6.04
4500 79.0 9.68 6.04
4510 79.0 10.51 5.99
4520 79.0 11.33 5.98
6420 126.0 -5.19 6.38
6430 126.0 -4.3 6.5
6440 126.0 -3.36 6.56
6450 126.0 -2.42 6.51
6460 126.0 -1.39 6.39
6470 126.0 -0.56 6.38
6480 126.0 0.26 6.18
6490 126.0 1.27 6.02
6500 126.0 2.25 5.84
6510 126.0 3.14 5.65
6520 126.0 4.08 5.47
6530 126.0 5.0 5.31
6540 126.0 5.9 5.29
6550 126.0 6.75 5.23
6560 126.0 7.65 5.14
6570 126.0 8.49 5.03
6580 126.0 9.31 4.97
6590 126.0 10.08 5.01
6600 126.0 10.86 4.96
6610 126.0 11.57 4.74
6420 127.0 -5.45 7.31
6430 127.0 -4.56 7.42
6440 127.0 -3.66 7.48
6450 127.0 -2.72 7.42
6460 127.0 -1.59 7.31
6470 127.0 -0.59 7.22
6480 127.0 0.36 7.14
6490 127.0 1.32 7.05
6500 127.0 2.28 6.9
6510 127.0 3.16 6.66
6520 127.0 4.1 6.43
6530 127.0 5.01 6.31
6540 127.0 5.92 6.23
6550 127.0 6.84 6.22
6560 127.0 7.72 6.19
6570 127.0 8.67 6.17
6580 127.0 9.53 6.23
6590 127.0 10.39 6.23
6600 127.0 11.2 6.25
6610 127.0 12.02 6.08
8120 171.0 -0.68 8.4
8130 171.0 -0.71 8.35
8140 171.0 -0.91 8.42
8150 171.0 -1.08 8.47
8160 171.0 -1.24 8.36
8170 171.0 -1.53 8.27
8180 171.0 -1.87 8.41
8190 171.0 -1.91 8.44
8200 171.0 -2.31 8.41
8210 171.0 -2.66 8.63
8220 171.0 -2.66 8.63
8230 171.0 -2.66 8.63
8240 171.0 -2.66 8.63
8250 171.0 -2.69 8.56
8260 171.0 -2.69 8.52
8270 171.0 -2.39 8.73
8280 171.0 -2.1 8.77
8290 171.0 -1.72 8.74
8300 171.0 -1.55 8.62
8310 171.0 -1.52 8.59
8320 172.0 -1.52 8.59
8330 172.0 -1.52 8.59
8340 172.0 -1.52 8.59
8350 172.0 -1.52 8.59
8360 172.0 -1.52 8.59
8370 172.0 -1.97 8.35
8380 172.0 -2.04 8.35
8390 172.0 -2.41 8.33
8400 172.0 -2.62 8.16
8410 172.0 -2.83 7.99
8420 172.0 -2.83 7.99
8430 172.0 -2.83 7.99
8440 172.0 -2.83 7.99
8450 172.0 -2.83 7.99
8460 172.0 -2.91 8.04
8470 172.0 -2.92 8.02
8480 172.0 -3.01 8.06
8490 172.0 -3.05 8.05
8500 172.0 -3.05 8.05
8510 172.0 -3.05 8.05
8520 173.0 -3.05 8.05
8530 173.0 -3.05 8.05
8540 173.0 -3.05 8.05
8550 173.0 -2.6 8.07
8560 173.0 -2.51 7.78
8570 173.0 -2.38 7.73
8580 173.0 -1.91 7.79
8590 173.0 -1.54 7.72
8600 173.0 -1.04 7.8
8610 173.0 -0.62 7.82
8620 173.0 -0.16 7.77
8630 173.0 0.28 7.86
8640 173.0 0.67 7.8
8650 173.0 1.02 7.75
8660 173.0 1.44 7.87
8670 173.0 1.86 7.85
8680 173.0 2.22 7.89
8690 173.0 2.6 8.01
8700 173.0 3.04 7.99
8710 173.0 3.5 8.06
8720 174.0 3.94 8.17
8730 174.0 4.33 8.23
8740 174.0 4.73 8.38
8750 174.0 5.04 8.46
8760 174.0 5.33 8.54
8770 174.0 5.87 8.6
8780 174.0 6.27 8.5
8790 174.0 6.7 8.4
8800 174.0 6.96 8.4
8810 174.0 6.96 8.4
8820 174.0 7.2 7.95
8830 174.0 7.23 7.85
8840 174.0 7.23 7.85
8850 174.0 7.23 7.85
8860 174.0 7.23 7.85
8870 174.0 7.2 7.88
8880 174.0 7.07 7.94
8890 174.0 6.81 7.86
8900 174.0 6.51 7.74
8910 174.0 6.16 7.76
8890 195.0 12.71 4.95
8900 195.0 11.82 4.59
8910 195.0 10.96 4.34
8920 195.0 9.86 4.25
8930 195.0 9.11 4.13
8940 195.0 8.16 3.99
8950 195.0 7.27 3.93
8960 195.0 6.39 3.81
8970 195.0 5.51 3.66
8980 195.0 4.64 3.51
8990 195.0 3.69 3.38
9000 195.0 2.82 3.19
9010 195.0 1.98 2.77
9020 195.0 1.2 2.43
9030 195.0 0.29 2.04
9040 195.0 -0.52 1.69
9050 195.0 -1.13 1.29
9060 195.0 -2.0 0.59
9070 195.0 -2.64 0.11
9080 195.0 -3.5 -0.44
8900 196.0 13.43 5.21
8910 196.0 12.66 5.11
8920 196.0 11.82 4.85
8930 196.0 10.98 4.75
8940 196.0 10.18 4.55
8950 196.0 9.41 4.41
8960 196.0 8.72 4.26
8970 196.0 7.99 4.03
8980 196.0 7.2 3.96
8990 196.0 6.39 3.77
9000 196.0 5.5 3.53
9010 196.0 4.65 3.36
9020 196.0 3.73 3.12
9030 196.0 2.76 2.95
9040 196.0 1.92 2.82
9050 196.0 1.01 2.52
9060 196.0 0.07 2.2
9070 196.0 -0.89 1.79
9080 196.0 -1.65 1.35
9090 196.0 -2.33 0.88
8910 197.0 12.43 6.04
8920 197.0 11.5 6.03
8930 197.0 10.81 5.8
8940 197.0 10.28 5.52
8950 197.0 9.8 5.22
8960 197.0 8.97 4.98
8970 197.0 8.18 4.88
8980 197.0 7.24 4.8
8990 197.0 6.35 4.58
9000 197.0 5.42 4.35
9010 197.0 4.42 4.2
9020 197.0 3.5 4.0
9030 197.0 2.6 3.85
9040 197.0 1.68 3.68
9050 197.0 0.78 3.47
9060 197.0 -0.11 3.23
9070 197.0 -0.93 2.87
9080 197.0 -1.75 2.32
9090 197.0 -3.09 1.52
9100 197.0 -3.83 0.91
8920 175.0 5.78 7.73
8930 175.0 5.4 7.69
8940 175.0 4.99 7.72
8950 175.0 4.59 7.71
8960 175.0 4.13 7.78
8970 175.0 3.73 7.92
8980 175.0 3.3 7.97
8990 175.0 2.87 8.04
9000 175.0 2.42 8.16
9010 175.0 1.97 8.24
9020 175.0 1.52 8.35
9030 175.0 1.15 8.41
9040 175.0 0.74 8.37
9050 175.0 0.31 8.36
9060 175.0 -0.14 8.31
9070 175.0 -0.58 8.25
9080 175.0 -1.01 8.35
9090 175.0 -1.36 8.51
9100 175.0 -1.5 8.5
9110 175.0 -2.08 8.54
9300 216.0 -4.26 8.11
9310 216.0 -3.98 8.01
9320 216.0 -3.84 7.96
9330 216.0 -3.31 8.21
9340 216.0 -2.9 8.26
9350 216.0 -2.79 8.41
9360 216.0 -2.51 8.43
9370 216.0 -2.23 8.46
9380 216.0 -2.01 8.44
9390 216.0 -1.86 8.34
9400 216.0 -1.65 8.28
9410 216.0 -1.65 8.28
9420 216.0 -1.65 8.28
9430 216.0 -2.21 8.09
9440 216.0 -2.21 8.09
9450 216.0 -2.23 8.18
9460 216.0 -2.25 8.28
9470 216.0 -2.25 8.28
9480 216.0 -2.25 8.28
9490 216.0 -2.25 8.28
9500 217.0 -2.25 8.28
9510 217.0 -2.78 8.5
9520 217.0 -2.81 8.44
9530 217.0 -2.98 8.14
9540 217.0 -2.98 8.14
9550 217.0 -3.27 8.07
9560 217.0 -3.27 8.07
9570 217.0 -3.27 8.07
9580 217.0 -3.27 8.07
9590 217.0 -3.27 8.07
9600 217.0 -3.27 8.07
9610 217.0 -3.27 8.07
9620 217.0 -3.27 8.07
9630 217.0 -3.27 8.07
9640 217.0 -3.27 8.07
9650 217.0 -3.61 7.93
9660 217.0 -3.68 7.91
9670 217.0 -3.78 7.9
9680 217.0 -4.41 7.87
9690 217.0 -4.67 7.75
9680 230.0 -3.11 5.32
9690 230.0 -2.09 5.21
9700 230.0 -1.28 5.33
9710 230.0 -0.44 5.26
9720 230.0 0.45 5.28
9730 230.0 1.34 5.34
9740 230.0 2.28 5.27
9750 230.0 3.18 5.2
9760 230.0 4.11 5.16
9770 230.0 5.03 5.09
9780 230.0 6.02 5.04
9790 230.0 7.01 5.03
9800 230.0 8.05 4.96
9810 230.0 8.94 4.89
9820 230.0 9.88 4.84
9830 230.0 10.74 4.75
9840 230.0 11.7 4.6
9850 230.0 12.52 4.3
9860 230.0 13.01 4.26
9870 230.0 13.05 4.4
9680 231.0 -3.38 4.31
9690 231.0 -2.48 4.25
9700 231.0 -1.51 4.28
9710 231.0 -0.43 4.34
9720 231.0 0.48 4.39
9730 231.0 1.36 4.49
9740 231.0 2.24 4.5
9750 231.0 3.05 4.41
9760 231.0 3.89 4.27
9770 231.0 4.7 4.11
9780 231.0 5.54 4.15
9790 231.0 6.36 4.2
9800 231.0 7.17 4.25
9810 231.0 8.09 4.24
9820 231.0 8.97 4.1
9830 231.0 9.76 4.21
9840 231.0 10.5 4.2
9850 231.0 11.12 4.05
9860 231.0 11.67 4.0
9870 231.0 12.02 3.8
9700 218.0 -4.84 7.8
9710 218.0 -4.84 7.84
9720 218.0 -4.84 7.84
9730 218.0 -4.84 7.84
9740 218.0 -4.84 7.84
9750 218.0 -4.84 7.84
9760 218.0 -4.78 7.79
9770 218.0 -4.83 7.83
9780 218.0 -4.92 7.89
9790 218.0 -5.03 7.89
9800 218.0 -5.23 7.82
9810 218.0 -5.42 7.85
9820 218.0 -5.67 7.99
9830 218.0 -5.86 8.05
9840 218.0 -6.06 8.09
9850 218.0 -6.22 8.28
9860 218.0 -6.25 8.45
9870 218.0 -6.18 8.65
9880 218.0 -5.02 9.02
9890 218.0 -3.86 9.6
9920 238.0 -2.36 6.64
9930 238.0 -1.3 6.46
9940 238.0 -0.52 6.38
9950 238.0 0.43 6.41
9960 238.0 1.29 6.33
9970 238.0 2.26 6.48
9980 238.0 3.12 6.62
9990 238.0 4.01 6.58
10000 238.0 4.87 6.44
10010 238.0 5.7 6.4
10020 238.0 6.56 6.34
10030 238.0 7.4 6.31
10040 238.0 8.18 6.3
10050 238.0 8.79 6.2
10060 238.0 9.4 6.11
10070 238.0 9.77 5.93
10080 238.0 10.15 5.81
10090 238.0 10.53 5.52
10100 238.0 10.95 5.31
10110 238.0 11.39 5.02
9920 240.0 -1.57 5.57
9930 240.0 -0.74 5.53
9940 240.0 0.07 5.49
9950 240.0 1.01 5.49
9960 240.0 1.95 5.41
9970 240.0 2.87 5.33
9980 240.0 3.75 5.37
9990 240.0 4.62 5.47
10000 240.0 5.44 5.48
10010 240.0 6.19 5.49
10020 240.0 6.97 5.46
10030 240.0 7.74 5.47
10040 240.0 8.51 5.47
10050 240.0 9.12 5.37
10060 240.0 9.74 5.31
10070 240.0 10.47 5.34
10080 240.0 11.28 5.18
10090 240.0 12.01 5.09
10100 240.0 12.74 5.32
10110 240.0 13.43 5.4
10120 239.0 11.78 4.76
10130 239.0 12.07 4.78
10140 239.0 12.29 4.67
10150 239.0 12.34 4.69
10160 239.0 12.31 4.69
10170 239.0 12.31 4.67
10180 239.0 12.31 4.62
10190 239.0 12.31 4.62
10200 239.0 12.31 4.62
10210 239.0 12.31 4.57
10220 239.0 12.37 4.5
10230 239.0 12.51 4.49
10240 239.0 12.5 4.35
10250 239.0 12.67 3.92
10260 239.0 12.66 3.79
10270 239.0 12.5 3.83
10280 239.0 12.37 3.74
10290 239.0 12.28 3.62
10300 239.0 12.37 3.56
10310 239.0 12.55 3.56
10250 257.0 12.62 6.95
10260 257.0 11.68 7.09
10270 257.0 10.74 7.2
10280 257.0 9.72 7.1
10290 257.0 8.73 7.09
10300 257.0 7.74 6.97
10310 257.0 6.86 6.75
10320 257.0 6.04 6.45
10330 257.0 5.37 6.15
10340 257.0 4.44 6.01
10350 257.0 3.84 5.72
10360 257.0 2.8 5.7
10370 257.0 1.85 5.51
10380 257.0 1.07 5.44
10390 257.0 0.06 5.22
10400 257.0 -1.01 4.99
10410 257.0 -1.76 4.92
10420 257.0 -2.96 4.66
10430 257.0 -3.93 4.45
10440 257.0 -4.95 4.36
10250 258.0 -1.72 7.41
10260 258.0 -0.77 7.3
10270 258.0 0.16 7.28
10280 258.0 1.05 7.19
10290 258.0 1.96 7.18
10300 258.0 2.91 7.26
10310 258.0 3.6 7.4
10320 258.0 4.43 7.61
10330 258.0 5.28 7.78
10340 258.0 6.15 7.92
10350 258.0 7.51 7.89
10360 258.0 8.15 7.88
10370 258.0 8.87 7.89
10380 258.0 9.8 7.7
10390 258.0 10.7 7.59
10400 258.0 11.4 7.6
10410 258.0 12.01 7.36
10420 258.0 12.47 7.05
10430 258.0 13.29 7.02
10440 258.0 13.77 6.59
10250 259.0 -2.22 6.66
10260 259.0 -1.22 6.45
10270 259.0 -0.17 6.32
10280 259.0 0.82 6.31
10290 259.0 1.74 6.31
10300 259.0 2.64 6.36
10310 259.0 3.46 6.61
10320 259.0 4.33 6.82
10330 259.0 5.19 6.99
10340 259.0 6.09 7.08
10350 259.0 6.99 7.02
10360 259.0 7.87 7.03
10370 259.0 8.42 7.0
10380 259.0 9.45 7.11
10390 259.0 10.03 6.97
10400 259.0 10.66 7.0
10410 259.0 11.24 6.95
10420 259.0 11.54 6.75
10430 259.0 12.04 6.66
10440 259.0 12.4 6.56
10260 260.0 12.23 6.63
10270 260.0 11.23 6.65
10280 260.0 10.06 6.75
10290 260.0 9.18 6.58
10300 260.0 8.13 6.48
10310 260.0 7.21 6.05
10320 260.0 6.24 5.75
10330 260.0 5.24 5.55
10340 260.0 4.34 5.3
10350 260.0 3.49 5.13
10360 260.0 2.58 4.96
10370 260.0 1.74 4.76
10380 260.0 0.89 4.4
10390 260.0 -0.02 4.16
10400 260.0 -0.97 3.95
10410 260.0 -1.66 3.83
10420 260.0 -3.04 3.54
10430 260.0 -3.95 3.39
10440 260.0 -4.92 3.45
10450 260.0 -5.91 3.55
10280 261.0 12.7 7.0
10290 261.0 11.59 7.14
10300 261.0 10.83 7.5
10310 261.0 9.75 7.48
10320 261.0 8.72 7.31
10330 261.0 7.78 6.96
10340 261.0 6.79 6.6
10350 261.0 5.8 6.27
10360 261.0 4.75 5.96
10370 261.0 3.85 5.75
10380 261.0 3.08 5.8
10390 261.0 2.15 5.61
10400 261.0 1.07 5.24
10410 261.0 0.16 4.93
10420 261.0 -0.79 4.82
10430 261.0 -1.43 4.65
10440 261.0 -2.83 4.38
10450 261.0 -3.84 4.39
10460 261.0 -4.79 4.49
10470 261.0 -5.76 4.6
10300 263.0 -1.98 5.1
10310 263.0 -1.02 5.22
10320 263.0 -0.19 5.44
10330 263.0 0.7 5.76
10340 263.0 1.57 6.1
10350 263.0 2.59 6.4
10360 263.0 3.57 6.63
10370 263.0 4.4 6.8
10380 263.0 5.28 6.87
10390 263.0 6.13 6.89
10400 263.0 7.08 6.94
10410 263.0 8.0 6.96
10420 263.0 8.88 7.0
10430 263.0 9.65 6.89
10440 263.0 10.44 6.9
10450 263.0 10.99 6.91
10460 263.0 11.63 6.74
10470 263.0 12.08 6.58
10480 263.0 12.35 6.53
10490 263.0 12.41 6.46
10300 264.0 -2.16 5.98
10310 264.0 -1.26 5.98
10320 264.0 -0.39 6.18
10330 264.0 0.55 6.44
10340 264.0 1.42 6.73
10350 264.0 2.39 7.07
10360 264.0 3.33 7.35
10370 264.0 4.17 7.58
10380 264.0 5.43 7.58
10390 264.0 6.26 7.64
10400 264.0 7.21 7.67
10410 264.0 8.11 7.48
10420 264.0 9.0 7.54
10430 264.0 9.85 7.64
10440 264.0 10.65 7.69
10450 264.0 11.28 7.62
10460 264.0 11.76 7.52
10470 264.0 12.35 7.3
10480 264.0 12.7 7.19
10490 264.0 12.66 7.01
10300 265.0 -2.07 1.9
10310 265.0 -1.21 1.87
10320 265.0 -0.13 1.95
10330 265.0 0.94 2.13
10340 265.0 2.0 2.21
10350 265.0 3.0 2.25
10360 265.0 4.02 2.4
10370 265.0 4.97 2.58
10380 265.0 5.81 2.62
10390 265.0 6.44 2.8
10400 265.0 7.33 3.04
10410 265.0 8.05 3.16
10420 265.0 8.97 3.33
10430 265.0 9.66 3.38
10440 265.0 10.46 3.73
10450 265.0 11.08 4.01
10460 265.0 11.57 4.16
10470 265.0 11.96 4.27
10480 265.0 12.18 4.41
10490 265.0 12.59 4.53
10300 267.0 -2.0 3.25
10310 267.0 -1.08 3.39
10320 267.0 -0.2 3.41
10330 267.0 0.67 3.39
10340 267.0 1.68 3.38
10350 267.0 2.48 3.53
10360 267.0 3.43 3.69
10370 267.0 4.47 3.96
10380 267.0 5.4 4.14
10390 267.0 6.25 4.27
10400 267.0 7.21 4.39
10410 267.0 8.14 4.51
10420 267.0 9.01 4.57
10430 267.0 9.79 4.61
10440 267.0 10.54 4.67
10450 267.0 11.15 4.86
10460 267.0 11.63 4.91
10470 267.0 11.99 5.02
10480 267.0 12.13 5.0
10490 267.0 12.29 5.12
10300 268.0 -1.38 3.89
10310 268.0 -0.79 4.0
10320 268.0 0.37 4.03
10330 268.0 1.07 4.02
10340 268.0 1.94 3.85
10350 268.0 2.71 4.04
10360 268.0 3.56 4.44
10370 268.0 4.55 4.63
10380 268.0 5.47 4.76
10390 268.0 6.29 4.86
10400 268.0 7.24 5.01
10410 268.0 8.2 5.14
10420 268.0 9.08 5.09
10430 268.0 9.96 5.09
10440 268.0 10.72 5.11
10450 268.0 11.32 5.29
10460 268.0 11.8 5.3
10470 268.0 12.19 5.4
10480 268.0 12.46 5.57
10490 268.0 12.93 5.83
10690 303.0 12.9 6.16
10700 303.0 12.31 6.32
10710 303.0 11.61 6.67
10720 303.0 10.95 7.1
10730 303.0 10.28 7.37
10740 303.0 9.63 7.55
10750 303.0 8.91 7.66
10760 303.0 8.16 7.78
10770 303.0 7.39 7.94
10780 303.0 6.61 8.11
10790 303.0 5.81 8.31
10800 303.0 5.08 8.41
10810 303.0 4.24 8.45
10820 303.0 3.38 8.52
10830 303.0 2.46 8.62
10840 303.0 1.56 8.66
10850 303.0 0.76 8.61
10860 303.0 -0.06 8.59
10870 303.0 -0.74 8.44
10880 303.0 -1.45 8.46
10850 316.0 -1.87 6.4
10860 316.0 -1.33 6.37
10870 316.0 -0.74 6.32
10880 316.0 -0.14 6.18
10890 316.0 0.48 6.05
10900 316.0 1.15 5.98
10910 316.0 1.81 5.91
10920 316.0 2.48 5.94
10930 316.0 3.2 5.92
10940 316.0 3.95 5.89
10950 316.0 4.62 5.82
10960 316.0 5.23 5.78
10970 316.0 5.91 5.72
10980 316.0 6.57 5.71
10990 316.0 7.23 5.67
11000 316.0 7.94 5.67
11010 316.0 8.64 5.72
11020 316.0 9.37 5.77
11030 316.0 10.17 5.77
11040 316.0 10.86 5.73
11210 320.0 12.0 4.35
11220 320.0 11.3 4.09
11230 320.0 10.61 3.98
11240 320.0 10.0 3.72
11250 320.0 9.23 3.66
11260 320.0 8.56 3.47
11270 320.0 7.98 3.27
11280 320.0 7.52 3.12
11290 320.0 6.71 3.02
11300 320.0 5.99 2.77
11310 320.0 5.27 2.69
11320 320.0 4.56 2.55
11330 320.0 3.99 2.18
11340 320.0 3.28 2.03
11350 320.0 2.48 1.94
11360 320.0 1.82 1.93
11370 320.0 1.16 1.97
11380 320.0 0.52 1.64
11390 320.0 0.11 1.36
11400 320.0 -0.69 0.69
11280 329.0 -2.76 -0.13
11290 329.0 -2.04 0.53
11300 329.0 -1.18 1.02
11310 329.0 -0.36 1.48
11320 329.0 0.34 1.92
11330 329.0 0.84 2.35
11340 329.0 1.59 2.64
11350 329.0 2.39 2.91
11360 329.0 3.18 3.17
11370 329.0 4.04 3.44
11380 329.0 4.89 3.69
11390 329.0 5.78 3.96
11400 329.0 6.76 4.08
11410 329.0 7.76 4.15
11420 329.0 8.61 4.16
11430 329.0 9.5 4.18
11440 329.0 10.38 4.34
11450 329.0 11.21 4.74
11460 329.0 12.09 4.9
11470 329.0 12.91 5.06
11280 327.0 -2.8 1.84
11290 327.0 -1.78 2.39
11300 327.0 -1.07 2.78
11310 327.0 -0.26 2.95
11320 327.0 0.54 3.13
11330 327.0 1.32 3.32
11340 327.0 2.04 3.54
11350 327.0 2.79 3.76
11360 327.0 3.61 4.08
11370 327.0 4.62 4.44
11380 327.0 5.55 4.7
11390 327.0 6.49 4.88
11400 327.0 7.4 5.01
11410 327.0 8.32 4.92
11420 327.0 9.26 4.99
11430 327.0 10.12 5.15
11440 327.0 11.0 5.36
11450 327.0 11.81 5.55
11460 327.0 12.64 5.61
11470 327.0 13.39 5.69
11280 328.0 -3.58 0.19
11290 328.0 -2.85 0.85
11300 328.0 -1.78 1.47
11310 328.0 -0.96 1.92
11320 328.0 -0.3 2.33
11330 328.0 0.25 2.67
11340 328.0 1.01 3.01
11350 328.0 1.81 3.28
11360 328.0 2.69 3.53
11370 328.0 3.54 3.85
11380 328.0 4.41 4.13
11390 328.0 5.31 4.4
11400 328.0 6.26 4.56
11410 328.0 7.22 4.63
11420 328.0 8.01 4.71
11430 328.0 8.82 4.55
11440 328.0 9.71 4.68
11450 328.0 10.49 4.96
11460 328.0 11.34 5.08
11470 328.0 12.08 5.33
11310 331.0 -4.43 4.56
11320 331.0 -3.49 4.94
11330 331.0 -2.7 5.35
11340 331.0 -1.67 5.66
11350 331.0 -0.58 5.9
11360 331.0 0.4 6.2
11370 331.0 1.43 6.46
11380 331.0 2.43 6.6
11390 331.0 3.44 6.69
11400 331.0 4.51 6.79
11410 331.0 5.55 6.89
11420 331.0 6.78 7.03
11430 331.0 7.9 7.09
11440 331.0 8.95 7.02
11450 331.0 10.1 7.14
11460 331.0 10.98 7.3
11470 331.0 11.98 7.51
11480 331.0 12.7 7.65
11490 331.0 13.21 7.29
11500 331.0 13.4 6.59
11840 342.0 10.64 4.9
11850 342.0 9.73 4.76
11860 342.0 8.75 4.6
11870 342.0 7.84 4.56
11880 342.0 6.88 4.5
11890 342.0 5.99 4.48
11900 342.0 5.08 4.47
11910 342.0 4.17 4.43
11920 342.0 3.31 4.36
11930 342.0 2.48 4.12
11940 342.0 1.68 3.86
11950 342.0 0.82 3.51
11960 342.0 0.03 3.29
11970 342.0 -0.92 2.98
11980 342.0 -1.7 2.72
11990 342.0 -2.29 2.29
12000 342.0 -2.96 1.67
12010 342.0 -3.47 1.06
12020 342.0 -3.96 0.4
12030 342.0 -4.35 -0.27
11880 348.0 13.41 5.46
11890 348.0 12.4 5.01
11900 348.0 11.32 4.73
11910 348.0 10.24 4.56
11920 348.0 9.14 4.44
11930 348.0 8.1 4.53
11940 348.0 6.97 4.6
11950 348.0 5.71 4.73
11960 348.0 4.6 4.55
11970 348.0 3.53 4.29
11980 348.0 2.45 4.18
11990 348.0 1.36 4.01
12000 348.0 0.34 3.98
12010 348.0 -0.62 4.02
12020 348.0 -1.56 4.0
12030 348.0 -2.39 3.96
12040 348.0 -3.25 4.09
12050 348.0 -4.23 4.24
12060 348.0 -5.09 4.43
12070 348.0 -5.9 4.54
11930 350.0 -4.99 5.19
11940 350.0 -3.91 5.18
11950 350.0 -3.05 5.23
11960 350.0 -2.12 5.27
11970 350.0 -0.94 5.31
11980 350.0 -0.26 5.57
11990 350.0 0.83 5.71
12000 350.0 1.83 5.83
12010 350.0 2.72 5.93
12020 350.0 3.64 5.81
12030 350.0 4.59 5.82
12040 350.0 5.52 5.83
12050 350.0 6.35 5.9
12060 350.0 7.15 5.91
12070 350.0 7.98 5.94
12080 350.0 9.0 5.99
12090 350.0 9.65 5.87
12100 350.0 10.52 5.88
12110 350.0 11.4 5.93
12120 350.0 12.25 6.07
11940 353.0 -4.79 -0.26
11950 353.0 -4.04 0.44
11960 353.0 -3.12 1.03
11970 353.0 -2.13 1.65
11980 353.0 -1.07 2.05
11990 353.0 -0.1 2.48
12000 353.0 0.91 2.96
12010 353.0 1.95 3.38
12020 353.0 3.0 3.81
12030 353.0 4.06 4.17
12040 353.0 5.1 4.49
12050 353.0 6.13 4.67
12060 353.0 7.13 4.83
12070 353.0 8.06 4.98
12080 353.0 8.9 4.98
12090 353.0 9.63 4.87
12100 353.0 10.3 4.84
12110 353.0 11.03 4.88
12120 353.0 11.76 5.1
12130 353.0 12.65 5.34
11970 355.0 -2.4 10.55
11980 355.0 -1.66 9.9
11990 355.0 -0.84 9.56
12000 355.0 -0.19 8.92
12010 355.0 0.51 8.54
12020 355.0 1.38 8.29
12030 355.0 2.2 8.09
12040 355.0 3.05 7.92
12050 355.0 3.91 7.72
12060 355.0 4.69 7.34
12070 355.0 5.45 6.89
12080 355.0 6.25 6.46
12090 355.0 7.12 6.14
12100 355.0 7.94 5.86
12110 355.0 8.73 5.65
12120 355.0 9.62 5.47
12130 355.0 10.53 5.22
12140 355.0 11.4 5.15
12150 355.0 12.25 5.14
12160 355.0 13.06 5.24
12020 358.0 -6.55 7.2
12030 358.0 -6.05 7.26
12040 358.0 -5.49 7.27
12050 358.0 -4.99 7.41
12060 358.0 -4.5 7.46
12070 358.0 -4.07 7.51
12080 358.0 -3.78 7.53
12090 358.0 -3.23 7.55
12100 358.0 -2.61 7.56
12110 358.0 -2.24 7.62
12120 358.0 -1.84 7.67
12130 358.0 -1.3 7.52
12140 358.0 -0.9 7.53
12150 358.0 -0.49 7.47
12160 358.0 -0.03 7.4
12170 358.0 0.44 7.34
12180 358.0 0.87 7.36
12190 358.0 1.33 7.27
12200 358.0 1.79 7.27
12210 358.0 2.28 7.21
12020 357.0 -6.4 6.26
12030 357.0 -5.94 6.35
12040 357.0 -5.34 6.43
12050 357.0 -4.84 6.53
12060 357.0 -4.35 6.61
12070 357.0 -3.81 6.69
12080 357.0 -3.37 6.74
12090 357.0 -3.06 6.74
12100 357.0 -2.43 6.86
12110 357.0 -2.24 6.96
12120 357.0 -1.85 6.97
12130 357.0 -1.44 6.92
12140 357.0 -0.9 6.89
12150 357.0 -0.52 6.83
12160 357.0 -0.08 6.77
12170 357.0 0.39 6.71
12180 357.0 0.84 6.69
12190 357.0 1.33 6.6
12200 357.0 1.79 6.61
12210 357.0 2.25 6.52
12020 359.0 -4.9 12.67
12030 359.0 -4.12 12.14
12040 359.0 -3.37 11.66
12050 359.0 -2.77 11.06
12060 359.0 -1.92 10.43
12070 359.0 -0.95 9.91
12080 359.0 -0.16 9.39
12090 359.0 0.74 8.91
12100 359.0 1.58 8.5
12110 359.0 2.45 8.11
12120 359.0 3.38 7.77
12130 359.0 4.56 7.32
12140 359.0 5.71 6.86
12150 359.0 6.64 6.56
12160 359.0 7.37 6.33
12170 359.0 8.34 5.9
12180 359.0 9.37 5.77
12190 359.0 10.39 5.67
12200 359.0 11.58 5.61
12210 359.0 12.52 5.73