0.000000 14.000000 21.467000 -17.871000
12.000000 14.000000 20.844000 -17.956000
24.000000 14.000000 20.221000 -18.040000
36.000000 14.000000 19.711000 -18.040000
48.000000 14.000000 19.088000 -18.125000
60.000000 14.000000 18.465000 -18.125000
72.000000 14.000000 17.927000 -18.125000
84.000000 14.000000 17.332000 -18.125000
96.000000 14.000000 16.709000 -18.201500
108.000000 14.000000 16.086000 -18.278000
120.000000 14.000000 15.463000 -18.354500
132.000000 14.000000 14.840000 -18.431000
144.000000 14.000000 14.217000 -18.507500
156.000000 14.000000 13.594000 -18.584000
168.000000 14.000000 12.971000 -18.660500
180.000000 14.000000 12.348000 -18.737000
192.000000 14.000000 11.725000 -18.813500
204.000000 14.000000 11.102000 -18.890000
216.000000 14.000000 10.479000 -18.966500
228.000000 14.000000 9.856000 -19.043000
240.000000 15.000000 10.167000 -17.078000
252.000000 15.000000 9.629000 -16.993000
264.000000 15.000000 9.119000 -16.794000
276.000000 15.000000 8.496000 -16.709000
288.000000 15.000000 7.987000 -16.539000
300.000000 15.000000 7.590000 -16.370000
312.000000 15.000000 7.080000 -16.200000
324.000000 15.000000 6.542000 -16.001000
336.000000 15.000000 6.089000 -15.695900
348.000000 15.000000 5.636000 -15.390800
360.000000 15.000000 5.183000 -15.085700
372.000000 15.000000 4.730000 -14.780600
384.000000 15.000000 4.277000 -14.475500
396.000000 15.000000 3.824000 -14.170400
408.000000 15.000000 3.371000 -13.865300
420.000000 15.000000 2.918000 -13.560200
432.000000 15.000000 2.465000 -13.255100
444.000000 15.000000 2.012000 -12.950000
456.000000 15.000000 1.559000 -12.644900
468.000000 15.000000 1.106000 -12.339800
348.000000 18.000000 9.006000 -18.295000
360.000000 18.000000 9.459000 -18.040000
372.000000 18.000000 10.082000 -17.786000
384.000000 18.000000 10.705000 -17.417000
396.000000 18.000000 11.300000 -17.163000
408.000000 18.000000 11.923000 -16.794000
420.000000 18.000000 12.461000 -16.709000
432.000000 18.000000 13.084000 -16.709000
444.000000 18.000000 13.693000 -16.148300
456.000000 18.000000 14.302000 -15.587600
468.000000 18.000000 14.911000 -15.026900
480.000000 18.000000 15.520000 -14.466200
492.000000 18.000000 16.129000 -13.905500
504.000000 18.000000 16.738000 -13.344800
516.000000 18.000000 17.347000 -12.784100
528.000000 18.000000 17.956000 -12.223400
540.000000 18.000000 18.565000 -11.662700
552.000000 18.000000 19.174000 -11.102000
564.000000 18.000000 19.783000 -10.541300
576.000000 18.000000 20.392000 -9.980600
588.000000 19.000000 20.986000 -16.313000
600.000000 19.000000 21.722000 -16.313000
612.000000 19.000000 22.544000 -16.313000
624.000000 19.000000 23.252000 -16.313000
636.000000 19.000000 23.875000 -16.426000
648.000000 19.000000 24.611000 -16.483000
660.000000 19.000000 25.347000 -16.681000
672.000000 19.000000 25.970000 -16.766000
684.000000 19.000000 26.649500 -16.919000
696.000000 19.000000 27.329000 -17.072000
708.000000 19.000000 28.008500 -17.225000
720.000000 19.000000 28.688000 -17.378000
732.000000 19.000000 29.367500 -17.531000
744.000000 19.000000 30.047000 -17.684000
756.000000 19.000000 30.726500 -17.837000
768.000000 19.000000 31.406000 -17.990000
780.000000 19.000000 32.085500 -18.143000
792.000000 19.000000 32.765000 -18.296000
804.000000 19.000000 33.444500 -18.449000
816.000000 19.000000 34.124000 -18.602000
1188.000000 0.000000 32.569000 -18.550000
1200.000000 0.000000 31.889000 -18.550000
1212.000000 0.000000 31.266000 -18.550000
1224.000000 0.000000 30.643000 -18.437000
1236.000000 0.000000 30.134000 -18.437000
1248.000000 0.000000 29.510000 -18.352000
1260.000000 0.000000 28.887000 -18.352000
1272.000000 0.000000 28.264000 -18.267000
1284.000000 0.000000 27.697500 -18.190500
1296.000000 0.000000 27.131000 -18.114000
1308.000000 0.000000 26.564500 -18.037500
1320.000000 0.000000 25.998000 -17.961000
1332.000000 0.000000 25.431500 -17.884500
1344.000000 0.000000 24.865000 -17.808000
1356.000000 0.000000 24.298500 -17.731500
1368.000000 0.000000 23.732000 -17.655000
1380.000000 0.000000 23.165500 -17.578500
1392.000000 0.000000 22.599000 -17.502000
1404.000000 0.000000 22.032500 -17.425500
1416.000000 0.000000 21.466000 -17.349000
1188.000000 1.000000 32.569000 -17.474000
1200.000000 1.000000 31.889000 -17.474000
1212.000000 1.000000 31.266000 -17.361000
1224.000000 1.000000 30.757000 -17.361000
1236.000000 1.000000 30.134000 -17.304000
1248.000000 1.000000 29.510000 -17.304000
1260.000000 1.000000 28.887000 -17.304000
1272.000000 1.000000 28.264000 -17.304000
1284.000000 1.000000 27.640500 -17.252700
1296.000000 1.000000 27.017000 -17.201400
1308.000000 1.000000 26.393500 -17.150100
1320.000000 1.000000 25.770000 -17.098800
1332.000000 1.000000 25.146500 -17.047500
1344.000000 1.000000 24.523000 -16.996200
1356.000000 1.000000 23.899500 -16.944900
1368.000000 1.000000 23.276000 -16.893600
1380.000000 1.000000 22.652500 -16.842300
1392.000000 1.000000 22.029000 -16.791000
1404.000000 1.000000 21.405500 -16.739700
1416.000000 1.000000 20.782000 -16.688400
1188.000000 2.000000 32.569000 -16.058000
1200.000000 2.000000 31.889000 -16.058000
1212.000000 2.000000 31.181000 -16.058000
1224.000000 2.000000 30.558000 -15.973000
1236.000000 2.000000 29.850000 -15.973000
1248.000000 2.000000 29.227000 -15.860000
1260.000000 2.000000 28.717000 -15.860000
1272.000000 2.000000 28.094000 -15.860000
1284.000000 2.000000 27.428500 -15.758300
1296.000000 2.000000 26.763000 -15.656600
1308.000000 2.000000 26.097500 -15.554900
1320.000000 2.000000 25.432000 -15.453200
1332.000000 2.000000 24.766500 -15.351500
1344.000000 2.000000 24.101000 -15.249800
1356.000000 2.000000 23.435500 -15.148100
1368.000000 2.000000 22.770000 -15.046400
1380.000000 2.000000 22.104500 -14.944700
1392.000000 2.000000 21.439000 -14.843000
1404.000000 2.000000 20.773500 -14.741300
1416.000000 2.000000 20.108000 -14.639600
1188.000000 34.000000 32.711000 -16.823000
1200.000000 34.000000 31.946000 -16.823000
1212.000000 34.000000 31.323000 -16.709000
1224.000000 34.000000 30.813000 -16.709000
1236.000000 34.000000 30.190000 -16.624000
1248.000000 34.000000 29.567000 -16.624000
1260.000000 34.000000 28.944000 -16.539000
1272.000000 34.000000 28.434000 -16.539000
1284.000000 34.000000 27.811000 -16.462500
1296.000000 34.000000 27.188000 -16.386000
1308.000000 34.000000 26.565000 -16.309500
1320.000000 34.000000 25.942000 -16.233000
1332.000000 34.000000 25.319000 -16.156500
1344.000000 34.000000 24.696000 -16.080000
1356.000000 34.000000 24.073000 -16.003500
1368.000000 34.000000 23.450000 -15.927000
1380.000000 34.000000 22.827000 -15.850500
1392.000000 34.000000 22.204000 -15.774000
1404.000000 34.000000 21.581000 -15.697500
1416.000000 34.000000 20.958000 -15.621000
1188.000000 36.000000 32.343000 -18.975000
1200.000000 36.000000 31.606000 -18.862000
1212.000000 36.000000 31.011000 -18.749000
1224.000000 36.000000 30.445000 -18.607000
1236.000000 36.000000 29.879000 -18.494000
1248.000000 36.000000 29.256000 -18.352000
1260.000000 36.000000 28.604000 -18.437000
1272.000000 36.000000 28.066000 -18.409000
1284.000000 36.000000 27.471500 -18.179500
1296.000000 36.000000 26.877000 -17.950000
1308.000000 36.000000 26.282500 -17.720500
1320.000000 36.000000 25.688000 -17.491000
1332.000000 36.000000 25.093500 -17.261500
1344.000000 36.000000 24.499000 -17.032000
1356.000000 36.000000 23.904500 -16.802500
1368.000000 36.000000 23.310000 -16.573000
1380.000000 36.000000 22.715500 -16.343500
1392.000000 36.000000 22.121000 -16.114000
1404.000000 36.000000 21.526500 -15.884500
1416.000000 36.000000 20.932000 -15.655000
1428.000000 35.000000 20.674000 -16.370000
1440.000000 35.000000 20.051000 -16.285000
1452.000000 35.000000 19.315000 -16.285000
1464.000000 35.000000 18.805000 -16.285000
1476.000000 35.000000 18.295000 -16.370000
1488.000000 35.000000 17.786000 -16.370000
1500.000000 35.000000 17.276000 -16.370000
1512.000000 35.000000 16.738000 -16.285000
1524.000000 35.000000 16.228500 -16.361500
1536.000000 35.000000 15.719000 -16.438000
1548.000000 35.000000 15.209500 -16.514500
1560.000000 35.000000 14.700000 -16.591000
1572.000000 35.000000 14.190500 -16.667500
1584.000000 35.000000 13.681000 -16.744000
1596.000000 35.000000 13.171500 -16.820500
1608.000000 35.000000 12.662000 -16.897000
1620.000000 35.000000 12.152500 -16.973500
1632.000000 35.000000 11.643000 -17.050000
1644.000000 35.000000 11.133500 -17.126500
1656.000000 35.000000 10.624000 -17.203000
1428.000000 37.000000 20.419000 -18.324000
1440.000000 37.000000 19.881000 -18.324000
1452.000000 37.000000 19.372000 -18.324000
1464.000000 37.000000 18.862000 -18.324000
1476.000000 37.000000 18.239000 -18.210000
1488.000000 37.000000 17.729000 -18.210000
1500.000000 37.000000 17.219000 -18.125000
1512.000000 37.000000 16.624000 -18.012000
1524.000000 37.000000 16.057500 -17.909400
1536.000000 37.000000 15.491000 -17.806800
1548.000000 37.000000 14.924500 -17.704200
1560.000000 37.000000 14.358000 -17.601600
1572.000000 37.000000 13.791500 -17.499000
1584.000000 37.000000 13.225000 -17.396400
1596.000000 37.000000 12.658500 -17.293800
1608.000000 37.000000 12.092000 -17.191200
1620.000000 37.000000 11.525500 -17.088600
1632.000000 37.000000 10.959000 -16.986000
1644.000000 37.000000 10.392500 -16.883400
1656.000000 37.000000 9.826000 -16.780800
1596.000000 28.000000 33.022000 -18.040000
1608.000000 28.000000 32.371000 -18.012000
1620.000000 28.000000 31.974000 -17.871000
1632.000000 28.000000 31.521000 -17.757000
1644.000000 28.000000 31.238000 -17.644000
1656.000000 28.000000 30.842000 -17.474000
1668.000000 28.000000 30.388000 -17.332000
1680.000000 28.000000 29.992000 -17.247000
1692.000000 28.000000 29.652500 -16.992300
1704.000000 28.000000 29.313000 -16.737600
1716.000000 28.000000 28.973500 -16.482900
1728.000000 28.000000 28.634000 -16.228200
1740.000000 28.000000 28.294500 -15.973500
1752.000000 28.000000 27.955000 -15.718800
1764.000000 28.000000 27.615500 -15.464100
1776.000000 28.000000 27.276000 -15.209400
1788.000000 28.000000 26.936500 -14.954700
1800.000000 28.000000 26.597000 -14.700000
1812.000000 28.000000 26.257500 -14.445300
1824.000000 28.000000 25.918000 -14.190600
1596.000000 47.000000 32.711000 -18.947000
1608.000000 47.000000 32.314000 -18.975000
1620.000000 47.000000 31.804000 -18.749000
1632.000000 47.000000 31.408000 -18.465000
1644.000000 47.000000 30.898000 -18.324000
1656.000000 47.000000 30.502000 -18.125000
1668.000000 47.000000 30.105000 -18.040000
1680.000000 47.000000 29.709000 -17.956000
1692.000000 47.000000 29.256000 -17.650000
1704.000000 47.000000 28.803000 -17.344000
1716.000000 47.000000 28.350000 -17.038000
1728.000000 47.000000 27.897000 -16.732000
1740.000000 47.000000 27.444000 -16.426000
1752.000000 47.000000 26.991000 -16.120000
1764.000000 47.000000 26.538000 -15.814000
1776.000000 47.000000 26.085000 -15.508000
1788.000000 47.000000 25.632000 -15.202000
1800.000000 47.000000 25.179000 -14.896000
1812.000000 47.000000 24.726000 -14.590000
1824.000000 47.000000 24.273000 -14.284000
1632.000000 20.000000 7.024000 -16.228000
1644.000000 20.000000 7.194000 -16.228000
1656.000000 20.000000 7.420000 -16.143000
1668.000000 20.000000 7.647000 -16.143000
1680.000000 20.000000 7.930000 -16.058000
1692.000000 20.000000 8.156000 -16.058000
1704.000000 20.000000 8.326000 -15.973000
1716.000000 20.000000 8.553000 -15.973000
1728.000000 20.000000 8.807500 -15.896500
1740.000000 20.000000 9.062000 -15.820000
1752.000000 20.000000 9.316500 -15.743500
1764.000000 20.000000 9.571000 -15.667000
1776.000000 20.000000 9.825500 -15.590500
1788.000000 20.000000 10.080000 -15.514000
1800.000000 20.000000 10.334500 -15.437500
1812.000000 20.000000 10.589000 -15.361000
1824.000000 20.000000 10.843500 -15.284500
1836.000000 20.000000 11.098000 -15.208000
1848.000000 20.000000 11.352500 -15.131500
1860.000000 20.000000 11.607000 -15.055000
1680.000000 25.000000 6.797000 -17.786000
1692.000000 25.000000 6.995000 -17.786000
1704.000000 25.000000 7.392000 -17.672000
1716.000000 25.000000 7.675000 -17.672000
1728.000000 25.000000 8.015000 -17.616000
1740.000000 25.000000 8.355000 -17.616000
1752.000000 25.000000 8.666000 -17.502000
1764.000000 25.000000 8.978000 -17.502000
1776.000000 25.000000 9.318000 -17.451600
1788.000000 25.000000 9.658000 -17.401200
1800.000000 25.000000 9.998000 -17.350800
1812.000000 25.000000 10.338000 -17.300400
1824.000000 25.000000 10.678000 -17.250000
1836.000000 25.000000 11.018000 -17.199600
1848.000000 25.000000 11.358000 -17.149200
1860.000000 25.000000 11.698000 -17.098800
1872.000000 25.000000 12.038000 -17.048400
1884.000000 25.000000 12.378000 -16.998000
1896.000000 25.000000 12.718000 -16.947600
1908.000000 25.000000 13.058000 -16.897200
1680.000000 38.000000 6.231000 -16.681000
1692.000000 38.000000 6.429000 -16.681000
1704.000000 38.000000 6.769000 -16.681000
1716.000000 38.000000 7.052000 -16.681000
1728.000000 38.000000 7.392000 -16.681000
1740.000000 38.000000 7.675000 -16.681000
1752.000000 38.000000 8.015000 -16.681000
1764.000000 38.000000 8.298000 -16.681000
1776.000000 38.000000 8.609500 -16.681000
1788.000000 38.000000 8.921000 -16.681000
1800.000000 38.000000 9.232500 -16.681000
1812.000000 38.000000 9.544000 -16.681000
1824.000000 38.000000 9.855500 -16.681000
1836.000000 38.000000 10.167000 -16.681000
1848.000000 38.000000 10.478500 -16.681000
1860.000000 38.000000 10.790000 -16.681000
1872.000000 38.000000 11.101500 -16.681000
1884.000000 38.000000 11.413000 -16.681000
1896.000000 38.000000 11.724500 -16.681000
1908.000000 38.000000 12.036000 -16.681000
1836.000000 29.000000 24.243000 -16.539000
1848.000000 29.000000 23.818000 -16.455000
1860.000000 29.000000 23.535000 -16.370000
1872.000000 29.000000 23.025000 -16.539000
1884.000000 29.000000 22.487000 -16.738000
1896.000000 29.000000 21.949000 -16.908000
1908.000000 29.000000 21.552000 -16.964000
1920.000000 29.000000 21.156000 -17.078000
1932.000000 29.000000 20.618000 -17.410100
1944.000000 29.000000 20.080000 -17.742200
1956.000000 29.000000 19.542000 -18.074300
1968.000000 29.000000 19.004000 -18.406400
1980.000000 29.000000 18.466000 -18.738500
1992.000000 29.000000 17.928000 -19.070600
2004.000000 29.000000 17.390000 -19.402700
2016.000000 29.000000 16.852000 -19.734800
2028.000000 29.000000 16.314000 -20.066900
2040.000000 29.000000 15.776000 -20.399000
2052.000000 29.000000 15.238000 -20.731100
2064.000000 29.000000 14.700000 -21.063200
1836.000000 48.000000 24.158000 -17.502000
1848.000000 48.000000 23.648000 -17.672000
1860.000000 48.000000 22.912000 -17.672000
1872.000000 48.000000 22.402000 -17.616000
1884.000000 48.000000 21.949000 -17.616000
1896.000000 48.000000 21.552000 -17.672000
1908.000000 48.000000 21.156000 -17.786000
1920.000000 48.000000 20.703000 -17.871000
1932.000000 48.000000 20.278000 -17.921400
1944.000000 48.000000 19.853000 -17.971800
1956.000000 48.000000 19.428000 -18.022200
1968.000000 48.000000 19.003000 -18.072600
1980.000000 48.000000 18.578000 -18.123000
1992.000000 48.000000 18.153000 -18.173400
2004.000000 48.000000 17.728000 -18.223800
2016.000000 48.000000 17.303000 -18.274200
2028.000000 48.000000 16.878000 -18.324600
2040.000000 48.000000 16.453000 -18.375000
2052.000000 48.000000 16.028000 -18.425400
2064.000000 48.000000 15.603000 -18.475800
1872.000000 21.000000 13.169000 -15.520000
1884.000000 21.000000 13.481000 -15.520000
1896.000000 21.000000 13.792000 -15.520000
1908.000000 21.000000 14.104000 -15.520000
1920.000000 21.000000 14.500000 -15.520000
1932.000000 21.000000 14.840000 -15.520000
1944.000000 21.000000 15.123000 -15.463000
1956.000000 21.000000 15.548000 -15.463000
1968.000000 21.000000 15.916000 -15.463000
1980.000000 21.000000 16.284000 -15.463000
1992.000000 21.000000 16.652000 -15.463000
2004.000000 21.000000 17.020000 -15.463000
2016.000000 21.000000 17.388000 -15.463000
2028.000000 21.000000 17.756000 -15.463000
2040.000000 21.000000 18.124000 -15.463000
2052.000000 21.000000 18.492000 -15.463000
2064.000000 21.000000 18.860000 -15.463000
2076.000000 21.000000 19.228000 -15.463000
2088.000000 21.000000 19.596000 -15.463000
2100.000000 21.000000 19.964000 -15.463000
1920.000000 26.000000 13.452000 -17.247000
1932.000000 26.000000 13.792000 -17.163000
1944.000000 26.000000 14.189000 -17.049000
1956.000000 26.000000 14.529000 -16.993000
1968.000000 26.000000 14.812000 -16.993000
1980.000000 26.000000 15.152000 -16.879000
1992.000000 26.000000 15.435000 -16.823000
2004.000000 26.000000 15.860000 -16.823000
2016.000000 26.000000 16.171500 -16.720400
2028.000000 26.000000 16.483000 -16.617800
2040.000000 26.000000 16.794500 -16.515200
2052.000000 26.000000 17.106000 -16.412600
2064.000000 26.000000 17.417500 -16.310000
2076.000000 26.000000 17.729000 -16.207400
2088.000000 26.000000 18.040500 -16.104800
2100.000000 26.000000 18.352000 -16.002200
2112.000000 26.000000 18.663500 -15.899600
2124.000000 26.000000 18.975000 -15.797000
2136.000000 26.000000 19.286500 -15.694400
2148.000000 26.000000 19.598000 -15.591800
1920.000000 39.000000 12.320000 -16.285000
1932.000000 39.000000 12.773000 -16.200000
1944.000000 39.000000 13.056000 -16.200000
1956.000000 39.000000 13.452000 -16.200000
1968.000000 39.000000 13.906000 -16.200000
1980.000000 39.000000 14.189000 -16.200000
1992.000000 39.000000 14.642000 -16.200000
2004.000000 39.000000 15.038000 -16.228000
2016.000000 39.000000 15.406500 -16.228000
2028.000000 39.000000 15.775000 -16.228000
2040.000000 39.000000 16.143500 -16.228000
2052.000000 39.000000 16.512000 -16.228000
2064.000000 39.000000 16.880500 -16.228000
2076.000000 39.000000 17.249000 -16.228000
2088.000000 39.000000 17.617500 -16.228000
2100.000000 39.000000 17.986000 -16.228000
2112.000000 39.000000 18.354500 -16.228000
2124.000000 39.000000 18.723000 -16.228000
2136.000000 39.000000 19.091500 -16.228000
2148.000000 39.000000 19.460000 -16.228000
2076.000000 30.000000 17.417000 -16.879000
2088.000000 30.000000 17.616000 -16.936000
2100.000000 30.000000 18.040000 -16.936000
2112.000000 30.000000 18.352000 -17.021000
2124.000000 30.000000 18.749000 -17.021000
2136.000000 30.000000 19.173000 -17.106000
2148.000000 30.000000 19.598000 -17.106000
2160.000000 30.000000 19.995000 -17.106000
2172.000000 30.000000 20.405500 -17.182500
2184.000000 30.000000 20.816000 -17.259000
2196.000000 30.000000 21.226500 -17.335500
2208.000000 30.000000 21.637000 -17.412000
2220.000000 30.000000 22.047500 -17.488500
2232.000000 30.000000 22.458000 -17.565000
2244.000000 30.000000 22.868500 -17.641500
2256.000000 30.000000 23.279000 -17.718000
2268.000000 30.000000 23.689500 -17.794500
2280.000000 30.000000 24.100000 -17.871000
2292.000000 30.000000 24.510500 -17.947500
2304.000000 30.000000 24.921000 -18.024000
2076.000000 49.000000 15.916000 -17.474000
2088.000000 49.000000 15.293000 -17.389000
2100.000000 49.000000 14.670000 -17.219000
2112.000000 49.000000 14.047000 -17.106000
2124.000000 49.000000 13.424000 -17.106000
2136.000000 49.000000 12.914000 -17.106000
2148.000000 49.000000 12.405000 -17.106000
2160.000000 49.000000 11.866000 -17.219000
2172.000000 49.000000 11.299500 -17.219000
2184.000000 49.000000 10.733000 -17.219000
2196.000000 49.000000 10.166500 -17.219000
2208.000000 49.000000 9.600000 -17.219000
2220.000000 49.000000 9.033500 -17.219000
2232.000000 49.000000 8.467000 -17.219000
2244.000000 49.000000 7.900500 -17.219000
2256.000000 49.000000 7.334000 -17.219000
2268.000000 49.000000 6.767500 -17.219000
2280.000000 49.000000 6.201000 -17.219000
2292.000000 49.000000 5.634500 -17.219000
2304.000000 49.000000 5.068000 -17.219000
2100.000000 23.000000 33.277000 -18.494000
2112.000000 23.000000 32.824000 -18.833000
2124.000000 23.000000 32.626000 -18.833000
2136.000000 23.000000 32.116000 -18.749000
2148.000000 23.000000 31.493000 -18.550000
2160.000000 23.000000 30.757000 -18.380000
2172.000000 23.000000 30.134000 -18.210000
2184.000000 23.000000 29.539000 -18.040000
2196.000000 23.000000 28.859500 -17.707900
2208.000000 23.000000 28.180000 -17.375800
2220.000000 23.000000 27.500500 -17.043700
2232.000000 23.000000 26.821000 -16.711600
2244.000000 23.000000 26.141500 -16.379500
2256.000000 23.000000 25.462000 -16.047400
2268.000000 23.000000 24.782500 -15.715300
2280.000000 23.000000 24.103000 -15.383200
2292.000000 23.000000 23.423500 -15.051100
2304.000000 23.000000 22.744000 -14.719000
2316.000000 23.000000 22.064500 -14.386900
2328.000000 23.000000 21.385000 -14.054800
2112.000000 22.000000 20.504000 -15.831000
2124.000000 22.000000 20.844000 -15.831000
2136.000000 22.000000 21.127000 -15.831000
2148.000000 22.000000 21.467000 -15.831000
2160.000000 22.000000 21.751000 -15.945000
2172.000000 22.000000 22.090000 -16.001000
2184.000000 22.000000 22.487000 -16.115000
2196.000000 22.000000 22.798000 -16.171000
2208.000000 22.000000 23.109500 -16.324000
2220.000000 22.000000 23.421000 -16.477000
2232.000000 22.000000 23.732500 -16.630000
2244.000000 22.000000 24.044000 -16.783000
2256.000000 22.000000 24.355500 -16.936000
2268.000000 22.000000 24.667000 -17.089000
2280.000000 22.000000 24.978500 -17.242000
2292.000000 22.000000 25.290000 -17.395000
2304.000000 22.000000 25.601500 -17.548000
2316.000000 22.000000 25.913000 -17.701000
2328.000000 22.000000 26.224500 -17.854000
2340.000000 22.000000 26.536000 -18.007000
2160.000000 27.000000 21.467000 -17.247000
2172.000000 27.000000 21.864000 -17.247000
2184.000000 27.000000 22.260000 -17.247000
2196.000000 27.000000 22.600000 -17.247000
2208.000000 27.000000 22.997000 -17.247000
2220.000000 27.000000 23.421000 -17.361000
2232.000000 27.000000 23.733000 -17.361000
2244.000000 27.000000 24.016000 -17.417000
2256.000000 27.000000 24.426500 -17.519600
2268.000000 27.000000 24.837000 -17.622200
2280.000000 27.000000 25.247500 -17.724800
2292.000000 27.000000 25.658000 -17.827400
2304.000000 27.000000 26.068500 -17.930000
2316.000000 27.000000 26.479000 -18.032600
2328.000000 27.000000 26.889500 -18.135200
2340.000000 27.000000 27.300000 -18.237800
2352.000000 27.000000 27.710500 -18.340400
2364.000000 27.000000 28.121000 -18.443000
2376.000000 27.000000 28.531500 -18.545600
2388.000000 27.000000 28.942000 -18.648200
2160.000000 40.000000 20.136000 -16.200000
2172.000000 40.000000 20.589000 -16.256000
2184.000000 40.000000 20.986000 -16.370000
2196.000000 40.000000 21.297000 -16.370000
2208.000000 40.000000 21.722000 -16.455000
2220.000000 40.000000 22.119000 -16.539000
2232.000000 40.000000 22.430000 -16.653000
2244.000000 40.000000 22.855000 -16.653000
2256.000000 40.000000 23.266000 -16.805100
2268.000000 40.000000 23.677000 -16.957200
2280.000000 40.000000 24.088000 -17.109300
2292.000000 40.000000 24.499000 -17.261400
2304.000000 40.000000 24.910000 -17.413500
2316.000000 40.000000 25.321000 -17.565600
2328.000000 40.000000 25.732000 -17.717700
2340.000000 40.000000 26.143000 -17.869800
2352.000000 40.000000 26.554000 -18.021900
2364.000000 40.000000 26.965000 -18.174000
2376.000000 40.000000 27.376000 -18.326100
2388.000000 40.000000 27.787000 -18.478200
2316.000000 31.000000 25.376000 -17.021000
2328.000000 31.000000 25.800000 -17.191000
2340.000000 31.000000 26.197000 -17.304000
2352.000000 31.000000 26.622000 -17.474000
2364.000000 31.000000 27.047000 -17.644000
2376.000000 31.000000 27.443000 -17.814000
2388.000000 31.000000 27.981000 -17.814000
2400.000000 31.000000 28.604000 -17.729000
2412.000000 31.000000 29.014500 -18.035000
2424.000000 31.000000 29.425000 -18.341000
2436.000000 31.000000 29.835500 -18.647000
2448.000000 31.000000 30.246000 -18.953000
2460.000000 31.000000 30.656500 -19.259000
2472.000000 31.000000 31.067000 -19.565000
2484.000000 31.000000 31.477500 -19.871000
2496.000000 31.000000 31.888000 -20.177000
2508.000000 31.000000 32.298500 -20.483000
2520.000000 31.000000 32.709000 -20.789000
2532.000000 31.000000 33.119500 -21.095000
2544.000000 31.000000 33.530000 -21.401000
2340.000000 24.000000 22.487000 -17.956000
2352.000000 24.000000 21.977000 -17.871000
2364.000000 24.000000 21.354000 -17.871000
2376.000000 24.000000 20.731000 -17.871000
2388.000000 24.000000 19.995000 -17.871000
2400.000000 24.000000 19.372000 -17.871000
2412.000000 24.000000 18.749000 -17.871000
2424.000000 24.000000 18.125000 -17.871000
2436.000000 24.000000 17.445500 -17.871000
2448.000000 24.000000 16.766000 -17.871000
2460.000000 24.000000 16.086500 -17.871000
2472.000000 24.000000 15.407000 -17.871000
2484.000000 24.000000 14.727500 -17.871000
2496.000000 24.000000 14.048000 -17.871000
2508.000000 24.000000 13.368500 -17.871000
2520.000000 24.000000 12.689000 -17.871000
2532.000000 24.000000 12.009500 -17.871000
2544.000000 24.000000 11.330000 -17.871000
2556.000000 24.000000 10.650500 -17.871000
2568.000000 24.000000 9.971000 -17.871000
2568.000000 11.000000 5.919000 -21.212000
2580.000000 11.000000 6.457000 -20.788000
2592.000000 11.000000 7.080000 -20.419000
2604.000000 11.000000 7.703000 -20.080000
2616.000000 11.000000 8.298000 -19.711000
2628.000000 11.000000 8.836000 -19.372000
2640.000000 11.000000 9.233000 -19.032000
2652.000000 11.000000 9.629000 -18.664000
2664.000000 11.000000 10.195500 -18.026800
2676.000000 11.000000 10.762000 -17.389600
2688.000000 11.000000 11.328500 -16.752400
2700.000000 11.000000 11.895000 -16.115200
2712.000000 11.000000 12.461500 -15.478000
2724.000000 11.000000 13.028000 -14.840800
2736.000000 11.000000 13.594500 -14.203600
2748.000000 11.000000 14.161000 -13.566400
2760.000000 11.000000 14.727500 -12.929200
2772.000000 11.000000 15.294000 -12.292000
2784.000000 11.000000 15.860500 -11.654800
2796.000000 11.000000 16.427000 -11.017600
2808.000000 12.000000 17.389000 -17.502000
2820.000000 12.000000 18.125000 -17.502000
2832.000000 12.000000 18.749000 -17.616000
2844.000000 12.000000 19.372000 -17.616000
2856.000000 12.000000 20.108000 -17.616000
2868.000000 12.000000 20.731000 -17.672000
2880.000000 12.000000 21.354000 -17.672000
2892.000000 12.000000 21.977000 -17.786000
2904.000000 12.000000 22.656500 -17.836400
2916.000000 12.000000 23.336000 -17.886800
2928.000000 12.000000 24.015500 -17.937200
2940.000000 12.000000 24.695000 -17.987600
2952.000000 12.000000 25.374500 -18.038000
2964.000000 12.000000 26.054000 -18.088400
2976.000000 12.000000 26.733500 -18.138800
2988.000000 12.000000 27.413000 -18.189200
3000.000000 12.000000 28.092500 -18.239600
3012.000000 12.000000 28.772000 -18.290000
3024.000000 12.000000 29.451500 -18.340400
3036.000000 12.000000 30.131000 -18.390800
2868.000000 13.000000 -9.544000 -15.010000
2880.000000 13.000000 -10.281000 -14.812000
2892.000000 13.000000 -10.790000 -14.642000
2904.000000 13.000000 -11.413000 -14.472000
2916.000000 13.000000 -11.923000 -14.302000
2928.000000 13.000000 -12.461000 -14.302000
2940.000000 13.000000 -12.886000 -14.302000
2952.000000 13.000000 -13.396000 -14.302000
2964.000000 13.000000 -13.920000 -14.149000
2976.000000 13.000000 -14.444000 -13.996000
2988.000000 13.000000 -14.968000 -13.843000
3000.000000 13.000000 -15.492000 -13.690000
3012.000000 13.000000 -16.016000 -13.537000
3024.000000 13.000000 -16.540000 -13.384000
3036.000000 13.000000 -17.064000 -13.231000
3048.000000 13.000000 -17.588000 -13.078000
3060.000000 13.000000 -18.112000 -12.925000
3072.000000 13.000000 -18.636000 -12.772000
3084.000000 13.000000 -19.160000 -12.619000
3096.000000 13.000000 -19.684000 -12.466000
4296.000000 41.000000 31.918000 10.479000
4308.000000 41.000000 31.918000 9.856000
4320.000000 41.000000 31.918000 9.233000
4332.000000 41.000000 31.918000 8.610000
4344.000000 41.000000 31.918000 7.987000
4356.000000 41.000000 31.918000 7.363000
4368.000000 41.000000 31.918000 6.740000
4380.000000 41.000000 31.804000 5.891000
4392.000000 41.000000 31.804000 4.768700
4404.000000 41.000000 31.804000 3.646400
4416.000000 41.000000 31.804000 2.524100
4428.000000 41.000000 31.804000 1.401800
4440.000000 41.000000 31.804000 0.279500
4452.000000 41.000000 31.804000 -0.842800
4464.000000 41.000000 31.804000 -1.965100
4476.000000 41.000000 31.804000 -3.087400
4488.000000 41.000000 31.804000 -4.209700
4500.000000 41.000000 31.804000 -5.332000
4512.000000 41.000000 31.804000 -6.454300
4524.000000 41.000000 31.804000 -7.576600
4344.000000 6.000000 33.362000 -11.923000
4356.000000 6.000000 33.362000 -11.555000
4368.000000 6.000000 33.362000 -11.187000
4380.000000 6.000000 33.362000 -10.847000
4392.000000 6.000000 33.419000 -10.507000
4404.000000 6.000000 33.419000 -10.224000
4416.000000 6.000000 33.419000 -9.941000
4428.000000 6.000000 33.305000 -9.488000
4440.000000 6.000000 33.333500 -8.927300
4452.000000 6.000000 33.362000 -8.366600
4464.000000 6.000000 33.390500 -7.805900
4476.000000 6.000000 33.419000 -7.245200
4488.000000 6.000000 33.447500 -6.684500
4500.000000 6.000000 33.476000 -6.123800
4512.000000 6.000000 33.504500 -5.563100
4524.000000 6.000000 33.533000 -5.002400
4536.000000 6.000000 33.561500 -4.441700
4548.000000 6.000000 33.590000 -3.881000
4560.000000 6.000000 33.618500 -3.320300
4572.000000 6.000000 33.647000 -2.759600
4536.000000 42.000000 32.258000 -2.804000
4548.000000 42.000000 32.258000 -3.427000
4560.000000 42.000000 32.059000 -4.333000
4572.000000 42.000000 32.484000 -4.673000
4584.000000 42.000000 32.258000 -5.126000
4596.000000 42.000000 31.748000 -5.749000
4608.000000 42.000000 31.635000 -6.401000
4620.000000 42.000000 31.748000 -6.797000
4632.000000 42.000000 31.380000 -7.765400
4644.000000 42.000000 31.012000 -8.733800
4656.000000 42.000000 30.644000 -9.702200
4668.000000 42.000000 30.276000 -10.670600
4680.000000 42.000000 29.908000 -11.639000
4692.000000 42.000000 29.540000 -12.607400
4704.000000 42.000000 29.172000 -13.575800
4716.000000 42.000000 28.804000 -14.544200
4728.000000 42.000000 28.436000 -15.512600
4740.000000 42.000000 28.068000 -16.481000
4752.000000 42.000000 27.700000 -17.449400
4764.000000 42.000000 27.332000 -18.417800
4584.000000 7.000000 32.682000 -7.052000
4596.000000 7.000000 32.682000 -7.052000
4608.000000 7.000000 32.796000 -7.137000
4620.000000 7.000000 32.796000 -7.250000
4632.000000 7.000000 32.881000 -7.307000
4644.000000 7.000000 32.881000 -7.647000
4656.000000 7.000000 32.881000 -7.930000
4668.000000 7.000000 32.881000 -8.100000
4680.000000 7.000000 32.923500 -8.457300
4692.000000 7.000000 32.966000 -8.814600
4704.000000 7.000000 33.008500 -9.171900
4716.000000 7.000000 33.051000 -9.529200
4728.000000 7.000000 33.093500 -9.886500
4740.000000 7.000000 33.136000 -10.243800
4752.000000 7.000000 33.178500 -10.601100
4764.000000 7.000000 33.221000 -10.958400
4776.000000 7.000000 33.263500 -11.315700
4788.000000 7.000000 33.306000 -11.673000
4800.000000 7.000000 33.348500 -12.030300
4812.000000 7.000000 33.391000 -12.387600
4596.000000 16.000000 32.824000 -18.494000
4608.000000 16.000000 32.201000 -18.324000
4620.000000 16.000000 31.804000 -18.210000
4632.000000 16.000000 31.380000 -18.125000
4644.000000 16.000000 30.983000 -17.956000
4656.000000 16.000000 30.360000 -17.956000
4668.000000 16.000000 29.935000 -17.871000
4680.000000 16.000000 29.822000 -17.871000
4692.000000 16.000000 29.312000 -17.718900
4704.000000 16.000000 28.802000 -17.566800
4716.000000 16.000000 28.292000 -17.414700
4728.000000 16.000000 27.782000 -17.262600
4740.000000 16.000000 27.272000 -17.110500
4752.000000 16.000000 26.762000 -16.958400
4764.000000 16.000000 26.252000 -16.806300
4776.000000 16.000000 25.742000 -16.654200
4788.000000 16.000000 25.232000 -16.502100
4800.000000 16.000000 24.722000 -16.350000
4812.000000 16.000000 24.212000 -16.197900
4824.000000 16.000000 23.702000 -16.045800
4776.000000 43.000000 31.861000 -11.753000
4788.000000 43.000000 31.804000 -12.036000
4800.000000 43.000000 31.804000 -12.291000
4812.000000 43.000000 31.918000 -12.575000
4824.000000 43.000000 31.974000 -12.886000
4836.000000 43.000000 31.635000 -13.226000
4848.000000 43.000000 31.635000 -13.934000
4860.000000 43.000000 31.635000 -14.302000
4872.000000 43.000000 31.493500 -14.887900
4884.000000 43.000000 31.352000 -15.473800
4896.000000 43.000000 31.210500 -16.059700
4908.000000 43.000000 31.069000 -16.645600
4920.000000 43.000000 30.927500 -17.231500
4932.000000 43.000000 30.786000 -17.817400
4944.000000 43.000000 30.644500 -18.403300
4956.000000 43.000000 30.503000 -18.989200
4968.000000 43.000000 30.361500 -19.575100
4980.000000 43.000000 30.220000 -20.161000
4992.000000 43.000000 30.078500 -20.746900
5004.000000 43.000000 29.937000 -21.332800
4824.000000 8.000000 32.796000 -12.631000
4836.000000 8.000000 32.796000 -12.971000
4848.000000 8.000000 32.796000 -13.764000
4860.000000 8.000000 32.796000 -13.934000
4872.000000 8.000000 32.796000 -14.104000
4884.000000 8.000000 32.682000 -14.274000
4896.000000 8.000000 32.682000 -14.840000
4908.000000 8.000000 32.428000 -15.350000
4920.000000 8.000000 32.371000 -15.656000
4932.000000 8.000000 32.314000 -15.962000
4944.000000 8.000000 32.257000 -16.268000
4956.000000 8.000000 32.200000 -16.574000
4968.000000 8.000000 32.143000 -16.880000
4980.000000 8.000000 32.086000 -17.186000
4992.000000 8.000000 32.029000 -17.492000
5004.000000 8.000000 31.972000 -17.798000
5016.000000 8.000000 31.915000 -18.104000
5028.000000 8.000000 31.858000 -18.410000
5040.000000 8.000000 31.801000 -18.716000
5052.000000 8.000000 31.744000 -19.022000
4836.000000 17.000000 22.912000 -17.417000
4848.000000 17.000000 22.600000 -17.531000
4860.000000 17.000000 22.289000 -17.531000
4872.000000 17.000000 21.354000 -17.531000
4884.000000 17.000000 20.618000 -17.531000
4896.000000 17.000000 20.306000 -17.531000
4908.000000 17.000000 19.683000 -17.417000
4920.000000 17.000000 19.060000 -17.417000
4932.000000 17.000000 18.536000 -17.417000
4944.000000 17.000000 18.012000 -17.417000
4956.000000 17.000000 17.488000 -17.417000
4968.000000 17.000000 16.964000 -17.417000
4980.000000 17.000000 16.440000 -17.417000
4992.000000 17.000000 15.916000 -17.417000
5004.000000 17.000000 15.392000 -17.417000
5016.000000 17.000000 14.868000 -17.417000
5028.000000 17.000000 14.344000 -17.417000
5040.000000 17.000000 13.820000 -17.417000
5052.000000 17.000000 13.296000 -17.417000
5064.000000 17.000000 12.772000 -17.417000
4944.000000 4.000000 32.937000 -17.644000
4956.000000 4.000000 32.428000 -17.814000
4968.000000 4.000000 32.031000 -17.814000
4980.000000 4.000000 31.918000 -17.814000
4992.000000 4.000000 31.295000 -17.814000
5004.000000 4.000000 30.672000 -17.842000
5016.000000 4.000000 30.190000 -17.729000
5028.000000 4.000000 29.680000 -17.644000
5040.000000 4.000000 29.057000 -17.669200
5052.000000 4.000000 28.434000 -17.694400
5064.000000 4.000000 27.811000 -17.719600
5076.000000 4.000000 27.188000 -17.744800
5088.000000 4.000000 26.565000 -17.770000
5100.000000 4.000000 25.942000 -17.795200
5112.000000 4.000000 25.319000 -17.820400
5124.000000 4.000000 24.696000 -17.845600
5136.000000 4.000000 24.073000 -17.870800
5148.000000 4.000000 23.450000 -17.896000
5160.000000 4.000000 22.827000 -17.921200
5172.000000 4.000000 22.204000 -17.946400
4944.000000 32.000000 32.739000 -18.437000
4956.000000 32.000000 32.229000 -18.437000
4968.000000 32.000000 31.493000 -18.607000
4980.000000 32.000000 30.870000 -18.352000
4992.000000 32.000000 30.558000 -18.267000
5004.000000 32.000000 30.303000 -18.324000
5016.000000 32.000000 29.935000 -18.324000
5028.000000 32.000000 29.624000 -18.352000
5040.000000 32.000000 29.340500 -18.326800
5052.000000 32.000000 29.057000 -18.301600
5064.000000 32.000000 28.773500 -18.276400
5076.000000 32.000000 28.490000 -18.251200
5088.000000 32.000000 28.206500 -18.226000
5100.000000 32.000000 27.923000 -18.200800
5112.000000 32.000000 27.639500 -18.175600
5124.000000 32.000000 27.356000 -18.150400
5136.000000 32.000000 27.072500 -18.125200
5148.000000 32.000000 26.789000 -18.100000
5160.000000 32.000000 26.505500 -18.074800
5172.000000 32.000000 26.222000 -18.049600
5016.000000 44.000000 31.181000 -16.511000
5028.000000 44.000000 31.238000 -16.483000
5040.000000 44.000000 31.351000 -16.455000
5052.000000 44.000000 31.351000 -16.455000
5064.000000 44.000000 31.408000 -16.455000
5076.000000 44.000000 31.408000 -16.426000
5088.000000 44.000000 31.181000 -16.455000
5100.000000 44.000000 30.785000 -16.539000
5112.000000 44.000000 30.813500 -16.512900
5124.000000 44.000000 30.842000 -16.486800
5136.000000 44.000000 30.870500 -16.460700
5148.000000 44.000000 30.899000 -16.434600
5160.000000 44.000000 30.927500 -16.408500
5172.000000 44.000000 30.956000 -16.382400
5184.000000 44.000000 30.984500 -16.356300
5196.000000 44.000000 31.013000 -16.330200
5208.000000 44.000000 31.041500 -16.304100
5220.000000 44.000000 31.070000 -16.278000
5232.000000 44.000000 31.098500 -16.251900
5244.000000 44.000000 31.127000 -16.225800
5064.000000 9.000000 31.550000 -17.332000
5076.000000 9.000000 31.436000 -17.389000
5088.000000 9.000000 31.351000 -17.502000
5100.000000 9.000000 31.238000 -17.559000
5112.000000 9.000000 31.125000 -17.701000
5124.000000 9.000000 30.615000 -17.729000
5136.000000 9.000000 30.162000 -17.814000
5148.000000 9.000000 29.680000 -17.899000
5160.000000 9.000000 29.368500 -18.052000
5172.000000 9.000000 29.057000 -18.205000
5184.000000 9.000000 28.745500 -18.358000
5196.000000 9.000000 28.434000 -18.511000
5208.000000 9.000000 28.122500 -18.664000
5220.000000 9.000000 27.811000 -18.817000
5232.000000 9.000000 27.499500 -18.970000
5244.000000 9.000000 27.188000 -19.123000
5256.000000 9.000000 26.876500 -19.276000
5268.000000 9.000000 26.565000 -19.429000
5280.000000 9.000000 26.253500 -19.582000
5292.000000 9.000000 25.942000 -19.735000
5184.000000 5.000000 23.421000 -16.539000
5196.000000 5.000000 22.940000 -16.539000
5208.000000 5.000000 22.487000 -16.539000
5220.000000 5.000000 22.062000 -16.511000
5232.000000 5.000000 21.382000 -16.455000
5244.000000 5.000000 20.929000 -16.455000
5256.000000 5.000000 20.731000 -16.539000
5268.000000 5.000000 20.193000 -16.455000
5280.000000 5.000000 19.626500 -16.404600
5292.000000 5.000000 19.060000 -16.354200
5304.000000 5.000000 18.493500 -16.303800
5316.000000 5.000000 17.927000 -16.253400
5328.000000 5.000000 17.360500 -16.203000
5340.000000 5.000000 16.794000 -16.152600
5352.000000 5.000000 16.227500 -16.102200
5364.000000 5.000000 15.661000 -16.051800
5376.000000 5.000000 15.094500 -16.001400
5388.000000 5.000000 14.528000 -15.951000
5400.000000 5.000000 13.961500 -15.900600
5412.000000 5.000000 13.395000 -15.850200
5184.000000 33.000000 23.053000 -17.644000
5196.000000 33.000000 22.628000 -17.559000
5208.000000 33.000000 22.119000 -17.474000
5220.000000 33.000000 21.779000 -17.446000
5232.000000 33.000000 21.326000 -17.219000
5244.000000 33.000000 20.816000 -17.219000
5256.000000 33.000000 20.306000 -17.219000
5268.000000 33.000000 19.796000 -17.219000
5280.000000 33.000000 19.314500 -17.014700
5292.000000 33.000000 18.833000 -16.810400
5304.000000 33.000000 18.351500 -16.606100
5316.000000 33.000000 17.870000 -16.401800
5328.000000 33.000000 17.388500 -16.197500
5340.000000 33.000000 16.907000 -15.993200
5352.000000 33.000000 16.425500 -15.788900
5364.000000 33.000000 15.944000 -15.584600
5376.000000 33.000000 15.462500 -15.380300
5388.000000 33.000000 14.981000 -15.176000
5400.000000 33.000000 14.499500 -14.971700
5412.000000 33.000000 14.018000 -14.767400
5232.000000 55.000000 7.194000 -19.428000
5244.000000 55.000000 7.732000 -19.145000
5256.000000 55.000000 8.156000 -18.975000
5268.000000 55.000000 8.553000 -18.692000
5280.000000 55.000000 8.949000 -18.437000
5292.000000 55.000000 9.516000 -18.182000
5304.000000 55.000000 10.026000 -18.012000
5316.000000 55.000000 10.649000 -17.899000
5328.000000 55.000000 11.130500 -17.440000
5340.000000 55.000000 11.612000 -16.981000
5352.000000 55.000000 12.093500 -16.522000
5364.000000 55.000000 12.575000 -16.063000
5376.000000 55.000000 13.056500 -15.604000
5388.000000 55.000000 13.538000 -15.145000
5400.000000 55.000000 14.019500 -14.686000
5412.000000 55.000000 14.501000 -14.227000
5424.000000 55.000000 14.982500 -13.768000
5436.000000 55.000000 15.464000 -13.309000
5448.000000 55.000000 15.945500 -12.850000
5460.000000 55.000000 16.427000 -12.391000
5256.000000 45.000000 25.404000 -17.247000
5268.000000 45.000000 24.866000 -17.163000
5280.000000 45.000000 24.328000 -17.163000
5292.000000 45.000000 23.818000 -17.163000
5304.000000 45.000000 23.421000 -17.049000
5316.000000 45.000000 22.912000 -17.049000
5328.000000 45.000000 22.487000 -16.993000
5340.000000 45.000000 22.062000 -16.879000
5352.000000 45.000000 21.609000 -16.776400
5364.000000 45.000000 21.156000 -16.673800
5376.000000 45.000000 20.703000 -16.571200
5388.000000 45.000000 20.250000 -16.468600
5400.000000 45.000000 19.797000 -16.366000
5412.000000 45.000000 19.344000 -16.263400
5424.000000 45.000000 18.891000 -16.160800
5436.000000 45.000000 18.438000 -16.058200
5448.000000 45.000000 17.985000 -15.955600
5460.000000 45.000000 17.532000 -15.853000
5472.000000 45.000000 17.079000 -15.750400
5484.000000 45.000000 16.626000 -15.647800
5304.000000 10.000000 23.535000 -18.069000
5316.000000 10.000000 22.912000 -18.069000
5328.000000 10.000000 22.289000 -18.069000
5340.000000 10.000000 21.949000 -18.125000
5352.000000 10.000000 21.552000 -18.125000
5364.000000 10.000000 21.156000 -18.125000
5376.000000 10.000000 20.816000 -18.125000
5388.000000 10.000000 20.306000 -18.069000
5400.000000 10.000000 19.909500 -18.069000
5412.000000 10.000000 19.513000 -18.069000
5424.000000 10.000000 19.116500 -18.069000
5436.000000 10.000000 18.720000 -18.069000
5448.000000 10.000000 18.323500 -18.069000
5460.000000 10.000000 17.927000 -18.069000
5472.000000 10.000000 17.530500 -18.069000
5484.000000 10.000000 17.134000 -18.069000
5496.000000 10.000000 16.737500 -18.069000
5508.000000 10.000000 16.341000 -18.069000
5520.000000 10.000000 15.944500 -18.069000
5532.000000 10.000000 15.548000 -18.069000
5472.000000 56.000000 17.163000 -18.069000
5484.000000 56.000000 17.672000 -18.069000
5496.000000 56.000000 18.069000 -18.069000
5508.000000 56.000000 18.550000 -18.069000
5520.000000 56.000000 19.088000 -18.040000
5532.000000 56.000000 19.485000 -17.956000
5544.000000 56.000000 19.995000 -17.927000
5556.000000 56.000000 20.476000 -17.871000
5568.000000 56.000000 20.943500 -17.769300
5580.000000 56.000000 21.411000 -17.667600
5592.000000 56.000000 21.878500 -17.565900
5604.000000 56.000000 22.346000 -17.464200
5616.000000 56.000000 22.813500 -17.362500
5628.000000 56.000000 23.281000 -17.260800
5640.000000 56.000000 23.748500 -17.159100
5652.000000 56.000000 24.216000 -17.057400
5664.000000 56.000000 24.683500 -16.955700
5676.000000 56.000000 25.151000 -16.854000
5688.000000 56.000000 25.618500 -16.752300
5700.000000 56.000000 26.086000 -16.650600
5496.000000 46.000000 15.237000 -16.455000
5508.000000 46.000000 14.812000 -16.539000
5520.000000 46.000000 14.444000 -16.624000
5532.000000 46.000000 13.934000 -16.624000
5544.000000 46.000000 13.424000 -16.624000
5556.000000 46.000000 12.914000 -16.624000
5568.000000 46.000000 12.405000 -16.624000
5580.000000 46.000000 11.951000 -16.624000
5592.000000 46.000000 11.441000 -16.624000
5604.000000 46.000000 10.931000 -16.624000
5616.000000 46.000000 10.421000 -16.624000
5628.000000 46.000000 9.911000 -16.624000
5640.000000 46.000000 9.401000 -16.624000
5652.000000 46.000000 8.891000 -16.624000
5664.000000 46.000000 8.381000 -16.624000
5676.000000 46.000000 7.871000 -16.624000
5688.000000 46.000000 7.361000 -16.624000
5700.000000 46.000000 6.851000 -16.624000
5712.000000 46.000000 6.341000 -16.624000
5724.000000 46.000000 5.831000 -16.624000
5712.000000 57.000000 26.622000 -16.709000
5724.000000 57.000000 27.245000 -16.709000
5736.000000 57.000000 27.755000 -16.709000
5748.000000 57.000000 28.293000 -16.709000
5760.000000 57.000000 28.916000 -16.709000
5772.000000 57.000000 29.312000 -16.709000
5784.000000 57.000000 29.737000 -16.709000
5796.000000 57.000000 30.134000 -16.709000
5808.000000 57.000000 30.643500 -16.709000
5820.000000 57.000000 31.153000 -16.709000
5832.000000 57.000000 31.662500 -16.709000
5844.000000 57.000000 32.172000 -16.709000
5856.000000 57.000000 32.681500 -16.709000
5868.000000 57.000000 33.191000 -16.709000
5880.000000 57.000000 33.700500 -16.709000
5892.000000 57.000000 34.210000 -16.709000
5904.000000 57.000000 34.719500 -16.709000
5916.000000 57.000000 35.229000 -16.709000
5928.000000 57.000000 35.738500 -16.709000
5940.000000 57.000000 36.248000 -16.709000
5760.000000 50.000000 24.724000 1.982000
5772.000000 50.000000 24.866000 1.784000
5784.000000 50.000000 25.064000 1.784000
5796.000000 50.000000 25.631000 1.982000
5808.000000 50.000000 26.254000 1.982000
5820.000000 50.000000 26.820000 1.982000
5832.000000 50.000000 27.358000 1.982000
5844.000000 50.000000 27.981000 1.982000
5856.000000 50.000000 28.575500 1.982000
5868.000000 50.000000 29.170000 1.982000
5880.000000 50.000000 29.764500 1.982000
5892.000000 50.000000 30.359000 1.982000
5904.000000 50.000000 30.953500 1.982000
5916.000000 50.000000 31.548000 1.982000
5928.000000 50.000000 32.142500 1.982000
5940.000000 50.000000 32.737000 1.982000
5952.000000 50.000000 33.331500 1.982000
5964.000000 50.000000 33.926000 1.982000
5976.000000 50.000000 34.520500 1.982000
5988.000000 50.000000 35.115000 1.982000
6156.000000 51.000000 32.428000 -19.287000
6168.000000 51.000000 31.918000 -19.117000
6180.000000 51.000000 31.493000 -18.833000
6192.000000 51.000000 30.955000 -18.664000
6204.000000 51.000000 30.558000 -18.380000
6216.000000 51.000000 30.162000 -18.324000
6228.000000 51.000000 29.624000 -18.324000
6240.000000 51.000000 29.114000 -18.324000
6252.000000 51.000000 28.717500 -18.018000
6264.000000 51.000000 28.321000 -17.712000
6276.000000 51.000000 27.924500 -17.406000
6288.000000 51.000000 27.528000 -17.100000
6300.000000 51.000000 27.131500 -16.794000
6312.000000 51.000000 26.735000 -16.488000
6324.000000 51.000000 26.338500 -16.182000
6336.000000 51.000000 25.942000 -15.876000
6348.000000 51.000000 25.545500 -15.570000
6360.000000 51.000000 25.149000 -15.264000
6372.000000 51.000000 24.752500 -14.958000
6384.000000 51.000000 24.356000 -14.652000
6156.000000 53.000000 32.994000 -18.720000
6168.000000 53.000000 32.456000 -18.437000
6180.000000 53.000000 31.946000 -18.182000
6192.000000 53.000000 31.436000 -17.927000
6204.000000 53.000000 30.813000 -17.927000
6216.000000 53.000000 30.303000 -17.814000
6228.000000 53.000000 29.680000 -17.814000
6240.000000 53.000000 29.284000 -17.814000
6252.000000 53.000000 28.717500 -17.712300
6264.000000 53.000000 28.151000 -17.610600
6276.000000 53.000000 27.584500 -17.508900
6288.000000 53.000000 27.018000 -17.407200
6300.000000 53.000000 26.451500 -17.305500
6312.000000 53.000000 25.885000 -17.203800
6324.000000 53.000000 25.318500 -17.102100
6336.000000 53.000000 24.752000 -17.000400
6348.000000 53.000000 24.185500 -16.898700
6360.000000 53.000000 23.619000 -16.797000
6372.000000 53.000000 23.052500 -16.695300
6384.000000 53.000000 22.486000 -16.593600
6396.000000 54.000000 22.657000 -17.729000
6408.000000 54.000000 22.119000 -17.644000
6420.000000 54.000000 21.609000 -17.474000
6432.000000 54.000000 21.071000 -17.474000
6444.000000 54.000000 20.561000 -17.474000
6456.000000 54.000000 20.051000 -17.389000
6468.000000 54.000000 19.541000 -17.389000
6480.000000 54.000000 19.032000 -17.304000
6492.000000 54.000000 18.522000 -17.227500
6504.000000 54.000000 18.012000 -17.151000
6516.000000 54.000000 17.502000 -17.074500
6528.000000 54.000000 16.992000 -16.998000
6540.000000 54.000000 16.482000 -16.921500
6552.000000 54.000000 15.972000 -16.845000
6564.000000 54.000000 15.462000 -16.768500
6576.000000 54.000000 14.952000 -16.692000
6588.000000 54.000000 14.442000 -16.615500
6600.000000 54.000000 13.932000 -16.539000
6612.000000 54.000000 13.422000 -16.462500
6624.000000 54.000000 12.912000 -16.386000
8028.000000 52.000000 25.631000 -8.949000
8040.000000 52.000000 26.140000 -9.063000
8052.000000 52.000000 26.678000 -9.233000
8064.000000 52.000000 27.103000 -9.403000
8076.000000 52.000000 27.613000 -9.572000
8088.000000 52.000000 28.123000 -9.742000
8100.000000 52.000000 28.633000 -9.856000
8112.000000 52.000000 29.142000 -10.026000
8124.000000 52.000000 29.652000 -10.331100
8136.000000 52.000000 30.162000 -10.636200
8148.000000 52.000000 30.672000 -10.941300
8160.000000 52.000000 31.182000 -11.246400
8172.000000 52.000000 31.692000 -11.551500
8184.000000 52.000000 32.202000 -11.856600
8196.000000 52.000000 32.712000 -12.161700
8208.000000 52.000000 33.222000 -12.466800
8220.000000 52.000000 33.732000 -12.771900
8232.000000 52.000000 34.242000 -13.077000
8244.000000 52.000000 34.752000 -13.382100
8256.000000 52.000000 35.262000 -13.687200
8040.000000 58.000000 33.362000 -15.180000
8052.000000 58.000000 33.136000 -14.274000
8064.000000 58.000000 33.051000 -13.254000
8076.000000 58.000000 33.051000 -12.744000
8088.000000 58.000000 33.051000 -12.575000
8100.000000 58.000000 33.051000 -12.405000
8112.000000 58.000000 32.937000 -12.121000
8124.000000 58.000000 32.937000 -11.612000
8136.000000 58.000000 32.937000 -11.306900
8148.000000 58.000000 32.937000 -11.001800
8160.000000 58.000000 32.937000 -10.696700
8172.000000 58.000000 32.937000 -10.391600
8184.000000 58.000000 32.937000 -10.086500
8196.000000 58.000000 32.937000 -9.781400
8208.000000 58.000000 32.937000 -9.476300
8220.000000 58.000000 32.937000 -9.171200
8232.000000 58.000000 32.937000 -8.866100
8244.000000 58.000000 32.937000 -8.561000
8256.000000 58.000000 32.937000 -8.255900
8268.000000 58.000000 32.937000 -7.950800
8280.000000 59.000000 32.003000 -4.531000
8292.000000 59.000000 32.003000 -4.022000
8304.000000 59.000000 32.003000 -3.455000
8316.000000 59.000000 32.003000 -2.860000
8328.000000 59.000000 32.116000 -2.266000
8340.000000 59.000000 32.116000 -1.643000
8352.000000 59.000000 32.116000 -1.076000
8364.000000 59.000000 32.116000 -0.566000
8376.000000 59.000000 32.172500 0.529300
8388.000000 59.000000 32.229000 1.624600
8400.000000 59.000000 32.285500 2.719900
8412.000000 59.000000 32.342000 3.815200
8424.000000 59.000000 32.398500 4.910500
8436.000000 59.000000 32.455000 6.005800
8448.000000 59.000000 32.511500 7.101100
8460.000000 59.000000 32.568000 8.196400
8472.000000 59.000000 32.624500 9.291700
8484.000000 59.000000 32.681000 10.387000
8496.000000 59.000000 32.737500 11.482300
8508.000000 59.000000 32.794000 12.577600
9252.000000 60.000000 5.296000 -21.581000
9264.000000 60.000000 4.843000 -21.467000
9276.000000 60.000000 5.353000 -21.043000
9288.000000 60.000000 5.862000 -20.618000
9300.000000 60.000000 6.372000 -20.250000
9312.000000 60.000000 6.995000 -19.825000
9324.000000 60.000000 7.420000 -19.428000
9336.000000 60.000000 7.845000 -19.032000
9348.000000 60.000000 8.411500 -18.318300
9360.000000 60.000000 8.978000 -17.604600
9372.000000 60.000000 9.544500 -16.890900
9384.000000 60.000000 10.111000 -16.177200
9396.000000 60.000000 10.677500 -15.463500
9408.000000 60.000000 11.244000 -14.749800
9420.000000 60.000000 11.810500 -14.036100
9432.000000 60.000000 12.377000 -13.322400
9444.000000 60.000000 12.943500 -12.608700
9456.000000 60.000000 13.510000 -11.895000
9468.000000 60.000000 14.076500 -11.181300
9480.000000 60.000000 14.643000 -10.467600
9492.000000 61.000000 16.341000 -16.709000
9504.000000 61.000000 17.049000 -16.766000
9516.000000 61.000000 17.757000 -16.766000
9528.000000 61.000000 18.437000 -16.794000
9540.000000 61.000000 19.230000 -16.851000
9552.000000 61.000000 19.881000 -16.823000
9564.000000 61.000000 20.674000 -16.851000
9576.000000 61.000000 21.411000 -16.908000
9588.000000 61.000000 22.133000 -16.934100
9600.000000 61.000000 22.855000 -16.960200
9612.000000 61.000000 23.577000 -16.986300
9624.000000 61.000000 24.299000 -17.012400
9636.000000 61.000000 25.021000 -17.038500
9648.000000 61.000000 25.743000 -17.064600
9660.000000 61.000000 26.465000 -17.090700
9672.000000 61.000000 27.187000 -17.116800
9684.000000 61.000000 27.909000 -17.142900
9696.000000 61.000000 28.631000 -17.169000
9708.000000 61.000000 29.353000 -17.195100
9720.000000 61.000000 30.075000 -17.221200