0.000000 1.000000 16.085000 13.733000
12.000000 1.000000 15.567000 13.889000
24.000000 1.000000 15.082000 14.027000
36.000000 1.000000 14.563000 14.166000
48.000000 1.000000 14.079000 14.304000
60.000000 1.000000 13.595000 14.442000
72.000000 1.000000 13.111000 14.581000
84.000000 1.000000 12.782000 14.719000
96.000000 1.000000 12.298000 14.967400
108.000000 1.000000 11.814000 15.215800
120.000000 1.000000 11.330000 15.464200
132.000000 1.000000 10.846000 15.712600
144.000000 1.000000 10.362000 15.961000
156.000000 1.000000 9.878000 16.209400
168.000000 1.000000 9.394000 16.457800
180.000000 1.000000 8.910000 16.706200
192.000000 1.000000 8.426000 16.954600
204.000000 1.000000 7.942000 17.203000
216.000000 1.000000 7.458000 17.451400
228.000000 1.000000 6.974000 17.699800
0.000000 5.000000 -18.455000 11.364000
12.000000 5.000000 -17.953000 11.364000
24.000000 5.000000 -17.435000 11.364000
36.000000 5.000000 -16.916000 11.364000
48.000000 5.000000 -16.397000 11.364000
60.000000 5.000000 -15.878000 11.364000
72.000000 5.000000 -15.359000 11.364000
84.000000 5.000000 -14.979000 11.364000
96.000000 5.000000 -14.460000 11.364000
108.000000 5.000000 -13.941000 11.364000
120.000000 5.000000 -13.422000 11.364000
132.000000 5.000000 -12.903000 11.364000
144.000000 5.000000 -12.384000 11.364000
156.000000 5.000000 -11.865000 11.364000
168.000000 5.000000 -11.346000 11.364000
180.000000 5.000000 -10.827000 11.364000
192.000000 5.000000 -10.308000 11.364000
204.000000 5.000000 -9.789000 11.364000
216.000000 5.000000 -9.270000 11.364000
228.000000 5.000000 -8.751000 11.364000
0.000000 7.000000 -19.977000 -5.275000
12.000000 7.000000 -19.839000 -5.552000
24.000000 7.000000 -19.718000 -5.690000
36.000000 7.000000 -19.597000 -5.967000
48.000000 7.000000 -19.458000 -6.106000
60.000000 7.000000 -19.130000 -6.106000
72.000000 7.000000 -18.732000 -6.106000
84.000000 7.000000 -18.490000 -6.244000
96.000000 7.000000 -18.256500 -6.369100
108.000000 7.000000 -18.023000 -6.494200
120.000000 7.000000 -17.789500 -6.619300
132.000000 7.000000 -17.556000 -6.744400
144.000000 7.000000 -17.322500 -6.869500
156.000000 7.000000 -17.089000 -6.994600
168.000000 7.000000 -16.855500 -7.119700
180.000000 7.000000 -16.622000 -7.244800
192.000000 7.000000 -16.388500 -7.369900
204.000000 7.000000 -16.155000 -7.495000
216.000000 7.000000 -15.921500 -7.620100
228.000000 7.000000 -15.688000 -7.745200
0.000000 10.000000 16.501000 -0.017000
12.000000 10.000000 16.501000 -0.017000
24.000000 10.000000 16.501000 -0.017000
36.000000 10.000000 16.501000 -0.017000
48.000000 10.000000 16.501000 -0.017000
60.000000 10.000000 16.501000 -0.017000
72.000000 10.000000 16.501000 -0.017000
84.000000 10.000000 16.501000 -0.017000
96.000000 10.000000 16.501000 -0.017000
108.000000 10.000000 16.501000 -0.017000
120.000000 10.000000 16.501000 -0.017000
132.000000 10.000000 16.501000 -0.017000
144.000000 10.000000 16.501000 -0.017000
156.000000 10.000000 16.501000 -0.017000
168.000000 10.000000 16.501000 -0.017000
180.000000 10.000000 16.501000 -0.017000
192.000000 10.000000 16.501000 -0.017000
204.000000 10.000000 16.501000 -0.017000
216.000000 10.000000 16.501000 -0.017000
228.000000 10.000000 16.501000 -0.017000
0.000000 12.000000 6.002000 10.533000
12.000000 12.000000 6.382000 10.257000
24.000000 12.000000 6.832000 10.118000
36.000000 12.000000 7.299000 9.963000
48.000000 12.000000 7.766000 9.824000
60.000000 12.000000 8.147000 9.547000
72.000000 12.000000 8.596000 9.409000
84.000000 12.000000 9.046000 9.271000
96.000000 12.000000 9.470000 8.896600
108.000000 12.000000 9.894000 8.522200
120.000000 12.000000 10.318000 8.147800
132.000000 12.000000 10.742000 7.773400
144.000000 12.000000 11.166000 7.399000
156.000000 12.000000 11.590000 7.024600
168.000000 12.000000 12.014000 6.650200
180.000000 12.000000 12.438000 6.275800
192.000000 12.000000 12.862000 5.901400
204.000000 12.000000 13.286000 5.527000
216.000000 12.000000 13.710000 5.152600
228.000000 12.000000 14.134000 4.778200
108.000000 3.000000 -21.638000 44.157000
120.000000 3.000000 -21.361000 43.742000
132.000000 3.000000 -20.980000 43.586000
144.000000 3.000000 -20.600000 43.448000
156.000000 3.000000 -20.202000 43.310000
168.000000 3.000000 -19.804000 43.171000
180.000000 3.000000 -19.424000 43.033000
192.000000 3.000000 -19.043000 43.033000
204.000000 3.000000 -18.645000 42.783700
216.000000 3.000000 -18.247000 42.534400
228.000000 3.000000 -17.849000 42.285100
240.000000 3.000000 -17.451000 42.035800
252.000000 3.000000 -17.053000 41.786500
264.000000 3.000000 -16.655000 41.537200
276.000000 3.000000 -16.257000 41.287900
288.000000 3.000000 -15.859000 41.038600
300.000000 3.000000 -15.461000 40.789300
312.000000 3.000000 -15.063000 40.540000
324.000000 3.000000 -14.665000 40.290700
336.000000 3.000000 -14.267000 40.041400
240.000000 2.000000 6.555000 15.982000
252.000000 2.000000 6.036000 15.982000
264.000000 2.000000 5.517000 16.120000
276.000000 2.000000 5.050000 16.258000
288.000000 2.000000 4.532000 16.258000
300.000000 2.000000 4.220000 16.397000
312.000000 2.000000 3.892000 16.674000
324.000000 2.000000 3.632000 16.812000
336.000000 2.000000 3.217000 16.937100
348.000000 2.000000 2.802000 17.062200
360.000000 2.000000 2.387000 17.187300
372.000000 2.000000 1.972000 17.312400
384.000000 2.000000 1.557000 17.437500
396.000000 2.000000 1.142000 17.562600
408.000000 2.000000 0.727000 17.687700
420.000000 2.000000 0.312000 17.812800
432.000000 2.000000 -0.103000 17.937900
444.000000 2.000000 -0.518000 18.063000
456.000000 2.000000 -0.933000 18.188100
468.000000 2.000000 -1.348000 18.313200
240.000000 6.000000 -10.343000 11.848000
252.000000 6.000000 -10.049000 11.848000
264.000000 6.000000 -9.686000 11.848000
276.000000 6.000000 -9.409000 11.848000
288.000000 6.000000 -9.046000 11.848000
300.000000 6.000000 -8.683000 11.917000
312.000000 6.000000 -7.956000 11.917000
324.000000 6.000000 -7.645000 11.917000
336.000000 6.000000 -7.282000 11.979100
348.000000 6.000000 -6.919000 12.041200
360.000000 6.000000 -6.556000 12.103300
372.000000 6.000000 -6.193000 12.165400
384.000000 6.000000 -5.830000 12.227500
396.000000 6.000000 -5.467000 12.289600
408.000000 6.000000 -5.104000 12.351700
420.000000 6.000000 -4.741000 12.413800
432.000000 6.000000 -4.378000 12.475900
444.000000 6.000000 -4.015000 12.538000
456.000000 6.000000 -3.652000 12.600100
468.000000 6.000000 -3.289000 12.662200
240.000000 8.000000 -18.282000 -6.659000
252.000000 8.000000 -18.282000 -6.659000
264.000000 8.000000 -18.282000 -6.659000
276.000000 8.000000 -18.282000 -6.659000
288.000000 8.000000 -18.282000 -6.659000
300.000000 8.000000 -18.282000 -6.659000
312.000000 8.000000 -18.282000 -6.659000
324.000000 8.000000 -18.282000 -6.659000
336.000000 8.000000 -18.282000 -6.659000
348.000000 8.000000 -18.282000 -6.659000
360.000000 8.000000 -18.282000 -6.659000
372.000000 8.000000 -18.282000 -6.659000
384.000000 8.000000 -18.282000 -6.659000
396.000000 8.000000 -18.282000 -6.659000
408.000000 8.000000 -18.282000 -6.659000
420.000000 8.000000 -18.282000 -6.659000
432.000000 8.000000 -18.282000 -6.659000
444.000000 8.000000 -18.282000 -6.659000
456.000000 8.000000 -18.282000 -6.659000
468.000000 8.000000 -18.282000 -6.659000
240.000000 11.000000 16.501000 -0.017000
252.000000 11.000000 16.501000 -0.017000
264.000000 11.000000 16.501000 -0.017000
276.000000 11.000000 16.501000 -0.017000
288.000000 11.000000 16.501000 -0.017000
300.000000 11.000000 16.501000 -0.017000
312.000000 11.000000 16.501000 -0.017000
324.000000 11.000000 16.501000 -0.017000
336.000000 11.000000 16.501000 -0.017000
348.000000 11.000000 16.501000 -0.017000
360.000000 11.000000 16.501000 -0.017000
372.000000 11.000000 16.501000 -0.017000
384.000000 11.000000 16.501000 -0.017000
396.000000 11.000000 16.501000 -0.017000
408.000000 11.000000 16.501000 -0.017000
420.000000 11.000000 16.501000 -0.017000
432.000000 11.000000 16.501000 -0.017000
444.000000 11.000000 16.501000 -0.017000
456.000000 11.000000 16.501000 -0.017000
468.000000 11.000000 16.501000 -0.017000
324.000000 9.000000 20.167000 41.494000
336.000000 9.000000 19.787000 41.494000
348.000000 9.000000 19.337000 41.494000
360.000000 9.000000 18.939000 41.494000
372.000000 9.000000 18.542000 41.078000
384.000000 9.000000 18.161000 40.802000
396.000000 9.000000 17.902000 40.231000
408.000000 9.000000 17.573000 39.747000
420.000000 9.000000 17.184000 39.124200
432.000000 9.000000 16.795000 38.501400
444.000000 9.000000 16.406000 37.878600
456.000000 9.000000 16.017000 37.255800
468.000000 9.000000 15.628000 36.633000
480.000000 9.000000 15.239000 36.010200
492.000000 9.000000 14.850000 35.387400
504.000000 9.000000 14.461000 34.764600
516.000000 9.000000 14.072000 34.141800
528.000000 9.000000 13.683000 33.519000
540.000000 9.000000 13.294000 32.896200
552.000000 9.000000 12.905000 32.273400
348.000000 4.000000 -14.131000 41.217000
360.000000 4.000000 -13.941000 40.940000
372.000000 4.000000 -13.750000 40.663000
384.000000 4.000000 -13.543000 40.387000
396.000000 4.000000 -13.543000 39.816000
408.000000 4.000000 -13.543000 39.401000
420.000000 4.000000 -13.543000 38.968000
432.000000 4.000000 -13.491000 38.553000
444.000000 4.000000 -13.491000 37.665600
456.000000 4.000000 -13.491000 36.778200
468.000000 4.000000 -13.491000 35.890800
480.000000 4.000000 -13.491000 35.003400
492.000000 4.000000 -13.491000 34.116000
504.000000 4.000000 -13.491000 33.228600
516.000000 4.000000 -13.491000 32.341200
528.000000 4.000000 -13.491000 31.453800
540.000000 4.000000 -13.491000 30.566400
552.000000 4.000000 -13.491000 29.679000
564.000000 4.000000 -13.491000 28.791600
576.000000 4.000000 -13.491000 27.904200