312.000000 104.000000 -19.495000 19.852000
324.000000 104.000000 -19.309000 19.852000
336.000000 104.000000 -18.896000 19.852000
348.000000 104.000000 -18.268000 19.852000
360.000000 104.000000 -17.640000 19.852000
372.000000 104.000000 -17.012000 19.623000
384.000000 104.000000 -16.327000 19.395000
396.000000 104.000000 -15.699000 19.395000
408.000000 104.000000 -15.071000 19.188900
420.000000 104.000000 -14.443000 18.982800
432.000000 104.000000 -13.815000 18.776700
444.000000 104.000000 -13.187000 18.570600
456.000000 104.000000 -12.559000 18.364500
468.000000 104.000000 -11.931000 18.158400
480.000000 104.000000 -11.303000 17.952300
492.000000 104.000000 -10.675000 17.746200
504.000000 104.000000 -10.047000 17.540100
516.000000 104.000000 -9.419000 17.334000
528.000000 104.000000 -8.791000 17.127900
540.000000 104.000000 -8.163000 16.921800
408.000000 108.000000 -19.495000 19.338000
420.000000 108.000000 -19.181000 19.338000
432.000000 108.000000 -18.767000 19.338000
444.000000 108.000000 -18.296000 19.338000
456.000000 108.000000 -17.768000 19.452000
468.000000 108.000000 -17.083000 19.452000
480.000000 108.000000 -16.398000 19.452000
492.000000 108.000000 -15.770000 19.338000
504.000000 108.000000 -15.163500 19.440600
516.000000 108.000000 -14.557000 19.543200
528.000000 108.000000 -13.950500 19.645800
540.000000 108.000000 -13.344000 19.748400
552.000000 108.000000 -12.737500 19.851000
564.000000 108.000000 -12.131000 19.953600
576.000000 108.000000 -11.524500 20.056200
588.000000 108.000000 -10.918000 20.158800
600.000000 108.000000 -10.311500 20.261400
612.000000 108.000000 -9.705000 20.364000
624.000000 108.000000 -9.098500 20.466600
636.000000 108.000000 -8.492000 20.569200
552.000000 105.000000 -8.078000 19.795000
564.000000 105.000000 -7.478000 19.795000
576.000000 105.000000 -6.922000 19.680000
588.000000 105.000000 -6.308000 19.680000
600.000000 105.000000 -5.766000 19.738000
612.000000 105.000000 -5.252000 19.738000
624.000000 105.000000 -4.667000 19.738000
636.000000 105.000000 -4.139000 19.738000
648.000000 105.000000 -3.611000 19.790200
660.000000 105.000000 -3.083000 19.842400
672.000000 105.000000 -2.555000 19.894600
684.000000 105.000000 -2.027000 19.946800
696.000000 105.000000 -1.499000 19.999000
708.000000 105.000000 -0.971000 20.051200
720.000000 105.000000 -0.443000 20.103400
732.000000 105.000000 0.085000 20.155600
744.000000 105.000000 0.613000 20.207800
756.000000 105.000000 1.141000 20.260000
768.000000 105.000000 1.669000 20.312200
780.000000 105.000000 2.197000 20.364400
648.000000 109.000000 -8.206000 19.566000
660.000000 109.000000 -7.578000 19.566000
672.000000 109.000000 -7.007000 19.452000
684.000000 109.000000 -6.422000 19.452000
696.000000 109.000000 -5.894000 19.452000
708.000000 109.000000 -5.323000 19.338000
720.000000 109.000000 -4.795000 19.338000
732.000000 109.000000 -4.224000 19.338000
744.000000 109.000000 -3.674500 19.235400
756.000000 109.000000 -3.125000 19.132800
768.000000 109.000000 -2.575500 19.030200
780.000000 109.000000 -2.026000 18.927600
792.000000 109.000000 -1.476500 18.825000
804.000000 109.000000 -0.927000 18.722400
816.000000 109.000000 -0.377500 18.619800
828.000000 109.000000 0.172000 18.517200
840.000000 109.000000 0.721500 18.414600
852.000000 109.000000 1.271000 18.312000
864.000000 109.000000 1.820500 18.209400
876.000000 109.000000 2.370000 18.106800
684.000000 100.000000 16.298000 18.111000
696.000000 100.000000 15.670000 18.111000
708.000000 100.000000 15.085000 18.111000
720.000000 100.000000 14.514000 18.111000
732.000000 100.000000 13.943000 18.111000
744.000000 100.000000 13.358000 18.111000
756.000000 100.000000 12.730000 18.054000
768.000000 100.000000 12.159000 18.054000
780.000000 100.000000 11.581000 18.054000
792.000000 100.000000 11.003000 18.054000
804.000000 100.000000 10.425000 18.054000
816.000000 100.000000 9.847000 18.054000
828.000000 100.000000 9.269000 18.054000
840.000000 100.000000 8.691000 18.054000
852.000000 100.000000 8.113000 18.054000
864.000000 100.000000 7.535000 18.054000
876.000000 100.000000 6.957000 18.054000
888.000000 100.000000 6.379000 18.054000
900.000000 100.000000 5.801000 18.054000
912.000000 100.000000 5.223000 18.054000
792.000000 106.000000 3.568000 19.623000
804.000000 106.000000 4.082000 19.623000
816.000000 106.000000 4.610000 19.623000
828.000000 106.000000 5.195000 19.623000
840.000000 106.000000 5.709000 19.509000
852.000000 106.000000 6.279000 19.509000
864.000000 106.000000 6.822000 19.395000
876.000000 106.000000 7.393000 19.395000
888.000000 106.000000 7.935000 19.292400
900.000000 106.000000 8.477000 19.189800
912.000000 106.000000 9.019000 19.087200
924.000000 106.000000 9.561000 18.984600
936.000000 106.000000 10.103000 18.882000
948.000000 106.000000 10.645000 18.779400
960.000000 106.000000 11.187000 18.676800
972.000000 106.000000 11.729000 18.574200
984.000000 106.000000 12.271000 18.471600
996.000000 106.000000 12.813000 18.369000
1008.000000 106.000000 13.355000 18.266400
1020.000000 106.000000 13.897000 18.163800
924.000000 101.000000 4.496000 17.825000
936.000000 101.000000 3.925000 17.825000
948.000000 101.000000 3.354000 17.768000
960.000000 101.000000 2.783000 17.768000
972.000000 101.000000 2.198000 17.768000
984.000000 101.000000 1.570000 17.768000
996.000000 101.000000 0.985000 17.768000
1008.000000 101.000000 0.414000 17.768000
1020.000000 101.000000 -0.192500 17.768000
1032.000000 101.000000 -0.799000 17.768000
1044.000000 101.000000 -1.405500 17.768000
1056.000000 101.000000 -2.012000 17.768000
1068.000000 101.000000 -2.618500 17.768000
1080.000000 101.000000 -3.225000 17.768000
1092.000000 101.000000 -3.831500 17.768000
1104.000000 101.000000 -4.438000 17.768000
1116.000000 101.000000 -5.044500 17.768000
1128.000000 101.000000 -5.651000 17.768000
1140.000000 101.000000 -6.257500 17.768000
1152.000000 101.000000 -6.864000 17.768000
1140.000000 67.000000 -18.439000 14.885000
1152.000000 67.000000 -17.811000 14.885000
1164.000000 67.000000 -17.183000 14.885000
1176.000000 67.000000 -16.555000 14.771000
1188.000000 67.000000 -15.927000 14.771000
1200.000000 67.000000 -15.299000 14.771000
1212.000000 67.000000 -14.671000 14.643000
1224.000000 67.000000 -14.043000 14.643000
1236.000000 67.000000 -13.415000 14.643000
1248.000000 67.000000 -12.787000 14.643000
1260.000000 67.000000 -12.159000 14.643000
1272.000000 67.000000 -11.531000 14.643000
1284.000000 67.000000 -10.903000 14.643000
1296.000000 67.000000 -10.275000 14.643000
1308.000000 67.000000 -9.647000 14.643000
1320.000000 67.000000 -9.019000 14.643000
1332.000000 67.000000 -8.391000 14.643000
1344.000000 67.000000 -7.763000 14.643000
1356.000000 67.000000 -7.135000 14.643000
1368.000000 67.000000 -6.507000 14.643000
1164.000000 102.000000 -7.721000 18.111000
1176.000000 102.000000 -8.363000 18.168000
1188.000000 102.000000 -8.991000 18.168000
1200.000000 102.000000 -9.619000 18.225000
1212.000000 102.000000 -10.247000 18.225000
1224.000000 102.000000 -10.889000 18.282000
1236.000000 102.000000 -11.517000 18.282000
1248.000000 102.000000 -12.145000 18.282000
1260.000000 102.000000 -12.780000 18.333300
1272.000000 102.000000 -13.415000 18.384600
1284.000000 102.000000 -14.050000 18.435900
1296.000000 102.000000 -14.685000 18.487200
1308.000000 102.000000 -15.320000 18.538500
1320.000000 102.000000 -15.955000 18.589800
1332.000000 102.000000 -16.590000 18.641100
1344.000000 102.000000 -17.225000 18.692400
1356.000000 102.000000 -17.860000 18.743700
1368.000000 102.000000 -18.495000 18.795000
1380.000000 102.000000 -19.130000 18.846300
1392.000000 102.000000 -19.765000 18.897600
1380.000000 68.000000 -6.251000 14.414000
1392.000000 68.000000 -5.652000 14.414000
1404.000000 68.000000 -5.081000 14.528000
1416.000000 68.000000 -4.767000 14.528000
1428.000000 68.000000 -4.396000 14.643000
1440.000000 68.000000 -4.039000 14.643000
1452.000000 68.000000 -3.682000 14.771000
1464.000000 68.000000 -3.311000 14.771000
1476.000000 68.000000 -2.947000 14.874500
1488.000000 68.000000 -2.583000 14.978000
1500.000000 68.000000 -2.219000 15.081500
1512.000000 68.000000 -1.855000 15.185000
1524.000000 68.000000 -1.491000 15.288500
1536.000000 68.000000 -1.127000 15.392000
1548.000000 68.000000 -0.763000 15.495500
1560.000000 68.000000 -0.399000 15.599000
1572.000000 68.000000 -0.035000 15.702500
1584.000000 68.000000 0.329000 15.806000
1596.000000 68.000000 0.693000 15.909500
1608.000000 68.000000 1.057000 16.013000
1500.000000 70.000000 6.494000 6.208000
1512.000000 70.000000 5.766000 6.208000
1524.000000 70.000000 5.024000 6.208000
1536.000000 70.000000 4.353000 6.322000
1548.000000 70.000000 3.611000 6.322000
1560.000000 70.000000 2.940000 6.322000
1572.000000 70.000000 2.198000 6.436000
1584.000000 70.000000 1.513000 6.436000
1596.000000 70.000000 0.806500 6.436000
1608.000000 70.000000 0.100000 6.436000
1620.000000 70.000000 -0.606500 6.436000
1632.000000 70.000000 -1.313000 6.436000
1644.000000 70.000000 -2.019500 6.436000
1656.000000 70.000000 -2.726000 6.436000
1668.000000 70.000000 -3.432500 6.436000
1680.000000 70.000000 -4.139000 6.436000
1692.000000 70.000000 -4.845500 6.436000
1704.000000 70.000000 -5.552000 6.436000
1716.000000 70.000000 -6.258500 6.436000
1728.000000 70.000000 -6.965000 6.436000
1536.000000 58.000000 16.983000 28.757000
1548.000000 58.000000 16.955000 28.186000
1560.000000 58.000000 16.926000 27.601000
1572.000000 58.000000 16.898000 27.016000
1584.000000 58.000000 16.883000 26.445000
1596.000000 58.000000 16.883000 25.874000
1608.000000 58.000000 16.855000 25.218000
1620.000000 58.000000 16.683000 24.647000
1632.000000 58.000000 16.675500 23.619200
1644.000000 58.000000 16.668000 22.591400
1656.000000 58.000000 16.660500 21.563600
1668.000000 58.000000 16.653000 20.535800
1680.000000 58.000000 16.645500 19.508000
1692.000000 58.000000 16.638000 18.480200
1704.000000 58.000000 16.630500 17.452400
1716.000000 58.000000 16.623000 16.424600
1728.000000 58.000000 16.615500 15.396800
1740.000000 58.000000 16.608000 14.369000
1752.000000 58.000000 16.600500 13.341200
1764.000000 58.000000 16.593000 12.313400
1620.000000 69.000000 2.968000 16.855000
1632.000000 69.000000 3.596000 16.969000
1644.000000 69.000000 4.224000 17.083000
1656.000000 69.000000 4.852000 17.197000
1668.000000 69.000000 5.480000 17.311000
1680.000000 69.000000 6.108000 17.426000
1692.000000 69.000000 6.736000 17.540000
1704.000000 69.000000 7.364000 17.540000
1716.000000 69.000000 7.992000 17.746100
1728.000000 69.000000 8.620000 17.952200
1740.000000 69.000000 9.248000 18.158300
1752.000000 69.000000 9.876000 18.364400
1764.000000 69.000000 10.504000 18.570500
1776.000000 69.000000 11.132000 18.776600
1788.000000 69.000000 11.760000 18.982700
1800.000000 69.000000 12.388000 19.188800
1812.000000 69.000000 13.016000 19.394900
1824.000000 69.000000 13.644000 19.601000
1836.000000 69.000000 14.272000 19.807100
1848.000000 69.000000 14.900000 20.013200
1740.000000 71.000000 -7.707000 6.436000
1752.000000 71.000000 -8.434000 6.436000
1764.000000 71.000000 -9.120000 6.436000
1776.000000 71.000000 -9.847000 6.436000
1788.000000 71.000000 -10.590000 6.551000
1800.000000 71.000000 -11.275000 6.551000
1812.000000 71.000000 -12.002000 6.551000
1824.000000 71.000000 -12.730000 6.551000
1836.000000 71.000000 -13.444000 6.654500
1848.000000 71.000000 -14.158000 6.758000
1860.000000 71.000000 -14.872000 6.861500
1872.000000 71.000000 -15.586000 6.965000
1884.000000 71.000000 -16.300000 7.068500
1896.000000 71.000000 -17.014000 7.172000
1908.000000 71.000000 -17.728000 7.275500
1920.000000 71.000000 -18.442000 7.379000
1932.000000 71.000000 -19.156000 7.482500
1944.000000 71.000000 -19.870000 7.586000
1956.000000 71.000000 -20.584000 7.689500
1968.000000 71.000000 -21.298000 7.793000
1776.000000 59.000000 12.488000 19.095000
1788.000000 59.000000 12.031000 18.867000
1800.000000 59.000000 11.546000 18.639000
1812.000000 59.000000 11.089000 18.282000
1824.000000 59.000000 10.661000 17.939000
1836.000000 59.000000 10.190000 17.597000
1848.000000 59.000000 9.776000 17.140000
1860.000000 59.000000 9.348000 16.783000
1872.000000 59.000000 8.898500 16.166500
1884.000000 59.000000 8.449000 15.550000
1896.000000 59.000000 7.999500 14.933500
1908.000000 59.000000 7.550000 14.317000
1920.000000 59.000000 7.100500 13.700500
1932.000000 59.000000 6.651000 13.084000
1944.000000 59.000000 6.201500 12.467500
1956.000000 59.000000 5.752000 11.851000
1968.000000 59.000000 5.302500 11.234500
1980.000000 59.000000 4.853000 10.618000
1992.000000 59.000000 4.403500 10.001500
2004.000000 59.000000 3.954000 9.385000
2016.000000 60.000000 4.724000 10.547000
2028.000000 60.000000 4.296000 10.076000
2040.000000 60.000000 3.882000 9.605000
2052.000000 60.000000 3.482000 9.148000
2064.000000 60.000000 3.026000 8.691000
2076.000000 60.000000 2.655000 8.235000
2088.000000 60.000000 2.226000 7.764000
2100.000000 60.000000 1.827000 7.364000
2112.000000 60.000000 1.413500 6.542300
2124.000000 60.000000 1.000000 5.720600
2136.000000 60.000000 0.586500 4.898900
2148.000000 60.000000 0.173000 4.077200
2160.000000 60.000000 -0.240500 3.255500
2172.000000 60.000000 -0.654000 2.433800
2184.000000 60.000000 -1.067500 1.612100
2196.000000 60.000000 -1.481000 0.790400
2208.000000 60.000000 -1.894500 -0.031300
2220.000000 60.000000 -2.308000 -0.853000
2232.000000 60.000000 -2.721500 -1.674700
2244.000000 60.000000 -3.135000 -2.496400
2256.000000 61.000000 -4.767000 3.539000
2268.000000 61.000000 -5.195000 3.083000
2280.000000 61.000000 -5.609000 2.726000
2292.000000 61.000000 -6.037000 2.269000
2304.000000 61.000000 -6.494000 1.927000
2316.000000 61.000000 -7.022000 1.570000
2328.000000 61.000000 -7.393000 1.227000
2340.000000 61.000000 -7.707000 0.885000
2352.000000 61.000000 -8.199500 0.255900
2364.000000 61.000000 -8.692000 -0.373200
2376.000000 61.000000 -9.184500 -1.002300
2388.000000 61.000000 -9.677000 -1.631400
2400.000000 61.000000 -10.169500 -2.260500
2412.000000 61.000000 -10.662000 -2.889600
2424.000000 61.000000 -11.154500 -3.518700
2436.000000 61.000000 -11.647000 -4.147800
2448.000000 61.000000 -12.139500 -4.776900
2460.000000 61.000000 -12.632000 -5.406000
2472.000000 61.000000 -13.124500 -6.035100
2484.000000 61.000000 -13.617000 -6.664200
3012.000000 21.000000 16.812000 19.795000
3024.000000 21.000000 16.155000 19.452000
3036.000000 21.000000 15.527000 19.338000
3048.000000 21.000000 14.900000 19.338000
3060.000000 21.000000 14.500000 19.338000
3072.000000 21.000000 14.015000 19.338000
3084.000000 21.000000 13.387000 19.110000
3096.000000 21.000000 12.759000 18.867000
3108.000000 21.000000 12.316500 18.867000
3120.000000 21.000000 11.874000 18.867000
3132.000000 21.000000 11.431500 18.867000
3144.000000 21.000000 10.989000 18.867000
3156.000000 21.000000 10.546500 18.867000
3168.000000 21.000000 10.104000 18.867000
3180.000000 21.000000 9.661500 18.867000
3192.000000 21.000000 9.219000 18.867000
3204.000000 21.000000 8.776500 18.867000
3216.000000 21.000000 8.334000 18.867000
3228.000000 21.000000 7.891500 18.867000
3240.000000 21.000000 7.449000 18.867000
3060.000000 141.000000 -19.538000 17.197000
3072.000000 141.000000 -19.395000 16.312000
3084.000000 141.000000 -19.024000 16.084000
3096.000000 141.000000 -18.653000 15.856000
3108.000000 141.000000 -18.282000 15.627000
3120.000000 141.000000 -17.925000 15.399000
3132.000000 141.000000 -17.397000 15.285000
3144.000000 141.000000 -16.940000 15.171000
3156.000000 141.000000 -16.576000 14.759700
3168.000000 141.000000 -16.212000 14.348400
3180.000000 141.000000 -15.848000 13.937100
3192.000000 141.000000 -15.484000 13.525800
3204.000000 141.000000 -15.120000 13.114500
3216.000000 141.000000 -14.756000 12.703200
3228.000000 141.000000 -14.392000 12.291900
3240.000000 141.000000 -14.028000 11.880600
3252.000000 141.000000 -13.664000 11.469300
3264.000000 141.000000 -13.300000 11.058000
3276.000000 141.000000 -12.936000 10.646700
3288.000000 141.000000 -12.572000 10.235400
3108.000000 137.000000 16.869000 18.910000
3120.000000 137.000000 16.270000 18.453000
3132.000000 137.000000 15.799000 18.453000
3144.000000 137.000000 15.271000 18.339000
3156.000000 137.000000 14.757000 18.339000
3168.000000 137.000000 14.214000 18.225000
3180.000000 137.000000 13.758000 18.225000
3192.000000 137.000000 13.230000 18.225000
3204.000000 137.000000 12.701500 18.122400
3216.000000 137.000000 12.173000 18.019800
3228.000000 137.000000 11.644500 17.917200
3240.000000 137.000000 11.116000 17.814600
3252.000000 137.000000 10.587500 17.712000
3264.000000 137.000000 10.059000 17.609400
3276.000000 137.000000 9.530500 17.506800
3288.000000 137.000000 9.002000 17.404200
3300.000000 137.000000 8.473500 17.301600
3312.000000 137.000000 7.945000 17.199000
3324.000000 137.000000 7.416500 17.096400
3336.000000 137.000000 6.888000 16.993800
3252.000000 22.000000 4.367000 18.995000
3264.000000 22.000000 3.682000 18.995000
3276.000000 22.000000 3.054000 18.995000
3288.000000 22.000000 2.426000 18.995000
3300.000000 22.000000 1.741000 18.995000
3312.000000 22.000000 1.113000 18.995000
3324.000000 22.000000 0.485000 18.995000
3336.000000 22.000000 -0.143000 18.995000
3348.000000 22.000000 -0.799500 18.995000
3360.000000 22.000000 -1.456000 18.995000
3372.000000 22.000000 -2.112500 18.995000
3384.000000 22.000000 -2.769000 18.995000
3396.000000 22.000000 -3.425500 18.995000
3408.000000 22.000000 -4.082000 18.995000
3420.000000 22.000000 -4.738500 18.995000
3432.000000 22.000000 -5.395000 18.995000
3444.000000 22.000000 -6.051500 18.995000
3456.000000 22.000000 -6.708000 18.995000
3468.000000 22.000000 -7.364500 18.995000
3480.000000 22.000000 -8.021000 18.995000
3300.000000 142.000000 -12.488000 10.661000
3312.000000 142.000000 -12.059000 10.433000
3324.000000 142.000000 -11.574000 10.204000
3336.000000 142.000000 -11.175000 9.962000
3348.000000 142.000000 -10.689000 9.719000
3360.000000 142.000000 -10.233000 9.491000
3372.000000 142.000000 -9.862000 9.262000
3384.000000 142.000000 -9.548000 9.034000
3396.000000 142.000000 -9.077000 8.610100
3408.000000 142.000000 -8.606000 8.186200
3420.000000 142.000000 -8.135000 7.762300
3432.000000 142.000000 -7.664000 7.338400
3444.000000 142.000000 -7.193000 6.914500
3456.000000 142.000000 -6.722000 6.490600
3468.000000 142.000000 -6.251000 6.066700
3480.000000 142.000000 -5.780000 5.642800
3492.000000 142.000000 -5.309000 5.218900
3504.000000 142.000000 -4.838000 4.795000
3516.000000 142.000000 -4.367000 4.371100
3528.000000 142.000000 -3.896000 3.947200
3348.000000 138.000000 6.479000 19.053000
3360.000000 138.000000 5.994000 19.167000
3372.000000 138.000000 5.537000 19.167000
3384.000000 138.000000 4.995000 19.281000
3396.000000 138.000000 4.481000 19.281000
3408.000000 138.000000 3.953000 19.281000
3420.000000 138.000000 3.482000 19.281000
3432.000000 138.000000 3.054000 19.281000
3444.000000 138.000000 2.533000 19.281000
3456.000000 138.000000 2.012000 19.281000
3468.000000 138.000000 1.491000 19.281000
3480.000000 138.000000 0.970000 19.281000
3492.000000 138.000000 0.449000 19.281000
3504.000000 138.000000 -0.072000 19.281000
3516.000000 138.000000 -0.593000 19.281000
3528.000000 138.000000 -1.114000 19.281000
3540.000000 138.000000 -1.635000 19.281000
3552.000000 138.000000 -2.156000 19.281000
3564.000000 138.000000 -2.677000 19.281000
3576.000000 138.000000 -3.198000 19.281000
3504.000000 136.000000 -6.608000 16.955000
3516.000000 136.000000 -7.264000 17.540000
3528.000000 136.000000 -7.949000 17.426000
3540.000000 136.000000 -8.634000 17.311000
3552.000000 136.000000 -9.262000 17.183000
3564.000000 136.000000 -9.890000 17.183000
3576.000000 136.000000 -10.490000 17.183000
3588.000000 136.000000 -11.060000 17.183000
3600.000000 136.000000 -11.688000 17.067800
3612.000000 136.000000 -12.316000 16.952600
3624.000000 136.000000 -12.944000 16.837400
3636.000000 136.000000 -13.572000 16.722200
3648.000000 136.000000 -14.200000 16.607000
3660.000000 136.000000 -14.828000 16.491800
3672.000000 136.000000 -15.456000 16.376600
3684.000000 136.000000 -16.084000 16.261400
3696.000000 136.000000 -16.712000 16.146200
3708.000000 136.000000 -17.340000 16.031000
3720.000000 136.000000 -17.968000 15.915800
3732.000000 136.000000 -18.596000 15.800600
3540.000000 143.000000 -4.581000 5.980000
3552.000000 143.000000 -4.153000 5.737000
3564.000000 143.000000 -3.725000 5.737000
3576.000000 143.000000 -3.297000 5.737000
3588.000000 143.000000 -2.911000 5.737000
3600.000000 143.000000 -2.440000 5.623000
3612.000000 143.000000 -1.969000 5.623000
3624.000000 143.000000 -1.441000 5.623000
3636.000000 143.000000 -1.012500 5.520400
3648.000000 143.000000 -0.584000 5.417800
3660.000000 143.000000 -0.155500 5.315200
3672.000000 143.000000 0.273000 5.212600
3684.000000 143.000000 0.701500 5.110000
3696.000000 143.000000 1.130000 5.007400
3708.000000 143.000000 1.558500 4.904800
3720.000000 143.000000 1.987000 4.802200
3732.000000 143.000000 2.415500 4.699600
3744.000000 143.000000 2.844000 4.597000
3756.000000 143.000000 3.272500 4.494400
3768.000000 143.000000 3.701000 4.391800
3588.000000 139.000000 -3.639000 19.038000
3600.000000 139.000000 -4.224000 19.038000
3612.000000 139.000000 -4.795000 19.038000
3624.000000 139.000000 -5.323000 19.038000
3636.000000 139.000000 -5.894000 18.924000
3648.000000 139.000000 -6.322000 18.810000
3660.000000 139.000000 -6.793000 18.810000
3672.000000 139.000000 -7.207000 18.696000
3684.000000 139.000000 -7.706500 18.490800
3696.000000 139.000000 -8.206000 18.285600
3708.000000 139.000000 -8.705500 18.080400
3720.000000 139.000000 -9.205000 17.875200
3732.000000 139.000000 -9.704500 17.670000
3744.000000 139.000000 -10.204000 17.464800
3756.000000 139.000000 -10.703500 17.259600
3768.000000 139.000000 -11.203000 17.054400
3780.000000 139.000000 -11.702500 16.849200
3792.000000 139.000000 -12.202000 16.644000
3804.000000 139.000000 -12.701500 16.438800
3816.000000 139.000000 -13.201000 16.233600
3780.000000 147.000000 4.567000 5.395000
3792.000000 147.000000 5.138000 5.280000
3804.000000 147.000000 5.751000 5.280000
3816.000000 147.000000 6.123000 5.280000
3828.000000 147.000000 6.494000 5.280000
3840.000000 147.000000 6.865000 5.280000
3852.000000 147.000000 7.236000 5.280000
3864.000000 147.000000 7.650000 5.152000
3876.000000 147.000000 8.021000 5.152000
3888.000000 147.000000 8.392000 5.152000
3900.000000 147.000000 8.763000 5.152000
3912.000000 147.000000 9.134000 5.152000
3924.000000 147.000000 9.505000 5.152000
3936.000000 147.000000 9.876000 5.152000
3948.000000 147.000000 10.247000 5.152000
3960.000000 147.000000 10.618000 5.152000
3972.000000 147.000000 10.989000 5.152000
3984.000000 147.000000 11.360000 5.152000
3996.000000 147.000000 11.731000 5.152000
4008.000000 147.000000 12.102000 5.152000
3996.000000 149.000000 7.321000 33.610000
4008.000000 149.000000 7.107000 33.610000
4020.000000 149.000000 7.107000 33.610000
4032.000000 149.000000 7.107000 33.610000
4044.000000 149.000000 7.107000 33.724000
4056.000000 149.000000 7.050000 33.724000
4068.000000 149.000000 7.050000 33.838000
4080.000000 149.000000 7.050000 33.838000
4092.000000 149.000000 7.021500 33.940600
4104.000000 149.000000 6.993000 34.043200
4116.000000 149.000000 6.964500 34.145800
4128.000000 149.000000 6.936000 34.248400
4140.000000 149.000000 6.907500 34.351000
4152.000000 149.000000 6.879000 34.453600
4164.000000 149.000000 6.850500 34.556200
4176.000000 149.000000 6.822000 34.658800
4188.000000 149.000000 6.793500 34.761400
4200.000000 149.000000 6.765000 34.864000
4212.000000 149.000000 6.736500 34.966600
4224.000000 149.000000 6.708000 35.069200
4236.000000 150.000000 6.879000 34.423000
4248.000000 150.000000 6.879000 34.423000
4260.000000 150.000000 6.879000 34.537000
4272.000000 150.000000 6.836000 34.537000
4284.000000 150.000000 6.836000 34.537000
4296.000000 150.000000 6.836000 34.651000
4308.000000 150.000000 6.836000 34.651000
4320.000000 150.000000 6.793000 34.651000
4332.000000 150.000000 6.793000 34.753600
4344.000000 150.000000 6.793000 34.856200
4356.000000 150.000000 6.793000 34.958800
4368.000000 150.000000 6.793000 35.061400
4380.000000 150.000000 6.793000 35.164000
4392.000000 150.000000 6.793000 35.266600
4404.000000 150.000000 6.793000 35.369200
4416.000000 150.000000 6.793000 35.471800
4428.000000 150.000000 6.793000 35.574400
4440.000000 150.000000 6.793000 35.677000
4452.000000 150.000000 6.793000 35.779600
4464.000000 150.000000 6.793000 35.882200
5400.000000 148.000000 16.655000 17.597000
5412.000000 148.000000 16.512000 17.483000
5424.000000 148.000000 16.341000 17.483000
5436.000000 148.000000 16.241000 17.369000
5448.000000 148.000000 16.084000 17.369000
5460.000000 148.000000 15.984000 17.254000
5472.000000 148.000000 15.827000 17.254000
5484.000000 148.000000 15.713000 17.140000
5496.000000 148.000000 15.584500 17.036500
5508.000000 148.000000 15.456000 16.933000
5520.000000 148.000000 15.327500 16.829500
5532.000000 148.000000 15.199000 16.726000
5544.000000 148.000000 15.070500 16.622500
5556.000000 148.000000 14.942000 16.519000
5568.000000 148.000000 14.813500 16.415500
5580.000000 148.000000 14.685000 16.312000
5592.000000 148.000000 14.556500 16.208500
5604.000000 148.000000 14.428000 16.105000
5616.000000 148.000000 14.299500 16.001500
5628.000000 148.000000 14.171000 15.898000
5484.000000 78.000000 16.541000 18.924000
5496.000000 78.000000 15.913000 19.152000
5508.000000 78.000000 14.985000 18.981000
5520.000000 78.000000 14.229000 18.867000
5532.000000 78.000000 13.772000 18.924000
5544.000000 78.000000 13.287000 18.924000
5556.000000 78.000000 12.702000 18.924000
5568.000000 78.000000 12.188000 18.810000
5580.000000 78.000000 11.717000 18.861300
5592.000000 78.000000 11.246000 18.912600
5604.000000 78.000000 10.775000 18.963900
5616.000000 78.000000 10.304000 19.015200
5628.000000 78.000000 9.833000 19.066500
5640.000000 78.000000 9.362000 19.117800
5652.000000 78.000000 8.891000 19.169100
5664.000000 78.000000 8.420000 19.220400
5676.000000 78.000000 7.949000 19.271700
5688.000000 78.000000 7.478000 19.323000
5700.000000 78.000000 7.007000 19.374300
5712.000000 78.000000 6.536000 19.425600
5484.000000 151.000000 16.213000 19.966000
5496.000000 151.000000 15.670000 19.966000
5508.000000 151.000000 14.900000 20.023000
5520.000000 151.000000 14.015000 20.251000
5532.000000 151.000000 13.158000 20.423000
5544.000000 151.000000 12.673000 20.651000
5556.000000 151.000000 12.216000 20.651000
5568.000000 151.000000 11.646000 20.423000
5580.000000 151.000000 10.975000 20.783000
5592.000000 151.000000 10.304000 21.143000
5604.000000 151.000000 9.633000 21.503000
5616.000000 151.000000 8.962000 21.863000
5628.000000 151.000000 8.291000 22.223000
5640.000000 151.000000 7.620000 22.583000
5652.000000 151.000000 6.949000 22.943000
5664.000000 151.000000 6.278000 23.303000
5676.000000 151.000000 5.607000 23.663000
5688.000000 151.000000 4.936000 24.023000
5700.000000 151.000000 4.265000 24.383000
5712.000000 151.000000 3.594000 24.743000
5556.000000 5.000000 15.642000 18.054000
5568.000000 5.000000 15.385000 18.225000
5580.000000 5.000000 15.099000 18.396000
5592.000000 5.000000 14.828000 18.567000
5604.000000 5.000000 14.557000 18.696000
5616.000000 5.000000 14.300000 18.924000
5628.000000 5.000000 14.015000 19.038000
5640.000000 5.000000 13.701000 19.167000
5652.000000 5.000000 13.437000 19.488300
5664.000000 5.000000 13.173000 19.809600
5676.000000 5.000000 12.909000 20.130900
5688.000000 5.000000 12.645000 20.452200
5700.000000 5.000000 12.381000 20.773500
5712.000000 5.000000 12.117000 21.094800
5724.000000 5.000000 11.853000 21.416100
5736.000000 5.000000 11.589000 21.737400
5748.000000 5.000000 11.325000 22.058700
5760.000000 5.000000 11.061000 22.380000
5772.000000 5.000000 10.797000 22.701300
5784.000000 5.000000 10.533000 23.022600
5580.000000 131.000000 16.170000 17.825000
5592.000000 131.000000 15.742000 17.483000
5604.000000 131.000000 15.428000 17.369000
5616.000000 131.000000 15.057000 17.369000
5628.000000 131.000000 14.800000 17.254000
5640.000000 131.000000 14.571000 17.254000
5652.000000 131.000000 14.300000 17.254000
5664.000000 131.000000 14.072000 17.254000
5676.000000 131.000000 13.829000 17.150500
5688.000000 131.000000 13.586000 17.047000
5700.000000 131.000000 13.343000 16.943500
5712.000000 131.000000 13.100000 16.840000
5724.000000 131.000000 12.857000 16.736500
5736.000000 131.000000 12.614000 16.633000
5748.000000 131.000000 12.371000 16.529500
5760.000000 131.000000 12.128000 16.426000
5772.000000 131.000000 11.885000 16.322500
5784.000000 131.000000 11.642000 16.219000
5796.000000 131.000000 11.399000 16.115500
5808.000000 131.000000 11.156000 16.012000
5640.000000 154.000000 13.344000 16.612000
5652.000000 154.000000 13.144000 16.555000
5664.000000 154.000000 12.973000 16.555000
5676.000000 154.000000 12.759000 16.498000
5688.000000 154.000000 12.573000 16.498000
5700.000000 154.000000 12.388000 16.441000
5712.000000 154.000000 12.159000 16.441000
5724.000000 154.000000 11.845000 16.441000
5736.000000 154.000000 11.659500 16.389700
5748.000000 154.000000 11.474000 16.338400
5760.000000 154.000000 11.288500 16.287100
5772.000000 154.000000 11.103000 16.235800
5784.000000 154.000000 10.917500 16.184500
5796.000000 154.000000 10.732000 16.133200
5808.000000 154.000000 10.546500 16.081900
5820.000000 154.000000 10.361000 16.030600
5832.000000 154.000000 10.175500 15.979300
5844.000000 154.000000 9.990000 15.928000
5856.000000 154.000000 9.804500 15.876700
5868.000000 154.000000 9.619000 15.825400
5724.000000 79.000000 4.039000 18.810000
5736.000000 79.000000 3.568000 18.810000
5748.000000 79.000000 3.040000 18.810000
5760.000000 79.000000 2.512000 18.810000
5772.000000 79.000000 2.041000 18.810000
5784.000000 79.000000 1.570000 18.810000
5796.000000 79.000000 0.999000 18.753000
5808.000000 79.000000 0.414000 18.624000
5820.000000 79.000000 -0.057000 18.624000
5832.000000 79.000000 -0.528000 18.624000
5844.000000 79.000000 -0.999000 18.624000
5856.000000 79.000000 -1.470000 18.624000
5868.000000 79.000000 -1.941000 18.624000
5880.000000 79.000000 -2.412000 18.624000
5892.000000 79.000000 -2.883000 18.624000
5904.000000 79.000000 -3.354000 18.624000
5916.000000 79.000000 -3.825000 18.624000
5928.000000 79.000000 -4.296000 18.624000
5940.000000 79.000000 -4.767000 18.624000
5952.000000 79.000000 -5.238000 18.624000
5724.000000 152.000000 3.967000 20.423000
5736.000000 152.000000 3.454000 20.537000
5748.000000 152.000000 2.997000 20.423000
5760.000000 152.000000 2.398000 20.423000
5772.000000 152.000000 1.884000 20.308000
5784.000000 152.000000 1.256000 20.308000
5796.000000 152.000000 0.628000 20.423000
5808.000000 152.000000 0.057000 20.423000
5820.000000 152.000000 -0.514000 20.319500
5832.000000 152.000000 -1.085000 20.216000
5844.000000 152.000000 -1.656000 20.112500
5856.000000 152.000000 -2.227000 20.009000
5868.000000 152.000000 -2.798000 19.905500
5880.000000 152.000000 -3.369000 19.802000
5892.000000 152.000000 -3.940000 19.698500
5904.000000 152.000000 -4.511000 19.595000
5916.000000 152.000000 -5.082000 19.491500
5928.000000 152.000000 -5.653000 19.388000
5940.000000 152.000000 -6.224000 19.284500
5952.000000 152.000000 -6.795000 19.181000
5736.000000 90.000000 -20.194000 13.358000
5748.000000 90.000000 -17.411000 12.559000
5760.000000 90.000000 -14.500000 12.331000
5772.000000 90.000000 -11.660000 12.502000
5784.000000 90.000000 -8.834000 12.673000
5796.000000 90.000000 -6.008000 12.902000
5808.000000 90.000000 -3.168000 13.144000
5820.000000 90.000000 -0.285000 13.372000
5832.000000 90.000000 2.541000 13.732000
5844.000000 90.000000 5.367000 14.092000
5856.000000 90.000000 8.193000 14.452000
5868.000000 90.000000 11.019000 14.812000
5880.000000 90.000000 13.845000 15.172000
5892.000000 90.000000 16.671000 15.532000
5904.000000 90.000000 19.497000 15.892000
5916.000000 90.000000 22.323000 16.252000
5928.000000 90.000000 25.149000 16.612000
5940.000000 90.000000 27.975000 16.972000
5952.000000 90.000000 30.801000 17.332000
5964.000000 90.000000 33.627000 17.692000
5796.000000 6.000000 10.033000 19.623000
5808.000000 6.000000 9.762000 19.623000
5820.000000 6.000000 9.505000 19.738000
5832.000000 6.000000 9.248000 19.738000
5844.000000 6.000000 8.991000 19.738000
5856.000000 6.000000 8.734000 19.852000
5868.000000 6.000000 8.449000 19.852000
5880.000000 6.000000 8.192000 19.966000
5892.000000 6.000000 7.935000 20.068600
5904.000000 6.000000 7.678000 20.171200
5916.000000 6.000000 7.421000 20.273800
5928.000000 6.000000 7.164000 20.376400
5940.000000 6.000000 6.907000 20.479000
5952.000000 6.000000 6.650000 20.581600
5964.000000 6.000000 6.393000 20.684200
5976.000000 6.000000 6.136000 20.786800
5988.000000 6.000000 5.879000 20.889400
6000.000000 6.000000 5.622000 20.992000
6012.000000 6.000000 5.365000 21.094600
6024.000000 6.000000 5.108000 21.197200
5820.000000 132.000000 10.347000 18.282000
5832.000000 132.000000 10.033000 18.282000
5844.000000 132.000000 9.747000 18.282000
5856.000000 132.000000 9.476000 18.282000
5868.000000 132.000000 9.191000 18.282000
5880.000000 132.000000 8.934000 18.282000
5892.000000 132.000000 8.649000 18.282000
5904.000000 132.000000 8.392000 18.396000
5916.000000 132.000000 8.121000 18.396000
5928.000000 132.000000 7.850000 18.396000
5940.000000 132.000000 7.579000 18.396000
5952.000000 132.000000 7.308000 18.396000
5964.000000 132.000000 7.037000 18.396000
5976.000000 132.000000 6.766000 18.396000
5988.000000 132.000000 6.495000 18.396000
6000.000000 132.000000 6.224000 18.396000
6012.000000 132.000000 5.953000 18.396000
6024.000000 132.000000 5.682000 18.396000
6036.000000 132.000000 5.411000 18.396000
6048.000000 132.000000 5.140000 18.396000
5880.000000 155.000000 7.749000 17.026000
5892.000000 155.000000 7.435000 17.026000
5904.000000 155.000000 7.122000 17.026000
5916.000000 155.000000 6.808000 17.026000
5928.000000 155.000000 6.494000 17.026000
5940.000000 155.000000 6.180000 17.026000
5952.000000 155.000000 5.866000 17.026000
5964.000000 155.000000 5.552000 17.026000
5976.000000 155.000000 5.238000 17.026000
5988.000000 155.000000 4.924000 17.026000
6000.000000 155.000000 4.610000 17.026000
6012.000000 155.000000 4.296000 17.026000
6024.000000 155.000000 3.982000 17.026000
6036.000000 155.000000 3.668000 17.026000
6048.000000 155.000000 3.354000 17.026000
6060.000000 155.000000 3.040000 17.026000
6072.000000 155.000000 2.726000 17.026000
6084.000000 155.000000 2.412000 17.026000
6096.000000 155.000000 2.098000 17.026000
6108.000000 155.000000 1.784000 17.026000
5964.000000 80.000000 -7.792000 18.681000
5976.000000 80.000000 -8.306000 18.810000
5988.000000 80.000000 -8.734000 18.924000
6000.000000 80.000000 -9.191000 18.681000
6012.000000 80.000000 -9.776000 18.624000
6024.000000 80.000000 -10.333000 18.624000
6036.000000 80.000000 -10.875000 18.567000
6048.000000 80.000000 -11.417000 18.567000
6060.000000 80.000000 -11.988000 18.515700
6072.000000 80.000000 -12.559000 18.464400
6084.000000 80.000000 -13.130000 18.413100
6096.000000 80.000000 -13.701000 18.361800
6108.000000 80.000000 -14.272000 18.310500
6120.000000 80.000000 -14.843000 18.259200
6132.000000 80.000000 -15.414000 18.207900
6144.000000 80.000000 -15.985000 18.156600
6156.000000 80.000000 -16.556000 18.105300
6168.000000 80.000000 -17.127000 18.054000
6180.000000 80.000000 -17.698000 18.002700
6192.000000 80.000000 -18.269000 17.951400
5964.000000 153.000000 -7.906000 20.423000
5976.000000 153.000000 -8.506000 20.423000
5988.000000 153.000000 -9.077000 20.537000
6000.000000 153.000000 -9.648000 20.651000
6012.000000 153.000000 -10.161000 20.480000
6024.000000 153.000000 -10.647000 20.366000
6036.000000 153.000000 -11.146000 20.251000
6048.000000 153.000000 -11.603000 20.137000
6060.000000 153.000000 -12.102500 19.880500
6072.000000 153.000000 -12.602000 19.624000
6084.000000 153.000000 -13.101500 19.367500
6096.000000 153.000000 -13.601000 19.111000
6108.000000 153.000000 -14.100500 18.854500
6120.000000 153.000000 -14.600000 18.598000
6132.000000 153.000000 -15.099500 18.341500
6144.000000 153.000000 -15.599000 18.085000
6156.000000 153.000000 -16.098500 17.828500
6168.000000 153.000000 -16.598000 17.572000
6180.000000 153.000000 -17.097500 17.315500
6192.000000 153.000000 -17.597000 17.059000
6000.000000 125.000000 6.779000 17.882000
6012.000000 125.000000 6.522000 17.768000
6024.000000 125.000000 6.265000 17.768000
6036.000000 125.000000 6.023000 17.768000
6048.000000 125.000000 5.794000 17.768000
6060.000000 125.000000 5.552000 17.711000
6072.000000 125.000000 5.295000 17.711000
6084.000000 125.000000 5.081000 17.711000
6096.000000 125.000000 4.845500 17.659700
6108.000000 125.000000 4.610000 17.608400
6120.000000 125.000000 4.374500 17.557100
6132.000000 125.000000 4.139000 17.505800
6144.000000 125.000000 3.903500 17.454500
6156.000000 125.000000 3.668000 17.403200
6168.000000 125.000000 3.432500 17.351900
6180.000000 125.000000 3.197000 17.300600
6192.000000 125.000000 2.961500 17.249300
6204.000000 125.000000 2.726000 17.198000
6216.000000 125.000000 2.490500 17.146700
6228.000000 125.000000 2.255000 17.095400
6036.000000 7.000000 5.423000 19.623000
6048.000000 7.000000 5.266000 19.566000
6060.000000 7.000000 5.138000 19.452000
6072.000000 7.000000 5.009000 19.395000
6084.000000 7.000000 4.838000 19.338000
6096.000000 7.000000 4.724000 19.281000
6108.000000 7.000000 4.581000 19.224000
6120.000000 7.000000 4.524000 19.110000
6132.000000 7.000000 4.381500 19.007400
6144.000000 7.000000 4.239000 18.904800
6156.000000 7.000000 4.096500 18.802200
6168.000000 7.000000 3.954000 18.699600
6180.000000 7.000000 3.811500 18.597000
6192.000000 7.000000 3.669000 18.494400
6204.000000 7.000000 3.526500 18.391800
6216.000000 7.000000 3.384000 18.289200
6228.000000 7.000000 3.241500 18.186600
6240.000000 7.000000 3.099000 18.084000
6252.000000 7.000000 2.956500 17.981400
6264.000000 7.000000 2.814000 17.878800
6060.000000 133.000000 5.309000 18.168000
6072.000000 133.000000 5.052000 18.111000
6084.000000 133.000000 4.824000 18.111000
6096.000000 133.000000 4.524000 18.054000
6108.000000 133.000000 4.324000 18.054000
6120.000000 133.000000 4.110000 18.054000
6132.000000 133.000000 3.839000 18.054000
6144.000000 133.000000 3.639000 18.168000
6156.000000 133.000000 3.432000 18.168000
6168.000000 133.000000 3.225000 18.168000
6180.000000 133.000000 3.018000 18.168000
6192.000000 133.000000 2.811000 18.168000
6204.000000 133.000000 2.604000 18.168000
6216.000000 133.000000 2.397000 18.168000
6228.000000 133.000000 2.190000 18.168000
6240.000000 133.000000 1.983000 18.168000
6252.000000 133.000000 1.776000 18.168000
6264.000000 133.000000 1.569000 18.168000
6276.000000 133.000000 1.362000 18.168000
6288.000000 133.000000 1.155000 18.168000
6120.000000 156.000000 2.369000 17.369000
6132.000000 156.000000 2.112000 17.369000
6144.000000 156.000000 1.855000 17.369000
6156.000000 156.000000 1.598000 17.369000
6168.000000 156.000000 1.342000 17.369000
6180.000000 156.000000 1.227000 17.254000
6192.000000 156.000000 1.113000 17.254000
6204.000000 156.000000 1.028000 17.254000
6216.000000 156.000000 0.842500 17.150500
6228.000000 156.000000 0.657000 17.047000
6240.000000 156.000000 0.471500 16.943500
6252.000000 156.000000 0.286000 16.840000
6264.000000 156.000000 0.100500 16.736500
6276.000000 156.000000 -0.085000 16.633000
6288.000000 156.000000 -0.270500 16.529500
6300.000000 156.000000 -0.456000 16.426000
6312.000000 156.000000 -0.641500 16.322500
6324.000000 156.000000 -0.827000 16.219000
6336.000000 156.000000 -1.012500 16.115500
6348.000000 156.000000 -1.198000 16.012000
6240.000000 126.000000 1.784000 17.711000
6252.000000 126.000000 1.513000 17.825000
6264.000000 126.000000 1.413000 17.825000
6276.000000 126.000000 1.313000 17.825000
6288.000000 126.000000 1.199000 17.825000
6300.000000 126.000000 1.099000 17.825000
6312.000000 126.000000 0.999000 17.825000
6324.000000 126.000000 0.885000 17.825000
6336.000000 126.000000 0.778000 17.825000
6348.000000 126.000000 0.671000 17.825000
6360.000000 126.000000 0.564000 17.825000
6372.000000 126.000000 0.457000 17.825000
6384.000000 126.000000 0.350000 17.825000
6396.000000 126.000000 0.243000 17.825000
6408.000000 126.000000 0.136000 17.825000
6420.000000 126.000000 0.029000 17.825000
6432.000000 126.000000 -0.078000 17.825000
6444.000000 126.000000 -0.185000 17.825000
6456.000000 126.000000 -0.292000 17.825000
6468.000000 126.000000 -0.399000 17.825000
6276.000000 8.000000 4.096000 18.624000
6288.000000 8.000000 4.096000 18.624000
6300.000000 8.000000 4.096000 18.624000
6312.000000 8.000000 4.096000 18.624000
6324.000000 8.000000 4.096000 18.624000
6336.000000 8.000000 4.096000 18.624000
6348.000000 8.000000 4.096000 18.624000
6360.000000 8.000000 4.096000 18.624000
6372.000000 8.000000 4.096000 18.624000
6384.000000 8.000000 4.096000 18.624000
6396.000000 8.000000 4.096000 18.624000
6408.000000 8.000000 4.096000 18.624000
6420.000000 8.000000 4.096000 18.624000
6432.000000 8.000000 4.096000 18.624000
6444.000000 8.000000 4.096000 18.624000
6456.000000 8.000000 4.096000 18.624000
6468.000000 8.000000 4.096000 18.624000
6480.000000 8.000000 4.096000 18.624000
6492.000000 8.000000 4.096000 18.624000
6504.000000 8.000000 4.096000 18.624000
6300.000000 134.000000 1.227000 18.525000
6312.000000 134.000000 1.070000 18.525000
6324.000000 134.000000 0.970000 18.525000
6336.000000 134.000000 0.813000 18.525000
6348.000000 134.000000 0.699000 18.525000
6360.000000 134.000000 0.599000 18.525000
6372.000000 134.000000 0.442000 18.525000
6384.000000 134.000000 0.328000 18.525000
6396.000000 134.000000 0.221000 18.525000
6408.000000 134.000000 0.114000 18.525000
6420.000000 134.000000 0.007000 18.525000
6432.000000 134.000000 -0.100000 18.525000
6444.000000 134.000000 -0.207000 18.525000
6456.000000 134.000000 -0.314000 18.525000
6468.000000 134.000000 -0.421000 18.525000
6480.000000 134.000000 -0.528000 18.525000
6492.000000 134.000000 -0.635000 18.525000
6504.000000 134.000000 -0.742000 18.525000
6516.000000 134.000000 -0.849000 18.525000
6528.000000 134.000000 -0.956000 18.525000
6360.000000 157.000000 -0.714000 17.483000
6372.000000 157.000000 -0.856000 17.540000
6384.000000 157.000000 -1.056000 17.540000
6396.000000 157.000000 -1.199000 17.540000
6408.000000 157.000000 -1.370000 17.654000
6420.000000 157.000000 -1.513000 17.654000
6432.000000 157.000000 -1.684000 17.654000
6444.000000 157.000000 -1.884000 17.654000
6456.000000 157.000000 -2.041000 17.756600
6468.000000 157.000000 -2.198000 17.859200
6480.000000 157.000000 -2.355000 17.961800
6492.000000 157.000000 -2.512000 18.064400
6504.000000 157.000000 -2.669000 18.167000
6516.000000 157.000000 -2.826000 18.269600
6528.000000 157.000000 -2.983000 18.372200
6540.000000 157.000000 -3.140000 18.474800
6552.000000 157.000000 -3.297000 18.577400
6564.000000 157.000000 -3.454000 18.680000
6576.000000 157.000000 -3.611000 18.782600
6588.000000 157.000000 -3.768000 18.885200
6420.000000 128.000000 16.840000 19.566000
6432.000000 128.000000 16.241000 19.566000
6444.000000 128.000000 15.770000 19.680000
6456.000000 128.000000 15.299000 19.680000
6468.000000 128.000000 14.728000 19.680000
6480.000000 128.000000 14.043000 19.566000
6492.000000 128.000000 13.415000 19.566000
6504.000000 128.000000 12.573000 19.509000
6516.000000 128.000000 11.945000 19.406400
6528.000000 128.000000 11.317000 19.303800
6540.000000 128.000000 10.689000 19.201200
6552.000000 128.000000 10.061000 19.098600
6564.000000 128.000000 9.433000 18.996000
6576.000000 128.000000 8.805000 18.893400
6588.000000 128.000000 8.177000 18.790800
6600.000000 128.000000 7.549000 18.688200
6612.000000 128.000000 6.921000 18.585600
6624.000000 128.000000 6.293000 18.483000
6636.000000 128.000000 5.665000 18.380400
6648.000000 128.000000 5.037000 18.277800
6480.000000 127.000000 -1.841000 17.939000
6492.000000 127.000000 -2.155000 17.939000
6504.000000 127.000000 -2.498000 18.054000
6516.000000 127.000000 -2.811000 18.054000
6528.000000 127.000000 -3.154000 18.054000
6540.000000 127.000000 -3.468000 18.054000
6552.000000 127.000000 -3.811000 18.054000
6564.000000 127.000000 -4.096000 18.054000
6576.000000 127.000000 -4.424500 18.054000
6588.000000 127.000000 -4.753000 18.054000
6600.000000 127.000000 -5.081500 18.054000
6612.000000 127.000000 -5.410000 18.054000
6624.000000 127.000000 -5.738500 18.054000
6636.000000 127.000000 -6.067000 18.054000
6648.000000 127.000000 -6.395500 18.054000
6660.000000 127.000000 -6.724000 18.054000
6672.000000 127.000000 -7.052500 18.054000
6684.000000 127.000000 -7.381000 18.054000
6696.000000 127.000000 -7.709500 18.054000
6708.000000 127.000000 -8.038000 18.054000
6516.000000 9.000000 3.896000 18.624000
6528.000000 9.000000 3.796000 18.624000
6540.000000 9.000000 3.696000 18.624000
6552.000000 9.000000 3.554000 18.624000
6564.000000 9.000000 3.454000 18.624000
6576.000000 9.000000 3.354000 18.696000
6588.000000 9.000000 3.240000 18.696000
6600.000000 9.000000 3.111000 18.753000
6612.000000 9.000000 3.011000 18.817800
6624.000000 9.000000 2.911000 18.882600
6636.000000 9.000000 2.811000 18.947400
6648.000000 9.000000 2.711000 19.012200
6660.000000 9.000000 2.611000 19.077000
6672.000000 9.000000 2.511000 19.141800
6684.000000 9.000000 2.411000 19.206600
6696.000000 9.000000 2.311000 19.271400
6708.000000 9.000000 2.211000 19.336200
6720.000000 9.000000 2.111000 19.401000
6732.000000 9.000000 2.011000 19.465800
6744.000000 9.000000 1.911000 19.530600
6540.000000 135.000000 -3.225000 18.753000
6552.000000 135.000000 -3.511000 18.753000
6564.000000 135.000000 -3.796000 18.753000
6576.000000 135.000000 -4.110000 18.753000
6588.000000 135.000000 -4.381000 18.867000
6600.000000 135.000000 -4.667000 18.867000
6612.000000 135.000000 -4.981000 18.867000
6624.000000 135.000000 -5.280000 18.867000
6636.000000 135.000000 -5.558500 18.969600
6648.000000 135.000000 -5.837000 19.072200
6660.000000 135.000000 -6.115500 19.174800
6672.000000 135.000000 -6.394000 19.277400
6684.000000 135.000000 -6.672500 19.380000
6696.000000 135.000000 -6.951000 19.482600
6708.000000 135.000000 -7.229500 19.585200
6720.000000 135.000000 -7.508000 19.687800
6732.000000 135.000000 -7.786500 19.790400
6744.000000 135.000000 -8.065000 19.893000
6756.000000 135.000000 -8.343500 19.995600
6768.000000 135.000000 -8.622000 20.098200
6600.000000 158.000000 -6.579000 17.426000
6612.000000 158.000000 -6.965000 17.426000
6624.000000 158.000000 -7.364000 17.426000
6636.000000 158.000000 -7.764000 17.426000
6648.000000 158.000000 -8.178000 17.426000
6660.000000 158.000000 -8.549000 17.426000
6672.000000 158.000000 -8.948000 17.426000
6684.000000 158.000000 -10.276000 17.654000
6696.000000 158.000000 -10.668500 17.654000
6708.000000 158.000000 -11.061000 17.654000
6720.000000 158.000000 -11.453500 17.654000
6732.000000 158.000000 -11.846000 17.654000
6744.000000 158.000000 -12.238500 17.654000
6756.000000 158.000000 -12.631000 17.654000
6768.000000 158.000000 -13.023500 17.654000
6780.000000 158.000000 -13.416000 17.654000
6792.000000 158.000000 -13.808500 17.654000
6804.000000 158.000000 -14.201000 17.654000
6816.000000 158.000000 -14.593500 17.654000
6828.000000 158.000000 -14.986000 17.654000
6660.000000 129.000000 2.412000 19.680000
6672.000000 129.000000 1.299000 19.795000
6684.000000 129.000000 0.157000 20.023000
6696.000000 129.000000 -1.042000 20.251000
6708.000000 129.000000 -1.527000 20.251000
6720.000000 129.000000 -1.898000 20.137000
6732.000000 129.000000 -2.312000 20.137000
6744.000000 129.000000 -2.726000 20.023000
6756.000000 129.000000 -3.154000 19.920400
6768.000000 129.000000 -3.582000 19.817800
6780.000000 129.000000 -4.010000 19.715200
6792.000000 129.000000 -4.438000 19.612600
6804.000000 129.000000 -4.866000 19.510000
6816.000000 129.000000 -5.294000 19.407400
6828.000000 129.000000 -5.722000 19.304800
6840.000000 129.000000 -6.150000 19.202200
6852.000000 129.000000 -6.578000 19.099600
6864.000000 129.000000 -7.006000 18.997000
6876.000000 129.000000 -7.434000 18.894400
6888.000000 129.000000 -7.862000 18.791800
6720.000000 130.000000 -10.233000 18.111000
6732.000000 130.000000 -10.176000 17.996000
6744.000000 130.000000 -10.176000 17.882000
6756.000000 130.000000 -10.119000 17.768000
6768.000000 130.000000 -10.119000 17.654000
6780.000000 130.000000 -10.061000 17.654000
6792.000000 130.000000 -10.061000 17.540000
6804.000000 130.000000 -10.318000 17.540000
6816.000000 130.000000 -10.289000 17.437400
6828.000000 130.000000 -10.260000 17.334800
6840.000000 130.000000 -10.231000 17.232200
6852.000000 130.000000 -10.202000 17.129600
6864.000000 130.000000 -10.173000 17.027000
6876.000000 130.000000 -10.144000 16.924400
6888.000000 130.000000 -10.115000 16.821800
6900.000000 130.000000 -10.086000 16.719200
6912.000000 130.000000 -10.057000 16.616600
6924.000000 130.000000 -10.028000 16.514000
6936.000000 130.000000 -9.999000 16.411400
6948.000000 130.000000 -9.970000 16.308800
6756.000000 10.000000 3.625000 18.924000
6768.000000 10.000000 3.882000 18.924000
6780.000000 10.000000 4.139000 18.924000
6792.000000 10.000000 3.967000 18.924000
6804.000000 10.000000 3.711000 18.924000
6816.000000 10.000000 3.397000 18.924000
6828.000000 10.000000 3.140000 18.924000
6840.000000 10.000000 2.826000 18.810000
6852.000000 10.000000 2.541000 18.810000
6864.000000 10.000000 2.256000 18.810000
6876.000000 10.000000 1.971000 18.810000
6888.000000 10.000000 1.686000 18.810000
6900.000000 10.000000 1.401000 18.810000
6912.000000 10.000000 1.116000 18.810000
6924.000000 10.000000 0.831000 18.810000
6936.000000 10.000000 0.546000 18.810000
6948.000000 10.000000 0.261000 18.810000
6960.000000 10.000000 -0.024000 18.810000
6972.000000 10.000000 -0.309000 18.810000
6984.000000 10.000000 -0.594000 18.810000
6780.000000 140.000000 -9.762000 18.981000
6792.000000 140.000000 -9.705000 18.981000
6804.000000 140.000000 -9.962000 18.867000
6816.000000 140.000000 -10.333000 18.867000
6828.000000 140.000000 -10.647000 18.867000
6840.000000 140.000000 -11.018000 18.753000
6852.000000 140.000000 -11.374000 18.753000
6864.000000 140.000000 -11.731000 18.639000
6876.000000 140.000000 -12.073500 18.536400
6888.000000 140.000000 -12.416000 18.433800
6900.000000 140.000000 -12.758500 18.331200
6912.000000 140.000000 -13.101000 18.228600
6924.000000 140.000000 -13.443500 18.126000
6936.000000 140.000000 -13.786000 18.023400
6948.000000 140.000000 -14.128500 17.920800
6960.000000 140.000000 -14.471000 17.818200
6972.000000 140.000000 -14.813500 17.715600
6984.000000 140.000000 -15.156000 17.613000
6996.000000 140.000000 -15.498500 17.510400
7008.000000 140.000000 -15.841000 17.407800
6840.000000 159.000000 -12.902000 17.083000
6852.000000 159.000000 -13.215000 17.083000
6864.000000 159.000000 -13.572000 17.083000
6876.000000 159.000000 -13.901000 17.083000
6888.000000 159.000000 -14.257000 17.083000
6900.000000 159.000000 -14.628000 17.083000
6912.000000 159.000000 -14.942000 17.083000
6924.000000 159.000000 -15.299000 17.083000
6936.000000 159.000000 -15.662500 17.083000
6948.000000 159.000000 -16.026000 17.083000
6960.000000 159.000000 -16.389500 17.083000
6972.000000 159.000000 -16.753000 17.083000
6984.000000 159.000000 -17.116500 17.083000
6996.000000 159.000000 -17.480000 17.083000
7008.000000 159.000000 -17.843500 17.083000
7020.000000 159.000000 -18.207000 17.083000
7032.000000 159.000000 -18.570500 17.083000
7044.000000 159.000000 -18.934000 17.083000
7056.000000 159.000000 -19.297500 17.083000
7068.000000 159.000000 -19.661000 17.083000
6996.000000 11.000000 -0.942000 18.567000
7008.000000 11.000000 -1.227000 18.510000
7020.000000 11.000000 -1.541000 18.510000
7032.000000 11.000000 -1.855000 18.510000
7044.000000 11.000000 -2.141000 18.567000
7056.000000 11.000000 -2.469000 18.567000
7068.000000 11.000000 -2.811000 18.624000
7080.000000 11.000000 -3.125000 18.624000
7092.000000 11.000000 -3.432000 18.675300
7104.000000 11.000000 -3.739000 18.726600
7116.000000 11.000000 -4.046000 18.777900
7128.000000 11.000000 -4.353000 18.829200
7140.000000 11.000000 -4.660000 18.880500
7152.000000 11.000000 -4.967000 18.931800
7164.000000 11.000000 -5.274000 18.983100
7176.000000 11.000000 -5.581000 19.034400
7188.000000 11.000000 -5.888000 19.085700
7200.000000 11.000000 -6.195000 19.137000
7212.000000 11.000000 -6.502000 19.188300
7224.000000 11.000000 -6.809000 19.239600
7140.000000 23.000000 15.713000 21.350000
7152.000000 23.000000 15.199000 21.008000
7164.000000 23.000000 14.671000 20.779000
7176.000000 23.000000 14.143000 20.437000
7188.000000 23.000000 13.672000 20.194000
7200.000000 23.000000 13.144000 19.966000
7212.000000 23.000000 12.630000 19.623000
7224.000000 23.000000 12.159000 19.381000
7236.000000 23.000000 11.659500 18.957100
7248.000000 23.000000 11.160000 18.533200
7260.000000 23.000000 10.660500 18.109300
7272.000000 23.000000 10.161000 17.685400
7284.000000 23.000000 9.661500 17.261500
7296.000000 23.000000 9.162000 16.837600
7308.000000 23.000000 8.662500 16.413700
7320.000000 23.000000 8.163000 15.989800
7332.000000 23.000000 7.663500 15.565900
7344.000000 23.000000 7.164000 15.142000
7356.000000 23.000000 6.664500 14.718100
7368.000000 23.000000 6.165000 14.294200
7236.000000 12.000000 -7.150000 18.924000
7248.000000 12.000000 -7.478000 18.924000
7260.000000 12.000000 -7.792000 18.924000
7272.000000 12.000000 -8.106000 18.981000
7284.000000 12.000000 -8.420000 18.981000
7296.000000 12.000000 -8.706000 19.038000
7308.000000 12.000000 -9.048000 19.038000
7320.000000 12.000000 -9.362000 19.038000
7332.000000 12.000000 -9.662000 19.089300
7344.000000 12.000000 -9.962000 19.140600
7356.000000 12.000000 -10.262000 19.191900
7368.000000 12.000000 -10.562000 19.243200
7380.000000 12.000000 -10.862000 19.294500
7392.000000 12.000000 -11.162000 19.345800
7404.000000 12.000000 -11.462000 19.397100
7416.000000 12.000000 -11.762000 19.448400
7428.000000 12.000000 -12.062000 19.499700
7440.000000 12.000000 -12.362000 19.551000
7452.000000 12.000000 -12.662000 19.602300
7464.000000 12.000000 -12.962000 19.653600
7380.000000 24.000000 4.082000 18.696000
7392.000000 24.000000 3.454000 18.696000
7404.000000 24.000000 2.783000 18.696000
7416.000000 24.000000 2.141000 18.696000
7428.000000 24.000000 1.513000 18.696000
7440.000000 24.000000 0.885000 18.696000
7452.000000 24.000000 0.214000 18.696000
7464.000000 24.000000 -0.414000 18.696000
7476.000000 24.000000 -1.042000 18.696000
7488.000000 24.000000 -1.670000 18.696000
7500.000000 24.000000 -2.298000 18.696000
7512.000000 24.000000 -2.926000 18.696000
7524.000000 24.000000 -3.554000 18.696000
7536.000000 24.000000 -4.182000 18.696000
7548.000000 24.000000 -4.810000 18.696000
7560.000000 24.000000 -5.438000 18.696000
7572.000000 24.000000 -6.066000 18.696000
7584.000000 24.000000 -6.694000 18.696000
7596.000000 24.000000 -7.322000 18.696000
7608.000000 24.000000 -7.950000 18.696000
7476.000000 13.000000 -13.401000 19.324000
7488.000000 13.000000 -13.715000 19.324000
7500.000000 13.000000 -13.744000 19.381000
7512.000000 13.000000 -14.257000 19.152000
7524.000000 13.000000 -14.728000 18.924000
7536.000000 13.000000 -15.256000 18.739000
7548.000000 13.000000 -15.656000 18.624000
7560.000000 13.000000 -16.013000 18.624000
7572.000000 13.000000 -16.512500 18.252300
7584.000000 13.000000 -17.012000 17.880600
7596.000000 13.000000 -17.511500 17.508900
7608.000000 13.000000 -18.011000 17.137200
7620.000000 13.000000 -18.510500 16.765500
7632.000000 13.000000 -19.010000 16.393800
7644.000000 13.000000 -19.509500 16.022100
7656.000000 13.000000 -20.009000 15.650400
7668.000000 13.000000 -20.508500 15.278700
7680.000000 13.000000 -21.008000 14.907000
7692.000000 13.000000 -21.507500 14.535300
7704.000000 13.000000 -22.007000 14.163600
7620.000000 38.000000 2.740000 38.576000
7632.000000 38.000000 3.054000 38.119000
7644.000000 38.000000 3.425000 37.891000
7656.000000 38.000000 3.768000 37.663000
7668.000000 38.000000 4.110000 37.377000
7680.000000 38.000000 4.481000 37.092000
7692.000000 38.000000 4.852000 36.863000
7704.000000 38.000000 5.209000 36.549000
7716.000000 38.000000 5.565500 36.035100
7728.000000 38.000000 5.922000 35.521200
7740.000000 38.000000 6.278500 35.007300
7752.000000 38.000000 6.635000 34.493400
7764.000000 38.000000 6.991500 33.979500
7776.000000 38.000000 7.348000 33.465600
7788.000000 38.000000 7.704500 32.951700
7800.000000 38.000000 8.061000 32.437800
7812.000000 38.000000 8.417500 31.923900
7824.000000 38.000000 8.774000 31.410000
7836.000000 38.000000 9.130500 30.896100
7848.000000 38.000000 9.487000 30.382200
7716.000000 14.000000 -19.752000 19.110000
7728.000000 14.000000 -19.809000 19.110000
7740.000000 14.000000 -19.837000 19.109000
7752.000000 14.000000 -19.827000 19.104000
7764.000000 14.000000 -19.818000 19.099000
7776.000000 14.000000 -19.809000 19.094000
7788.000000 14.000000 -19.800000 19.089000
7800.000000 14.000000 -19.791000 19.083000
7812.000000 14.000000 -19.782000 19.074000
7824.000000 14.000000 -19.773000 19.065000
7836.000000 14.000000 -19.764000 19.056000
7848.000000 14.000000 -19.755000 19.047000
7860.000000 14.000000 -19.746000 19.038000
7872.000000 14.000000 -19.737000 19.029000
7884.000000 14.000000 -19.728000 19.020000
7896.000000 14.000000 -19.719000 19.011000
7908.000000 14.000000 -19.710000 19.002000
7920.000000 14.000000 -19.701000 18.993000
7932.000000 14.000000 -19.692000 18.984000
7944.000000 14.000000 -19.683000 18.975000
7860.000000 39.000000 9.962000 34.951000
7872.000000 39.000000 10.318000 34.951000
7884.000000 39.000000 10.746000 34.951000
7896.000000 39.000000 11.160000 34.951000
7908.000000 39.000000 11.574000 34.951000
7920.000000 39.000000 12.002000 34.951000
7932.000000 39.000000 12.416000 34.837000
7944.000000 39.000000 12.787000 34.837000
7956.000000 39.000000 13.208000 34.837000
7968.000000 39.000000 13.629000 34.837000
7980.000000 39.000000 14.050000 34.837000
7992.000000 39.000000 14.471000 34.837000
8004.000000 39.000000 14.892000 34.837000
8016.000000 39.000000 15.313000 34.837000
8028.000000 39.000000 15.734000 34.837000
8040.000000 39.000000 16.155000 34.837000
8052.000000 39.000000 16.576000 34.837000
8064.000000 39.000000 16.997000 34.837000
8076.000000 39.000000 17.418000 34.837000
8088.000000 39.000000 17.839000 34.837000
7956.000000 15.000000 -19.672000 19.016000
7968.000000 15.000000 -19.663000 19.011000
7980.000000 15.000000 -19.654000 19.005000
7992.000000 15.000000 -19.645000 19.000000
8004.000000 15.000000 -19.636000 18.995000
8016.000000 15.000000 -19.627000 18.990000
8028.000000 15.000000 -19.617000 18.985000
8040.000000 15.000000 -19.608000 18.980000
8052.000000 15.000000 -19.599000 18.971000
8064.000000 15.000000 -19.590000 18.962000
8076.000000 15.000000 -19.581000 18.953000
8088.000000 15.000000 -19.572000 18.944000
8100.000000 15.000000 -19.563000 18.935000
8112.000000 15.000000 -19.554000 18.926000
8124.000000 15.000000 -19.545000 18.917000
8136.000000 15.000000 -19.536000 18.908000
8148.000000 15.000000 -19.527000 18.899000
8160.000000 15.000000 -19.518000 18.890000
8172.000000 15.000000 -19.509000 18.881000
8184.000000 15.000000 -19.500000 18.872000
8004.000000 37.000000 11.003000 35.750000
8016.000000 37.000000 11.317000 35.750000
8028.000000 37.000000 11.631000 35.750000
8040.000000 37.000000 11.945000 35.636000
8052.000000 37.000000 12.202000 35.522000
8064.000000 37.000000 12.673000 35.522000
8076.000000 37.000000 13.158000 35.522000
8088.000000 37.000000 13.315000 35.522000
8100.000000 37.000000 13.679000 35.419400
8112.000000 37.000000 14.043000 35.316800
8124.000000 37.000000 14.407000 35.214200
8136.000000 37.000000 14.771000 35.111600
8148.000000 37.000000 15.135000 35.009000
8160.000000 37.000000 15.499000 34.906400
8172.000000 37.000000 15.863000 34.803800
8184.000000 37.000000 16.227000 34.701200
8196.000000 37.000000 16.591000 34.598600
8208.000000 37.000000 16.955000 34.496000
8220.000000 37.000000 17.319000 34.393400
8232.000000 37.000000 17.683000 34.290800
8052.000000 81.000000 16.555000 6.379000
8064.000000 81.000000 15.984000 6.379000
8076.000000 81.000000 15.413000 6.379000
8088.000000 81.000000 14.828000 6.379000
8100.000000 81.000000 14.243000 6.379000
8112.000000 81.000000 13.672000 6.379000
8124.000000 81.000000 13.101000 6.379000
8136.000000 81.000000 12.530000 6.379000
8148.000000 81.000000 11.952000 6.379000
8160.000000 81.000000 11.374000 6.379000
8172.000000 81.000000 10.796000 6.379000
8184.000000 81.000000 10.218000 6.379000
8196.000000 81.000000 9.640000 6.379000
8208.000000 81.000000 9.062000 6.379000
8220.000000 81.000000 8.484000 6.379000
8232.000000 81.000000 7.906000 6.379000
8244.000000 81.000000 7.328000 6.379000
8256.000000 81.000000 6.750000 6.379000
8268.000000 81.000000 6.172000 6.379000
8280.000000 81.000000 5.594000 6.379000
8196.000000 16.000000 -19.489000 18.912000
8208.000000 16.000000 -19.480000 18.907000
8220.000000 16.000000 -19.471000 18.902000
8232.000000 16.000000 -19.462000 18.897000
8244.000000 16.000000 -19.453000 18.892000
8256.000000 16.000000 -19.444000 18.886000
8268.000000 16.000000 -19.434000 18.881000
8280.000000 16.000000 -19.425000 18.876000
8292.000000 16.000000 -19.416000 18.866100
8304.000000 16.000000 -19.407000 18.856200
8316.000000 16.000000 -19.398000 18.846300
8328.000000 16.000000 -19.389000 18.836400
8340.000000 16.000000 -19.380000 18.826500
8352.000000 16.000000 -19.371000 18.816600
8364.000000 16.000000 -19.362000 18.806700
8376.000000 16.000000 -19.353000 18.796800
8388.000000 16.000000 -19.344000 18.786900
8400.000000 16.000000 -19.335000 18.777000
8412.000000 16.000000 -19.326000 18.767100
8424.000000 16.000000 -19.317000 18.757200
8292.000000 82.000000 4.767000 6.265000
8304.000000 82.000000 4.139000 6.265000
8316.000000 82.000000 3.511000 6.265000
8328.000000 82.000000 2.883000 6.265000
8340.000000 82.000000 2.312000 6.265000
8352.000000 82.000000 1.727000 6.265000
8364.000000 82.000000 1.142000 6.265000
8376.000000 82.000000 0.628000 6.379000
8388.000000 82.000000 0.050000 6.379000
8400.000000 82.000000 -0.528000 6.379000
8412.000000 82.000000 -1.106000 6.379000
8424.000000 82.000000 -1.684000 6.379000
8436.000000 82.000000 -2.262000 6.379000
8448.000000 82.000000 -2.840000 6.379000
8460.000000 82.000000 -3.418000 6.379000
8472.000000 82.000000 -3.996000 6.379000
8484.000000 82.000000 -4.574000 6.379000
8496.000000 82.000000 -5.152000 6.379000
8508.000000 82.000000 -5.730000 6.379000
8520.000000 82.000000 -6.308000 6.379000
8436.000000 17.000000 -12.074000 19.224000
8448.000000 17.000000 -11.446000 19.224000
8460.000000 17.000000 -10.818000 19.224000
8472.000000 17.000000 -10.190000 19.224000
8484.000000 17.000000 -9.562000 19.224000
8496.000000 17.000000 -8.934000 19.224000
8508.000000 17.000000 -8.363000 19.053000
8520.000000 17.000000 -7.749000 18.867000
8532.000000 17.000000 -7.121000 18.867000
8544.000000 17.000000 -6.493000 18.867000
8556.000000 17.000000 -5.865000 18.867000
8568.000000 17.000000 -5.237000 18.867000
8580.000000 17.000000 -4.609000 18.867000
8592.000000 17.000000 -3.981000 18.867000
8604.000000 17.000000 -3.353000 18.867000
8616.000000 17.000000 -2.725000 18.867000
8628.000000 17.000000 -2.097000 18.867000
8640.000000 17.000000 -1.469000 18.867000
8652.000000 17.000000 -0.841000 18.867000
8664.000000 17.000000 -0.213000 18.867000
8532.000000 83.000000 -7.179000 6.551000
8544.000000 83.000000 -7.807000 6.322000
8556.000000 83.000000 -8.377000 5.980000
8568.000000 83.000000 -9.005000 5.923000
8580.000000 83.000000 -9.662000 5.980000
8592.000000 83.000000 -10.304000 6.037000
8604.000000 83.000000 -10.961000 6.094000
8616.000000 83.000000 -11.589000 6.037000
8628.000000 83.000000 -12.238500 6.139600
8640.000000 83.000000 -12.888000 6.242200
8652.000000 83.000000 -13.537500 6.344800
8664.000000 83.000000 -14.187000 6.447400
8676.000000 83.000000 -14.836500 6.550000
8688.000000 83.000000 -15.486000 6.652600
8700.000000 83.000000 -16.135500 6.755200
8712.000000 83.000000 -16.785000 6.857800
8724.000000 83.000000 -17.434500 6.960400
8736.000000 83.000000 -18.084000 7.063000
8748.000000 83.000000 -18.733500 7.165600
8760.000000 83.000000 -19.383000 7.268200
8676.000000 18.000000 0.271000 18.339000
8688.000000 18.000000 0.842000 18.339000
8700.000000 18.000000 1.470000 18.225000
8712.000000 18.000000 2.098000 18.225000
8724.000000 18.000000 2.669000 18.225000
8736.000000 18.000000 3.297000 18.339000
8748.000000 18.000000 3.868000 18.453000
8760.000000 18.000000 4.453000 18.567000
8772.000000 18.000000 5.052500 18.669600
8784.000000 18.000000 5.652000 18.772200
8796.000000 18.000000 6.251500 18.874800
8808.000000 18.000000 6.851000 18.977400
8820.000000 18.000000 7.450500 19.080000
8832.000000 18.000000 8.050000 19.182600
8844.000000 18.000000 8.649500 19.285200
8856.000000 18.000000 9.249000 19.387800
8868.000000 18.000000 9.848500 19.490400
8880.000000 18.000000 10.448000 19.593000
8892.000000 18.000000 11.047500 19.695600
8904.000000 18.000000 11.647000 19.798200
8820.000000 2.000000 16.113000 23.719000
8832.000000 2.000000 16.041000 22.906000
8844.000000 2.000000 15.956000 22.107000
8856.000000 2.000000 15.899000 21.365000
8868.000000 2.000000 15.827000 20.537000
8880.000000 2.000000 15.770000 19.852000
8892.000000 2.000000 15.456000 19.167000
8904.000000 2.000000 15.142000 18.453000
8916.000000 2.000000 15.077500 17.091300
8928.000000 2.000000 15.013000 15.729600
8940.000000 2.000000 14.948500 14.367900
8952.000000 2.000000 14.884000 13.006200
8964.000000 2.000000 14.819500 11.644500
8976.000000 2.000000 14.755000 10.282800
8988.000000 2.000000 14.690500 8.921100
9000.000000 2.000000 14.626000 7.559400
9012.000000 2.000000 14.561500 6.197700
9024.000000 2.000000 14.497000 4.836000
9036.000000 2.000000 14.432500 3.474300
9048.000000 2.000000 14.368000 2.112600
9060.000000 3.000000 11.060000 10.946000
9072.000000 3.000000 10.433000 10.375000
9084.000000 3.000000 9.862000 9.904000
9096.000000 3.000000 9.248000 9.319000
9108.000000 3.000000 8.663000 8.748000
9120.000000 3.000000 8.035000 8.178000
9132.000000 3.000000 10.147000 10.133000
9144.000000 3.000000 7.022000 7.407000
9156.000000 3.000000 6.415500 6.380100
9168.000000 3.000000 5.809000 5.353200
9180.000000 3.000000 5.202500 4.326300
9192.000000 3.000000 4.596000 3.299400
9204.000000 3.000000 3.989500 2.272500
9216.000000 3.000000 3.383000 1.245600
9228.000000 3.000000 2.776500 0.218700
9240.000000 3.000000 2.170000 -0.808200
9252.000000 3.000000 1.563500 -1.835100
9264.000000 3.000000 0.957000 -2.862000
9276.000000 3.000000 0.350500 -3.888900
9288.000000 3.000000 -0.256000 -4.915800
9108.000000 19.000000 14.971000 7.350000
9120.000000 19.000000 14.172000 7.122000
9132.000000 19.000000 13.430000 7.007000
9144.000000 19.000000 12.802000 6.893000
9156.000000 19.000000 12.174000 6.665000
9168.000000 19.000000 11.603000 6.551000
9180.000000 19.000000 11.089000 6.436000
9192.000000 19.000000 10.547000 6.322000
9204.000000 19.000000 9.947500 6.014200
9216.000000 19.000000 9.348000 5.706400
9228.000000 19.000000 8.748500 5.398600
9240.000000 19.000000 8.149000 5.090800
9252.000000 19.000000 7.549500 4.783000
9264.000000 19.000000 6.950000 4.475200
9276.000000 19.000000 6.350500 4.167400
9288.000000 19.000000 5.751000 3.859600
9300.000000 19.000000 5.151500 3.551800
9312.000000 19.000000 4.552000 3.244000
9324.000000 19.000000 3.952500 2.936200
9336.000000 19.000000 3.353000 2.628400
9300.000000 4.000000 0.842000 -1.727000
9312.000000 4.000000 0.842000 -1.727000
9324.000000 4.000000 0.842000 -1.727000
9336.000000 4.000000 0.842000 -1.727000
9348.000000 4.000000 0.842000 -1.727000
9360.000000 4.000000 0.842000 -1.727000
9372.000000 4.000000 0.842000 -1.727000
9384.000000 4.000000 0.842000 -1.727000
9396.000000 4.000000 0.842000 -1.727000
9408.000000 4.000000 0.842000 -1.727000
9420.000000 4.000000 0.842000 -1.727000
9432.000000 4.000000 0.842000 -1.727000
9444.000000 4.000000 0.842000 -1.727000
9456.000000 4.000000 0.842000 -1.727000
9468.000000 4.000000 0.842000 -1.727000
9480.000000 4.000000 0.842000 -1.727000
9492.000000 4.000000 0.842000 -1.727000
9504.000000 4.000000 0.842000 -1.727000
9516.000000 4.000000 0.842000 -1.727000
9528.000000 4.000000 0.842000 -1.727000
9456.000000 27.000000 -18.867000 18.054000
9468.000000 27.000000 -18.239000 18.111000
9480.000000 27.000000 -17.611000 18.225000
9492.000000 27.000000 -17.083000 18.168000
9504.000000 27.000000 -16.569000 18.054000
9516.000000 27.000000 -16.041000 17.939000
9528.000000 27.000000 -15.513000 17.768000
9540.000000 27.000000 -14.957000 17.711000
9552.000000 27.000000 -14.436000 17.504900
9564.000000 27.000000 -13.915000 17.298800
9576.000000 27.000000 -13.394000 17.092700
9588.000000 27.000000 -12.873000 16.886600
9600.000000 27.000000 -12.352000 16.680500
9612.000000 27.000000 -11.831000 16.474400
9624.000000 27.000000 -11.310000 16.268300
9636.000000 27.000000 -10.789000 16.062200
9648.000000 27.000000 -10.268000 15.856100
9660.000000 27.000000 -9.747000 15.650000
9672.000000 27.000000 -9.226000 15.443900
9684.000000 27.000000 -8.705000 15.237800
9456.000000 111.000000 -18.353000 17.197000
9468.000000 111.000000 -17.754000 17.197000
9480.000000 111.000000 -17.183000 17.197000
9492.000000 111.000000 -16.612000 17.083000
9504.000000 111.000000 -16.141000 16.840000
9516.000000 111.000000 -15.727000 16.840000
9528.000000 111.000000 -15.342000 16.726000
9540.000000 111.000000 -14.800000 16.840000
9552.000000 111.000000 -14.357500 16.621300
9564.000000 111.000000 -13.915000 16.402600
9576.000000 111.000000 -13.472500 16.183900
9588.000000 111.000000 -13.030000 15.965200
9600.000000 111.000000 -12.587500 15.746500
9612.000000 111.000000 -12.145000 15.527800
9624.000000 111.000000 -11.702500 15.309100
9636.000000 111.000000 -11.260000 15.090400
9648.000000 111.000000 -10.817500 14.871700
9660.000000 111.000000 -10.375000 14.653000
9672.000000 111.000000 -9.932500 14.434300
9684.000000 111.000000 -9.490000 14.215600
9696.000000 28.000000 -7.592000 17.996000
9708.000000 28.000000 -7.136000 17.996000
9720.000000 28.000000 -6.708000 17.996000
9732.000000 28.000000 -6.251000 18.111000
9744.000000 28.000000 -5.709000 18.111000
9756.000000 28.000000 -5.195000 18.111000
9768.000000 28.000000 -4.710000 18.111000
9780.000000 28.000000 -4.196000 18.111000
9792.000000 28.000000 -3.668000 18.111000
9804.000000 28.000000 -3.140000 18.111000
9816.000000 28.000000 -2.612000 18.111000
9828.000000 28.000000 -2.084000 18.111000
9840.000000 28.000000 -1.556000 18.111000
9852.000000 28.000000 -1.028000 18.111000
9864.000000 28.000000 -0.500000 18.111000
9876.000000 28.000000 0.028000 18.111000
9888.000000 28.000000 0.556000 18.111000
9900.000000 28.000000 1.084000 18.111000
9912.000000 28.000000 1.612000 18.111000
9924.000000 28.000000 2.140000 18.111000
9696.000000 112.000000 -7.407000 16.969000
9708.000000 112.000000 -6.950000 16.840000
9720.000000 112.000000 -6.522000 16.840000
9732.000000 112.000000 -6.108000 16.840000
9744.000000 112.000000 -5.751000 16.969000
9756.000000 112.000000 -5.380000 16.969000
9768.000000 112.000000 -4.895000 17.083000
9780.000000 112.000000 -4.324000 17.083000
9792.000000 112.000000 -3.960000 17.199100
9804.000000 112.000000 -3.596000 17.315200
9816.000000 112.000000 -3.232000 17.431300
9828.000000 112.000000 -2.868000 17.547400
9840.000000 112.000000 -2.504000 17.663500
9852.000000 112.000000 -2.140000 17.779600
9864.000000 112.000000 -1.776000 17.895700
9876.000000 112.000000 -1.412000 18.011800
9888.000000 112.000000 -1.048000 18.127900
9900.000000 112.000000 -0.684000 18.244000
9912.000000 112.000000 -0.320000 18.360100
9924.000000 112.000000 0.044000 18.476200
9936.000000 29.000000 3.083000 18.111000
9948.000000 29.000000 3.397000 18.111000
9960.000000 29.000000 3.654000 18.111000
9972.000000 29.000000 4.139000 18.111000
9984.000000 29.000000 4.710000 18.111000
9996.000000 29.000000 5.338000 18.111000
10008.000000 29.000000 5.837000 17.939000
10020.000000 29.000000 6.294000 17.882000
10032.000000 29.000000 6.893500 17.882000
10044.000000 29.000000 7.493000 17.882000
10056.000000 29.000000 8.092500 17.882000
10068.000000 29.000000 8.692000 17.882000
10080.000000 29.000000 9.291500 17.882000
10092.000000 29.000000 9.891000 17.882000
10104.000000 29.000000 10.490500 17.882000
10116.000000 29.000000 11.090000 17.882000
10128.000000 29.000000 11.689500 17.882000
10140.000000 29.000000 12.289000 17.882000
10152.000000 29.000000 12.888500 17.882000
10164.000000 29.000000 13.488000 17.882000
9936.000000 113.000000 3.354000 17.197000
9948.000000 113.000000 3.668000 17.197000
9960.000000 113.000000 3.925000 17.197000
9972.000000 113.000000 4.353000 16.969000
9984.000000 113.000000 4.810000 16.840000
9996.000000 113.000000 5.181000 16.726000
10008.000000 113.000000 5.580000 16.726000
10020.000000 113.000000 6.194000 16.840000
10032.000000 113.000000 6.608000 16.621300
10044.000000 113.000000 7.022000 16.402600
10056.000000 113.000000 7.436000 16.183900
10068.000000 113.000000 7.850000 15.965200
10080.000000 113.000000 8.264000 15.746500
10092.000000 113.000000 8.678000 15.527800
10104.000000 113.000000 9.092000 15.309100
10116.000000 113.000000 9.506000 15.090400
10128.000000 113.000000 9.920000 14.871700
10140.000000 113.000000 10.334000 14.653000
10152.000000 113.000000 10.748000 14.434300
10164.000000 113.000000 11.162000 14.215600
10308.000000 144.000000 -20.180000 19.252000
10320.000000 144.000000 -19.837000 18.339000
10332.000000 144.000000 -19.566000 18.396000
10344.000000 144.000000 -19.295000 18.510000
10356.000000 144.000000 -18.838000 18.739000
10368.000000 144.000000 -18.325000 18.739000
10380.000000 144.000000 -17.740000 18.739000
10392.000000 144.000000 -17.169000 18.739000
10404.000000 144.000000 -16.684000 18.945100
10416.000000 144.000000 -16.199000 19.151200
10428.000000 144.000000 -15.714000 19.357300
10440.000000 144.000000 -15.229000 19.563400
10452.000000 144.000000 -14.744000 19.769500
10464.000000 144.000000 -14.259000 19.975600
10476.000000 144.000000 -13.774000 20.181700
10488.000000 144.000000 -13.289000 20.387800
10500.000000 144.000000 -12.804000 20.593900
10512.000000 144.000000 -12.319000 20.800000
10524.000000 144.000000 -11.834000 21.006100
10536.000000 144.000000 -11.349000 21.212200
10452.000000 75.000000 -20.094000 18.054000
10464.000000 75.000000 -19.880000 18.168000
10476.000000 75.000000 -19.595000 18.111000
10488.000000 75.000000 -19.181000 18.054000
10500.000000 75.000000 -18.582000 18.054000
10512.000000 75.000000 -18.068000 17.996000
10524.000000 75.000000 -17.483000 18.054000
10536.000000 75.000000 -16.912000 18.111000
10548.000000 75.000000 -16.355500 18.058800
10560.000000 75.000000 -15.799000 18.006600
10572.000000 75.000000 -15.242500 17.954400
10584.000000 75.000000 -14.686000 17.902200
10596.000000 75.000000 -14.129500 17.850000
10608.000000 75.000000 -13.573000 17.797800
10620.000000 75.000000 -13.016500 17.745600
10632.000000 75.000000 -12.460000 17.693400
10644.000000 75.000000 -11.903500 17.641200
10656.000000 75.000000 -11.347000 17.589000
10668.000000 75.000000 -10.790500 17.536800
10680.000000 75.000000 -10.234000 17.484600
10548.000000 145.000000 -9.933000 17.825000
10560.000000 145.000000 -9.462000 17.711000
10572.000000 145.000000 -8.963000 17.597000
10584.000000 145.000000 -8.520000 17.311000
10596.000000 145.000000 -8.106000 16.840000
10608.000000 145.000000 -7.735000 16.270000
10620.000000 145.000000 -7.307000 15.799000
10632.000000 145.000000 -6.936000 15.342000
10644.000000 145.000000 -6.543500 14.405100
10656.000000 145.000000 -6.151000 13.468200
10668.000000 145.000000 -5.758500 12.531300
10680.000000 145.000000 -5.366000 11.594400
10692.000000 145.000000 -4.973500 10.657500
10704.000000 145.000000 -4.581000 9.720600
10716.000000 145.000000 -4.188500 8.783700
10728.000000 145.000000 -3.796000 7.846800
10740.000000 145.000000 -3.403500 6.909900
10752.000000 145.000000 -3.011000 5.973000
10764.000000 145.000000 -2.618500 5.036100
10776.000000 145.000000 -2.226000 4.099200
10692.000000 76.000000 -9.676000 18.168000
10704.000000 76.000000 -9.091000 18.168000
10716.000000 76.000000 -8.520000 18.054000
10728.000000 76.000000 -7.935000 17.939000
10740.000000 76.000000 -7.364000 17.825000
10752.000000 76.000000 -6.836000 17.711000
10764.000000 76.000000 -6.265000 17.711000
10776.000000 76.000000 -5.737000 17.711000
10788.000000 76.000000 -5.187500 17.505800
10800.000000 76.000000 -4.638000 17.300600
10812.000000 76.000000 -4.088500 17.095400
10824.000000 76.000000 -3.539000 16.890200
10836.000000 76.000000 -2.989500 16.685000
10848.000000 76.000000 -2.440000 16.479800
10860.000000 76.000000 -1.890500 16.274600
10872.000000 76.000000 -1.341000 16.069400
10884.000000 76.000000 -0.791500 15.864200
10896.000000 76.000000 -0.242000 15.659000
10908.000000 76.000000 0.307500 15.453800
10920.000000 76.000000 0.857000 15.248600
10788.000000 146.000000 -2.655000 8.977000
10800.000000 146.000000 -2.226000 8.520000
10812.000000 146.000000 -1.798000 8.049000
10824.000000 146.000000 -1.342000 7.707000
10836.000000 146.000000 -0.813000 7.592000
10848.000000 146.000000 -0.228000 7.364000
10860.000000 146.000000 0.285000 7.236000
10872.000000 146.000000 0.856000 7.122000
10884.000000 146.000000 1.413000 6.813300
10896.000000 146.000000 1.970000 6.504600
10908.000000 146.000000 2.527000 6.195900
10920.000000 146.000000 3.084000 5.887200
10932.000000 146.000000 3.641000 5.578500
10944.000000 146.000000 4.198000 5.269800
10956.000000 146.000000 4.755000 4.961100
10968.000000 146.000000 5.312000 4.652400
10980.000000 146.000000 5.869000 4.343700
10992.000000 146.000000 6.426000 4.035000
11004.000000 146.000000 6.983000 3.726300
11016.000000 146.000000 7.540000 3.417600
10932.000000 77.000000 1.912000 18.282000
10944.000000 77.000000 2.483000 18.282000
10956.000000 77.000000 3.068000 18.168000
10968.000000 77.000000 3.582000 18.054000
10980.000000 77.000000 4.167000 18.054000
10992.000000 77.000000 4.738000 17.939000
11004.000000 77.000000 5.338000 17.882000
11016.000000 77.000000 5.980000 17.825000
11028.000000 77.000000 6.558000 17.721500
11040.000000 77.000000 7.136000 17.618000
11052.000000 77.000000 7.714000 17.514500
11064.000000 77.000000 8.292000 17.411000
11076.000000 77.000000 8.870000 17.307500
11088.000000 77.000000 9.448000 17.204000
11100.000000 77.000000 10.026000 17.100500
11112.000000 77.000000 10.604000 16.997000
11124.000000 77.000000 11.182000 16.893500
11136.000000 77.000000 11.760000 16.790000
11148.000000 77.000000 12.338000 16.686500
11160.000000 77.000000 12.916000 16.583000
12072.000000 166.000000 16.427000 4.981000
12084.000000 166.000000 15.856000 4.981000
12096.000000 166.000000 15.328000 5.095000
12108.000000 166.000000 14.800000 5.095000
12120.000000 166.000000 14.229000 5.209000
12132.000000 166.000000 13.715000 5.209000
12144.000000 166.000000 13.116000 5.338000
12156.000000 166.000000 12.602000 5.338000
12168.000000 166.000000 12.059500 5.440600
12180.000000 166.000000 11.517000 5.543200
12192.000000 166.000000 10.974500 5.645800
12204.000000 166.000000 10.432000 5.748400
12216.000000 166.000000 9.889500 5.851000
12228.000000 166.000000 9.347000 5.953600
12240.000000 166.000000 8.804500 6.056200
12252.000000 166.000000 8.262000 6.158800
12264.000000 166.000000 7.719500 6.261400
12276.000000 166.000000 7.177000 6.364000
12288.000000 166.000000 6.634500 6.466600
12300.000000 166.000000 6.092000 6.569200
12312.000000 168.000000 3.211000 5.095000
12324.000000 168.000000 2.440000 5.095000
12336.000000 168.000000 1.641000 5.095000
12348.000000 168.000000 0.871000 5.095000
12360.000000 168.000000 0.071000 5.095000
12372.000000 168.000000 -0.699000 5.095000
12384.000000 168.000000 -1.499000 5.095000
12396.000000 168.000000 -2.269000 5.095000
12408.000000 168.000000 -3.054000 5.095000
12420.000000 168.000000 -3.839000 5.095000
12432.000000 168.000000 -4.624000 5.095000
12444.000000 168.000000 -5.409000 5.095000
12456.000000 168.000000 -6.194000 5.095000
12468.000000 168.000000 -6.979000 5.095000
12480.000000 168.000000 -7.764000 5.095000
12492.000000 168.000000 -8.549000 5.095000
12504.000000 168.000000 -9.334000 5.095000
12516.000000 168.000000 -10.119000 5.095000
12528.000000 168.000000 -10.904000 5.095000
12540.000000 168.000000 -11.689000 5.095000
12360.000000 121.000000 -19.495000 6.608000
12372.000000 121.000000 -19.081000 6.722000
12384.000000 121.000000 -18.610000 6.836000
12396.000000 121.000000 -18.139000 7.079000
12408.000000 121.000000 -17.711000 7.193000
12420.000000 121.000000 -17.254000 7.307000
12432.000000 121.000000 -16.769000 7.535000
12444.000000 121.000000 -16.255000 7.535000
12456.000000 121.000000 -15.812500 7.740200
12468.000000 121.000000 -15.370000 7.945400
12480.000000 121.000000 -14.927500 8.150600
12492.000000 121.000000 -14.485000 8.355800
12504.000000 121.000000 -14.042500 8.561000
12516.000000 121.000000 -13.600000 8.766200
12528.000000 121.000000 -13.157500 8.971400
12540.000000 121.000000 -12.715000 9.176600
12552.000000 121.000000 -12.272500 9.381800
12564.000000 121.000000 -11.830000 9.587000
12576.000000 121.000000 -11.387500 9.792200
12588.000000 121.000000 -10.945000 9.997400
12480.000000 45.000000 16.598000 6.950000
12492.000000 45.000000 16.369000 7.407000
12504.000000 45.000000 16.113000 7.992000
12516.000000 45.000000 15.799000 8.463000
12528.000000 45.000000 15.428000 8.920000
12540.000000 45.000000 15.085000 9.376000
12552.000000 45.000000 14.743000 9.847000
12564.000000 45.000000 14.371000 10.304000
12576.000000 45.000000 14.014000 11.125700
12588.000000 45.000000 13.657000 11.947400
12600.000000 45.000000 13.300000 12.769100
12612.000000 45.000000 12.943000 13.590800
12624.000000 45.000000 12.586000 14.412500
12636.000000 45.000000 12.229000 15.234200
12648.000000 45.000000 11.872000 16.055900
12660.000000 45.000000 11.515000 16.877600
12672.000000 45.000000 11.158000 17.699300
12684.000000 45.000000 10.801000 18.521000
12696.000000 45.000000 10.444000 19.342700
12708.000000 45.000000 10.087000 20.164400
12600.000000 122.000000 -6.750000 7.179000
12612.000000 122.000000 -5.809000 7.179000
12624.000000 122.000000 -4.867000 7.179000
12636.000000 122.000000 -4.096000 7.179000
12648.000000 122.000000 -3.468000 7.179000
12660.000000 122.000000 -2.840000 7.236000
12672.000000 122.000000 -2.212000 7.236000
12684.000000 122.000000 -1.627000 7.236000
12696.000000 122.000000 -0.999000 7.287300
12708.000000 122.000000 -0.371000 7.338600
12720.000000 122.000000 0.257000 7.389900
12732.000000 122.000000 0.885000 7.441200
12744.000000 122.000000 1.513000 7.492500
12756.000000 122.000000 2.141000 7.543800
12768.000000 122.000000 2.769000 7.595100
12780.000000 122.000000 3.397000 7.646400
12792.000000 122.000000 4.025000 7.697700
12804.000000 122.000000 4.653000 7.749000
12816.000000 122.000000 5.281000 7.800300
12828.000000 122.000000 5.909000 7.851600
12720.000000 46.000000 9.462000 16.270000
12732.000000 46.000000 8.991000 16.726000
12744.000000 46.000000 8.534000 17.197000
12756.000000 46.000000 8.121000 17.540000
12768.000000 46.000000 7.807000 17.768000
12780.000000 46.000000 7.493000 18.111000
12792.000000 46.000000 7.122000 18.339000
12804.000000 46.000000 6.808000 18.582000
12816.000000 46.000000 6.494000 19.095900
12828.000000 46.000000 6.180000 19.609800
12840.000000 46.000000 5.866000 20.123700
12852.000000 46.000000 5.552000 20.637600
12864.000000 46.000000 5.238000 21.151500
12876.000000 46.000000 4.924000 21.665400
12888.000000 46.000000 4.610000 22.179300
12900.000000 46.000000 4.296000 22.693200
12912.000000 46.000000 3.982000 23.207100
12924.000000 46.000000 3.668000 23.721000
12936.000000 46.000000 3.354000 24.234900
12948.000000 46.000000 3.040000 24.748800
12840.000000 123.000000 5.809000 6.665000
12852.000000 123.000000 6.379000 6.665000
12864.000000 123.000000 6.979000 6.665000
12876.000000 123.000000 7.550000 6.665000
12888.000000 123.000000 8.178000 6.665000
12900.000000 123.000000 8.748000 6.665000
12912.000000 123.000000 9.319000 6.665000
12924.000000 123.000000 9.890000 6.665000
12936.000000 123.000000 10.489000 6.665000
12948.000000 123.000000 11.088000 6.665000
12960.000000 123.000000 11.687000 6.665000
12972.000000 123.000000 12.286000 6.665000
12984.000000 123.000000 12.885000 6.665000
12996.000000 123.000000 13.484000 6.665000
13008.000000 123.000000 14.083000 6.665000
13020.000000 123.000000 14.682000 6.665000
13032.000000 123.000000 15.281000 6.665000
13044.000000 123.000000 15.880000 6.665000
13056.000000 123.000000 16.479000 6.665000
13068.000000 123.000000 17.078000 6.665000
12960.000000 47.000000 -0.457000 19.395000
12972.000000 47.000000 -1.028000 19.509000
12984.000000 47.000000 -1.627000 19.509000
12996.000000 47.000000 -2.198000 19.509000
13008.000000 47.000000 -2.797000 19.566000
13020.000000 47.000000 -3.468000 19.680000
13032.000000 47.000000 -4.124000 19.738000
13044.000000 47.000000 -4.767000 19.795000
13056.000000 47.000000 -5.402000 19.948900
13068.000000 47.000000 -6.037000 20.102800
13080.000000 47.000000 -6.672000 20.256700
13092.000000 47.000000 -7.307000 20.410600
13104.000000 47.000000 -7.942000 20.564500
13116.000000 47.000000 -8.577000 20.718400
13128.000000 47.000000 -9.212000 20.872300
13140.000000 47.000000 -9.847000 21.026200
13152.000000 47.000000 -10.482000 21.180100
13164.000000 47.000000 -11.117000 21.334000
13176.000000 47.000000 -11.752000 21.487900
13188.000000 47.000000 -12.387000 21.641800
13068.000000 167.000000 -19.466000 18.168000
13080.000000 167.000000 -17.797000 18.168000
13092.000000 167.000000 -16.070000 18.168000
13104.000000 167.000000 -14.386000 18.168000
13116.000000 167.000000 -12.659000 18.168000
13128.000000 167.000000 -10.932000 18.168000
13140.000000 167.000000 -9.305000 18.054000
13152.000000 167.000000 -7.778000 18.054000
13164.000000 167.000000 -6.051000 18.054000
13176.000000 167.000000 -4.324000 18.054000
13188.000000 167.000000 -2.597000 18.054000
13200.000000 167.000000 -0.870000 18.054000
13212.000000 167.000000 0.857000 18.054000
13224.000000 167.000000 2.584000 18.054000
13236.000000 167.000000 4.311000 18.054000
13248.000000 167.000000 6.038000 18.054000
13260.000000 167.000000 7.765000 18.054000
13272.000000 167.000000 9.492000 18.054000
13284.000000 167.000000 11.219000 18.054000
13296.000000 167.000000 12.946000 18.054000
13188.000000 51.000000 16.840000 31.826000
13200.000000 51.000000 16.798000 31.826000
13212.000000 51.000000 16.741000 31.826000
13224.000000 51.000000 16.641000 31.826000
13236.000000 51.000000 16.584000 31.826000
13248.000000 51.000000 16.526000 31.826000
13260.000000 51.000000 16.526000 31.940000
13272.000000 51.000000 16.526000 31.940000
13284.000000 51.000000 16.468500 31.940000
13296.000000 51.000000 16.411000 31.940000
13308.000000 51.000000 16.353500 31.940000
13320.000000 51.000000 16.296000 31.940000
13332.000000 51.000000 16.238500 31.940000
13344.000000 51.000000 16.181000 31.940000
13356.000000 51.000000 16.123500 31.940000
13368.000000 51.000000 16.066000 31.940000
13380.000000 51.000000 16.008500 31.940000
13392.000000 51.000000 15.951000 31.940000
13404.000000 51.000000 15.893500 31.940000
13416.000000 51.000000 15.836000 31.940000
13200.000000 48.000000 -12.331000 20.194000
13212.000000 48.000000 -12.902000 20.194000
13224.000000 48.000000 -13.472000 20.080000
13236.000000 48.000000 -14.043000 20.080000
13248.000000 48.000000 -14.614000 20.080000
13260.000000 48.000000 -15.213000 20.080000
13272.000000 48.000000 -15.784000 20.080000
13284.000000 48.000000 -16.355000 20.080000
13296.000000 48.000000 -16.940000 20.080000
13308.000000 48.000000 -17.525000 20.080000
13320.000000 48.000000 -18.110000 20.080000
13332.000000 48.000000 -18.695000 20.080000
13344.000000 48.000000 -19.280000 20.080000
13356.000000 48.000000 -19.865000 20.080000
13368.000000 48.000000 -20.450000 20.080000
13380.000000 48.000000 -21.035000 20.080000
13392.000000 48.000000 -21.620000 20.080000
13404.000000 48.000000 -22.205000 20.080000
13416.000000 48.000000 -22.790000 20.080000
13428.000000 48.000000 -23.375000 20.080000
13428.000000 52.000000 16.526000 31.940000
13440.000000 52.000000 16.526000 31.940000
13452.000000 52.000000 16.526000 31.940000
13464.000000 52.000000 16.526000 31.940000
13476.000000 52.000000 16.526000 31.940000
13488.000000 52.000000 16.526000 31.940000
13500.000000 52.000000 16.526000 31.940000
13512.000000 52.000000 16.484000 31.883000
13524.000000 52.000000 16.484000 31.883000
13536.000000 52.000000 16.484000 31.883000
13548.000000 52.000000 16.484000 31.883000
13560.000000 52.000000 16.484000 31.883000
13572.000000 52.000000 16.484000 31.883000
13584.000000 52.000000 16.484000 31.883000
13596.000000 52.000000 16.484000 31.883000
13608.000000 52.000000 16.484000 31.883000
13620.000000 52.000000 16.484000 31.883000
13632.000000 52.000000 16.484000 31.883000
13644.000000 52.000000 16.484000 31.883000
13656.000000 52.000000 16.484000 31.883000
13440.000000 49.000000 -19.568000 20.033000
13452.000000 49.000000 -19.546000 20.026000
13464.000000 49.000000 -19.524000 20.019000
13476.000000 49.000000 -19.503000 20.013000
13488.000000 49.000000 -19.481000 20.006000
13500.000000 49.000000 -19.459000 20.000000
13512.000000 49.000000 -19.438000 19.993000
13524.000000 49.000000 -19.416000 19.986000
13536.000000 49.000000 -19.394000 19.974300
13548.000000 49.000000 -19.372000 19.962600
13560.000000 49.000000 -19.350000 19.950900
13572.000000 49.000000 -19.328000 19.939200
13584.000000 49.000000 -19.306000 19.927500
13596.000000 49.000000 -19.284000 19.915800
13608.000000 49.000000 -19.262000 19.904100
13620.000000 49.000000 -19.240000 19.892400
13632.000000 49.000000 -19.218000 19.880700
13644.000000 49.000000 -19.196000 19.869000
13656.000000 49.000000 -19.174000 19.857300
13668.000000 49.000000 -19.152000 19.845600
13524.000000 42.000000 16.869000 28.301000
13536.000000 42.000000 16.741000 27.715000
13548.000000 42.000000 16.626000 27.130000
13560.000000 42.000000 16.512000 26.616000
13572.000000 42.000000 16.369000 26.046000
13584.000000 42.000000 16.270000 25.460000
13596.000000 42.000000 16.113000 24.875000
13608.000000 42.000000 15.984000 24.247000
13620.000000 42.000000 15.863000 23.206600
13632.000000 42.000000 15.742000 22.166200
13644.000000 42.000000 15.621000 21.125800
13656.000000 42.000000 15.500000 20.085400
13668.000000 42.000000 15.379000 19.045000
13680.000000 42.000000 15.258000 18.004600
13692.000000 42.000000 15.137000 16.964200
13704.000000 42.000000 15.016000 15.923800
13716.000000 42.000000 14.895000 14.883400
13728.000000 42.000000 14.774000 13.843000
13740.000000 42.000000 14.653000 12.802600
13752.000000 42.000000 14.532000 11.762200
13668.000000 53.000000 16.398000 31.868000
13680.000000 53.000000 16.398000 31.868000
13692.000000 53.000000 16.398000 31.868000
13704.000000 53.000000 16.369000 31.868000
13716.000000 53.000000 16.369000 31.868000
13728.000000 53.000000 16.369000 31.868000
13740.000000 53.000000 16.369000 31.868000
13752.000000 53.000000 16.341000 31.926000
13764.000000 53.000000 16.341000 31.926000
13776.000000 53.000000 16.341000 31.926000
13788.000000 53.000000 16.341000 31.926000
13800.000000 53.000000 16.341000 31.926000
13812.000000 53.000000 16.341000 31.926000
13824.000000 53.000000 16.341000 31.926000
13836.000000 53.000000 16.341000 31.926000
13848.000000 53.000000 16.341000 31.926000
13860.000000 53.000000 16.341000 31.926000
13872.000000 53.000000 16.341000 31.926000
13884.000000 53.000000 16.341000 31.926000
13896.000000 53.000000 16.341000 31.926000
13680.000000 50.000000 -19.134000 19.900000
13692.000000 50.000000 -19.112000 19.894000
13704.000000 50.000000 -19.090000 19.887000
13716.000000 50.000000 -19.069000 19.881000
13728.000000 50.000000 -19.047000 19.874000
13740.000000 50.000000 -19.025000 19.867000
13752.000000 50.000000 -19.003000 19.861000
13764.000000 50.000000 -18.982000 19.854000
13776.000000 50.000000 -18.960000 19.841400
13788.000000 50.000000 -18.938000 19.828800
13800.000000 50.000000 -18.916000 19.816200
13812.000000 50.000000 -18.894000 19.803600
13824.000000 50.000000 -18.872000 19.791000
13836.000000 50.000000 -18.850000 19.778400
13848.000000 50.000000 -18.828000 19.765800
13860.000000 50.000000 -18.806000 19.753200
13872.000000 50.000000 -18.784000 19.740600
13884.000000 50.000000 -18.762000 19.728000
13896.000000 50.000000 -18.740000 19.715400
13908.000000 50.000000 -18.718000 19.702800
13764.000000 43.000000 12.216000 17.426000
13776.000000 43.000000 11.474000 17.197000
13788.000000 43.000000 11.003000 16.855000
13800.000000 43.000000 10.475000 16.498000
13812.000000 43.000000 9.790000 16.255000
13824.000000 43.000000 9.162000 16.369000
13836.000000 43.000000 8.763000 15.913000
13848.000000 43.000000 8.335000 15.570000
13860.000000 43.000000 7.678500 15.453900
13872.000000 43.000000 7.022000 15.337800
13884.000000 43.000000 6.365500 15.221700
13896.000000 43.000000 5.709000 15.105600
13908.000000 43.000000 5.052500 14.989500
13920.000000 43.000000 4.396000 14.873400
13932.000000 43.000000 3.739500 14.757300
13944.000000 43.000000 3.083000 14.641200
13956.000000 43.000000 2.426500 14.525100
13968.000000 43.000000 1.770000 14.409000
13980.000000 43.000000 1.113500 14.292900
13992.000000 43.000000 0.457000 14.176800