0.000000 6.000000 -15.695000 34.138000
12.000000 6.000000 -15.695000 34.138000
24.000000 6.000000 -15.695000 34.138000
36.000000 6.000000 -15.695000 34.138000
48.000000 6.000000 -15.695000 34.138000
60.000000 6.000000 -15.695000 34.138000
72.000000 6.000000 -15.695000 34.138000
84.000000 6.000000 -15.695000 34.138000
96.000000 6.000000 -15.695000 34.138000
108.000000 6.000000 -15.695000 34.138000
120.000000 6.000000 -15.695000 34.138000
132.000000 6.000000 -15.695000 34.138000
144.000000 6.000000 -15.695000 34.138000
156.000000 6.000000 -15.695000 34.138000
168.000000 6.000000 -15.695000 34.138000
180.000000 6.000000 -15.695000 34.138000
192.000000 6.000000 -15.695000 34.138000
204.000000 6.000000 -15.695000 34.138000
216.000000 6.000000 -15.695000 34.138000
228.000000 6.000000 -15.695000 34.138000
0.000000 15.000000 -8.722000 41.385000
12.000000 15.000000 -8.665000 41.312000
24.000000 15.000000 -8.607000 41.312000
36.000000 15.000000 -8.549000 41.312000
48.000000 15.000000 -8.491000 41.312000
60.000000 15.000000 -8.433000 41.312000
72.000000 15.000000 -8.375000 41.312000
84.000000 15.000000 -8.317000 41.312000
96.000000 15.000000 -8.259000 41.312000
108.000000 15.000000 -8.201000 41.312000
120.000000 15.000000 -8.143000 41.312000
132.000000 15.000000 -8.085000 41.312000
144.000000 15.000000 -8.027000 41.312000
156.000000 15.000000 -7.969000 41.312000
168.000000 15.000000 -7.911000 41.312000
180.000000 15.000000 -7.853000 41.312000
192.000000 15.000000 -7.795000 41.312000
204.000000 15.000000 -7.737000 41.312000
216.000000 15.000000 -7.679000 41.312000
228.000000 15.000000 -7.621000 41.312000
0.000000 22.000000 -6.061000 28.786000
12.000000 22.000000 -5.829000 27.802000
24.000000 22.000000 -5.598000 26.847000
36.000000 22.000000 -5.381000 25.864000
48.000000 22.000000 -5.164000 24.894000
60.000000 22.000000 -4.875000 23.925000
72.000000 22.000000 -4.643000 22.942000
84.000000 22.000000 -4.643000 21.972000
96.000000 22.000000 -4.390000 20.226900
108.000000 22.000000 -4.137000 18.481800
120.000000 22.000000 -3.884000 16.736700
132.000000 22.000000 -3.631000 14.991600
144.000000 22.000000 -3.378000 13.246500
156.000000 22.000000 -3.125000 11.501400
168.000000 22.000000 -2.872000 9.756300
180.000000 22.000000 -2.619000 8.011200
192.000000 22.000000 -2.366000 6.266100
204.000000 22.000000 -2.113000 4.521000
216.000000 22.000000 -1.860000 2.775900
228.000000 22.000000 -1.607000 1.030800
0.000000 24.000000 6.929000 9.807000
12.000000 24.000000 7.218000 9.561000
24.000000 24.000000 7.565000 9.431000
36.000000 24.000000 7.912000 9.316000
48.000000 24.000000 8.260000 9.200000
60.000000 24.000000 8.607000 9.070000
72.000000 24.000000 8.925000 8.954000
84.000000 24.000000 9.272000 8.824000
96.000000 24.000000 9.619500 8.602600
108.000000 24.000000 9.967000 8.381200
120.000000 24.000000 10.314500 8.159800
132.000000 24.000000 10.662000 7.938400
144.000000 24.000000 11.009500 7.717000
156.000000 24.000000 11.357000 7.495600
168.000000 24.000000 11.704500 7.274200
180.000000 24.000000 12.052000 7.052800
192.000000 24.000000 12.399500 6.831400
204.000000 24.000000 12.747000 6.610000
216.000000 24.000000 13.094500 6.388600
228.000000 24.000000 13.442000 6.167200
0.000000 50.000000 -5.584000 17.532000
12.000000 50.000000 -5.627000 18.023000
24.000000 50.000000 -5.685000 18.631000
36.000000 50.000000 -5.743000 19.239000
48.000000 50.000000 -5.800000 19.730000
60.000000 50.000000 -5.858000 20.338000
72.000000 50.000000 -5.916000 20.945000
84.000000 50.000000 -5.974000 21.423000
96.000000 50.000000 -6.031500 22.412100
108.000000 50.000000 -6.089000 23.401200
120.000000 50.000000 -6.146500 24.390300
132.000000 50.000000 -6.204000 25.379400
144.000000 50.000000 -6.261500 26.368500
156.000000 50.000000 -6.319000 27.357600
168.000000 50.000000 -6.376500 28.346700
180.000000 50.000000 -6.434000 29.335800
192.000000 50.000000 -6.491500 30.324900
204.000000 50.000000 -6.549000 31.314000
216.000000 50.000000 -6.606500 32.303100
228.000000 50.000000 -6.664000 33.292200
36.000000 64.000000 -8.288000 40.083000
48.000000 64.000000 -8.578000 39.186000
60.000000 64.000000 -8.578000 38.578000
72.000000 64.000000 -8.636000 38.087000
84.000000 64.000000 -8.636000 37.609000
96.000000 64.000000 -8.694000 37.117000
108.000000 64.000000 -8.694000 36.582000
120.000000 64.000000 -8.737000 36.033000
132.000000 64.000000 -8.766000 35.160000
144.000000 64.000000 -8.795000 34.287000
156.000000 64.000000 -8.824000 33.414000
168.000000 64.000000 -8.853000 32.541000
180.000000 64.000000 -8.882000 31.668000
192.000000 64.000000 -8.911000 30.795000
204.000000 64.000000 -8.940000 29.922000
216.000000 64.000000 -8.969000 29.049000
228.000000 64.000000 -8.998000 28.176000
240.000000 64.000000 -9.027000 27.303000
252.000000 64.000000 -9.056000 26.430000
264.000000 64.000000 -9.085000 25.557000
240.000000 7.000000 -15.695000 34.138000
252.000000 7.000000 -15.695000 34.138000
264.000000 7.000000 -15.695000 34.138000
276.000000 7.000000 -15.695000 34.138000
288.000000 7.000000 -15.695000 34.138000
300.000000 7.000000 -15.695000 34.138000
312.000000 7.000000 -15.695000 34.138000
324.000000 7.000000 -15.695000 34.138000
336.000000 7.000000 -15.695000 34.138000
348.000000 7.000000 -15.695000 34.138000
360.000000 7.000000 -15.695000 34.138000
372.000000 7.000000 -15.695000 34.138000
384.000000 7.000000 -15.695000 34.138000
396.000000 7.000000 -15.695000 34.138000
408.000000 7.000000 -15.695000 34.138000
420.000000 7.000000 -15.695000 34.138000
432.000000 7.000000 -15.695000 34.138000
444.000000 7.000000 -15.695000 34.138000
456.000000 7.000000 -15.695000 34.138000
468.000000 7.000000 -15.695000 34.138000
240.000000 16.000000 -7.233000 37.175000
252.000000 16.000000 -7.117000 36.568000
264.000000 16.000000 -7.016000 35.960000
276.000000 16.000000 -6.958000 35.353000
288.000000 16.000000 -6.842000 34.745000
300.000000 16.000000 -6.726000 34.138000
312.000000 16.000000 -6.611000 33.530000
324.000000 16.000000 -6.495000 32.923000
336.000000 16.000000 -6.379000 31.829500
348.000000 16.000000 -6.263000 30.736000
360.000000 16.000000 -6.147000 29.642500
372.000000 16.000000 -6.031000 28.549000
384.000000 16.000000 -5.915000 27.455500
396.000000 16.000000 -5.799000 26.362000
408.000000 16.000000 -5.683000 25.268500
420.000000 16.000000 -5.567000 24.175000
432.000000 16.000000 -5.451000 23.081500
444.000000 16.000000 -5.335000 21.988000
456.000000 16.000000 -5.219000 20.894500
468.000000 16.000000 -5.103000 19.801000
240.000000 23.000000 -15.347000 11.630000
252.000000 23.000000 -16.881000 11.514000
264.000000 23.000000 -18.298000 11.138000
276.000000 23.000000 -19.456000 10.776000
288.000000 23.000000 -19.213000 11.064000
300.000000 23.000000 -18.485000 11.620000
312.000000 23.000000 -17.757000 12.177000
324.000000 23.000000 -17.029000 12.733000
336.000000 23.000000 -16.543500 13.492600
348.000000 23.000000 -16.058000 14.252200
360.000000 23.000000 -15.572500 15.011800
372.000000 23.000000 -15.087000 15.771400
384.000000 23.000000 -14.601500 16.531000
396.000000 23.000000 -14.116000 17.290600
408.000000 23.000000 -13.630500 18.050200
420.000000 23.000000 -13.145000 18.809800
432.000000 23.000000 -12.659500 19.569400
444.000000 23.000000 -12.174000 20.329000
456.000000 23.000000 -11.688500 21.088600
468.000000 23.000000 -11.203000 21.848200
240.000000 51.000000 -7.290000 29.089000
252.000000 51.000000 -7.392000 29.639000
264.000000 51.000000 -7.507000 30.246000
276.000000 51.000000 -7.623000 30.854000
288.000000 51.000000 -7.739000 31.389000
300.000000 51.000000 -7.855000 31.997000
312.000000 51.000000 -7.970000 32.561000
324.000000 51.000000 -8.086000 33.168000
336.000000 51.000000 -8.202000 34.196700
348.000000 51.000000 -8.318000 35.225400
360.000000 51.000000 -8.434000 36.254100
372.000000 51.000000 -8.550000 37.282800
384.000000 51.000000 -8.666000 38.311500
396.000000 51.000000 -8.782000 39.340200
408.000000 51.000000 -8.898000 40.368900
420.000000 51.000000 -9.014000 41.397600
432.000000 51.000000 -9.130000 42.426300
444.000000 51.000000 -9.246000 43.455000
456.000000 51.000000 -9.362000 44.483700
468.000000 51.000000 -9.478000 45.512400
276.000000 65.000000 -9.142000 29.263000
288.000000 65.000000 -9.142000 28.786000
300.000000 65.000000 -9.084000 28.308000
312.000000 65.000000 -9.026000 27.816000
324.000000 65.000000 -8.910000 27.209000
336.000000 65.000000 -8.795000 26.717000
348.000000 65.000000 -8.737000 26.109000
360.000000 65.000000 -8.636000 25.618000
372.000000 65.000000 -8.520500 24.628900
384.000000 65.000000 -8.405000 23.639800
396.000000 65.000000 -8.289500 22.650700
408.000000 65.000000 -8.174000 21.661600
420.000000 65.000000 -8.058500 20.672500
432.000000 65.000000 -7.943000 19.683400
444.000000 65.000000 -7.827500 18.694300
456.000000 65.000000 -7.712000 17.705200
468.000000 65.000000 -7.596500 16.716100
480.000000 65.000000 -7.481000 15.727000
492.000000 65.000000 -7.365500 14.737900
504.000000 65.000000 -7.250000 13.748800
312.000000 55.000000 5.439000 35.237000
324.000000 55.000000 5.410000 35.541000
336.000000 55.000000 5.352000 35.902000
348.000000 55.000000 5.294000 36.264000
360.000000 55.000000 5.236000 36.568000
372.000000 55.000000 5.179000 36.944000
384.000000 55.000000 4.672000 37.175000
396.000000 55.000000 4.209000 37.551000
408.000000 55.000000 4.151500 38.163000
420.000000 55.000000 4.094000 38.775000
432.000000 55.000000 4.036500 39.387000
444.000000 55.000000 3.979000 39.999000
456.000000 55.000000 3.921500 40.611000
468.000000 55.000000 3.864000 41.223000
480.000000 55.000000 3.806500 41.835000
492.000000 55.000000 3.749000 42.447000
504.000000 55.000000 3.691500 43.059000
516.000000 55.000000 3.634000 43.671000
528.000000 55.000000 3.576500 44.283000
540.000000 55.000000 3.519000 44.895000
336.000000 60.000000 3.081000 40.951000
348.000000 60.000000 3.081000 40.343000
360.000000 60.000000 3.023000 39.866000
372.000000 60.000000 2.965000 39.258000
384.000000 60.000000 2.965000 38.766000
396.000000 60.000000 2.907000 38.159000
408.000000 60.000000 2.907000 37.667000
420.000000 60.000000 2.907000 37.060000
432.000000 60.000000 2.878000 36.070900
444.000000 60.000000 2.849000 35.081800
456.000000 60.000000 2.820000 34.092700
468.000000 60.000000 2.791000 33.103600
480.000000 60.000000 2.762000 32.114500
492.000000 60.000000 2.733000 31.125400
504.000000 60.000000 2.704000 30.136300
516.000000 60.000000 2.675000 29.147200
528.000000 60.000000 2.646000 28.158100
540.000000 60.000000 2.617000 27.169000
552.000000 60.000000 2.588000 26.179900
564.000000 60.000000 2.559000 25.190800
396.000000 0.000000 3.703000 25.560000
408.000000 0.000000 3.746000 25.068000
420.000000 0.000000 3.804000 24.591000
432.000000 0.000000 3.862000 24.099000
444.000000 0.000000 3.920000 23.621000
456.000000 0.000000 3.978000 23.188000
468.000000 0.000000 4.094000 22.696000
480.000000 0.000000 4.151000 22.204000
492.000000 0.000000 4.209000 21.384100
504.000000 0.000000 4.267000 20.564200
516.000000 0.000000 4.325000 19.744300
528.000000 0.000000 4.383000 18.924400
540.000000 0.000000 4.441000 18.104500
552.000000 0.000000 4.499000 17.284600
564.000000 0.000000 4.557000 16.464700
576.000000 0.000000 4.615000 15.644800
588.000000 0.000000 4.673000 14.824900
600.000000 0.000000 4.731000 14.005000
612.000000 0.000000 4.789000 13.185100
624.000000 0.000000 4.847000 12.365200
456.000000 33.000000 3.645000 41.833000
468.000000 33.000000 3.645000 40.893000
480.000000 33.000000 3.703000 40.415000
492.000000 33.000000 3.804000 39.924000
504.000000 33.000000 3.862000 39.374000
516.000000 33.000000 3.978000 38.651000
528.000000 33.000000 4.036000 37.971000
540.000000 33.000000 4.036000 37.479000
552.000000 33.000000 4.123000 36.333300
564.000000 33.000000 4.210000 35.187600
576.000000 33.000000 4.297000 34.041900
588.000000 33.000000 4.384000 32.896200
600.000000 33.000000 4.471000 31.750500
612.000000 33.000000 4.558000 30.604800
624.000000 33.000000 4.645000 29.459100
636.000000 33.000000 4.732000 28.313400
648.000000 33.000000 4.819000 27.167700
660.000000 33.000000 4.906000 26.022000
672.000000 33.000000 4.993000 24.876300
684.000000 33.000000 5.080000 23.730600
480.000000 8.000000 -15.695000 34.138000
492.000000 8.000000 -15.695000 34.138000
504.000000 8.000000 -15.752000 34.080000
516.000000 8.000000 -15.752000 34.080000
528.000000 8.000000 -15.752000 34.080000
540.000000 8.000000 -15.752000 34.080000
552.000000 8.000000 -15.781000 34.080000
564.000000 8.000000 -15.781000 34.080000
576.000000 8.000000 -15.781000 34.080000
588.000000 8.000000 -15.781000 34.080000
600.000000 8.000000 -15.781000 34.080000
612.000000 8.000000 -15.781000 34.080000
624.000000 8.000000 -15.781000 34.080000
636.000000 8.000000 -15.781000 34.080000
648.000000 8.000000 -15.781000 34.080000
660.000000 8.000000 -15.781000 34.080000
672.000000 8.000000 -15.781000 34.080000
684.000000 8.000000 -15.781000 34.080000
696.000000 8.000000 -15.781000 34.080000
708.000000 8.000000 -15.781000 34.080000
480.000000 17.000000 -5.584000 25.140000
492.000000 17.000000 -5.584000 24.533000
504.000000 17.000000 -5.555000 24.041000
516.000000 17.000000 -5.584000 23.665000
528.000000 17.000000 -5.612000 23.318000
540.000000 17.000000 -5.612000 22.942000
552.000000 17.000000 -5.670000 22.580000
564.000000 17.000000 -5.699000 22.103000
576.000000 17.000000 -5.713000 21.452300
588.000000 17.000000 -5.727000 20.801600
600.000000 17.000000 -5.741000 20.150900
612.000000 17.000000 -5.755000 19.500200
624.000000 17.000000 -5.769000 18.849500
636.000000 17.000000 -5.783000 18.198800
648.000000 17.000000 -5.797000 17.548100
660.000000 17.000000 -5.811000 16.897400
672.000000 17.000000 -5.825000 16.246700
684.000000 17.000000 -5.839000 15.596000
696.000000 17.000000 -5.853000 14.945300
708.000000 17.000000 -5.867000 14.294600
504.000000 12.000000 -6.611000 24.533000
516.000000 12.000000 -6.611000 23.925000
528.000000 12.000000 -6.611000 23.303000
540.000000 12.000000 -6.611000 22.696000
552.000000 12.000000 -6.668000 22.218000
564.000000 12.000000 -6.668000 21.727000
576.000000 12.000000 -6.668000 21.307000
588.000000 12.000000 -6.611000 20.757000
600.000000 12.000000 -6.639500 19.884900
612.000000 12.000000 -6.668000 19.012800
624.000000 12.000000 -6.696500 18.140700
636.000000 12.000000 -6.725000 17.268600
648.000000 12.000000 -6.753500 16.396500
660.000000 12.000000 -6.782000 15.524400
672.000000 12.000000 -6.810500 14.652300
684.000000 12.000000 -6.839000 13.780200
696.000000 12.000000 -6.867500 12.908100
708.000000 12.000000 -6.896000 12.036000
720.000000 12.000000 -6.924500 11.163900
732.000000 12.000000 -6.953000 10.291800
504.000000 46.000000 1.794000 -6.509000
516.000000 46.000000 1.794000 -6.509000
528.000000 46.000000 1.765000 -6.871000
540.000000 46.000000 1.649000 -7.233000
552.000000 46.000000 1.591000 -7.609000
564.000000 46.000000 1.475000 -8.086000
576.000000 46.000000 1.418000 -8.824000
588.000000 46.000000 1.360000 -9.431000
600.000000 46.000000 1.273000 -10.198700
612.000000 46.000000 1.186000 -10.966400
624.000000 46.000000 1.099000 -11.734100
636.000000 46.000000 1.012000 -12.501800
648.000000 46.000000 0.925000 -13.269500
660.000000 46.000000 0.838000 -14.037200
672.000000 46.000000 0.751000 -14.804900
684.000000 46.000000 0.664000 -15.572600
696.000000 46.000000 0.577000 -16.340300
708.000000 46.000000 0.490000 -17.108000
720.000000 46.000000 0.403000 -17.875700
732.000000 46.000000 0.316000 -18.643400
516.000000 66.000000 -6.871000 19.354000
528.000000 66.000000 -6.697000 18.689000
540.000000 66.000000 -6.582000 18.067000
552.000000 66.000000 -6.408000 17.459000
564.000000 66.000000 -6.292000 16.852000
576.000000 66.000000 -6.177000 16.244000
588.000000 66.000000 -6.061000 15.637000
600.000000 66.000000 -5.887000 15.159000
612.000000 66.000000 -5.771500 14.065500
624.000000 66.000000 -5.656000 12.972000
636.000000 66.000000 -5.540500 11.878500
648.000000 66.000000 -5.425000 10.785000
660.000000 66.000000 -5.309500 9.691500
672.000000 66.000000 -5.194000 8.598000
684.000000 66.000000 -5.078500 7.504500
696.000000 66.000000 -4.963000 6.411000
708.000000 66.000000 -4.847500 5.317500
720.000000 66.000000 -4.732000 4.224000
732.000000 66.000000 -4.616500 3.130500
744.000000 66.000000 -4.501000 2.037000
552.000000 56.000000 -1.548000 39.359000
564.000000 56.000000 -2.097000 39.359000
576.000000 56.000000 -2.676000 39.359000
588.000000 56.000000 -3.370000 39.851000
600.000000 56.000000 -4.094000 40.343000
612.000000 56.000000 -4.499000 40.589000
624.000000 56.000000 -4.846000 40.835000
636.000000 56.000000 -5.468000 41.009000
648.000000 56.000000 -6.032500 41.673200
660.000000 56.000000 -6.597000 42.337400
672.000000 56.000000 -7.161500 43.001600
684.000000 56.000000 -7.726000 43.665800
696.000000 56.000000 -8.290500 44.330000
708.000000 56.000000 -8.855000 44.994200
720.000000 56.000000 -9.419500 45.658400
732.000000 56.000000 -9.984000 46.322600
744.000000 56.000000 -10.548500 46.986800
756.000000 56.000000 -11.113000 47.651000
768.000000 56.000000 -11.677500 48.315200
780.000000 56.000000 -12.242000 48.979400
576.000000 52.000000 -13.843000 30.680000
588.000000 52.000000 -13.901000 30.058000
600.000000 52.000000 -13.901000 29.451000
612.000000 52.000000 -13.901000 29.335000
624.000000 52.000000 -13.843000 29.089000
636.000000 52.000000 -13.785000 28.843000
648.000000 52.000000 -13.785000 28.482000
660.000000 52.000000 -13.785000 28.236000
672.000000 52.000000 -13.727000 27.793200
684.000000 52.000000 -13.669000 27.350400
696.000000 52.000000 -13.611000 26.907600
708.000000 52.000000 -13.553000 26.464800
720.000000 52.000000 -13.495000 26.022000
732.000000 52.000000 -13.437000 25.579200
744.000000 52.000000 -13.379000 25.136400
756.000000 52.000000 -13.321000 24.693600
768.000000 52.000000 -13.263000 24.250800
780.000000 52.000000 -13.205000 23.808000
792.000000 52.000000 -13.147000 23.365200
804.000000 52.000000 -13.089000 22.922400
576.000000 61.000000 4.238000 29.509000
588.000000 61.000000 4.296000 28.786000
600.000000 61.000000 4.412000 28.178000
612.000000 61.000000 4.470000 27.570000
624.000000 61.000000 4.585000 26.847000
636.000000 61.000000 4.528000 26.355000
648.000000 61.000000 4.412000 25.979000
660.000000 61.000000 4.296000 25.618000
672.000000 61.000000 4.325000 24.524500
684.000000 61.000000 4.354000 23.431000
696.000000 61.000000 4.383000 22.337500
708.000000 61.000000 4.412000 21.244000
720.000000 61.000000 4.441000 20.150500
732.000000 61.000000 4.470000 19.057000
744.000000 61.000000 4.499000 17.963500
756.000000 61.000000 4.528000 16.870000
768.000000 61.000000 4.557000 15.776500
780.000000 61.000000 4.586000 14.683000
792.000000 61.000000 4.615000 13.589500
804.000000 61.000000 4.644000 12.496000
600.000000 48.000000 -14.639000 30.333000
612.000000 48.000000 -14.523000 29.523000
624.000000 48.000000 -14.465000 29.147000
636.000000 48.000000 -14.465000 28.655000
648.000000 48.000000 -14.465000 28.308000
660.000000 48.000000 -14.407000 27.816000
672.000000 48.000000 -14.407000 27.440000
684.000000 48.000000 -14.349000 27.093000
696.000000 48.000000 -14.320000 26.337900
708.000000 48.000000 -14.291000 25.582800
720.000000 48.000000 -14.262000 24.827700
732.000000 48.000000 -14.233000 24.072600
744.000000 48.000000 -14.204000 23.317500
756.000000 48.000000 -14.175000 22.562400
768.000000 48.000000 -14.146000 21.807300
780.000000 48.000000 -14.117000 21.052200
792.000000 48.000000 -14.088000 20.297100
804.000000 48.000000 -14.059000 19.542000
816.000000 48.000000 -14.030000 18.786900
828.000000 48.000000 -14.001000 18.031800
636.000000 1.000000 3.862000 15.998000
648.000000 1.000000 3.920000 15.391000
660.000000 1.000000 3.978000 14.783000
672.000000 1.000000 3.978000 14.060000
684.000000 1.000000 4.036000 13.453000
696.000000 1.000000 4.036000 12.845000
708.000000 1.000000 4.094000 12.237000
720.000000 1.000000 4.151000 11.746000
732.000000 1.000000 4.180000 10.652500
744.000000 1.000000 4.209000 9.559000
756.000000 1.000000 4.238000 8.465500
768.000000 1.000000 4.267000 7.372000
780.000000 1.000000 4.296000 6.278500
792.000000 1.000000 4.325000 5.185000
804.000000 1.000000 4.354000 4.091500
816.000000 1.000000 4.383000 2.998000
828.000000 1.000000 4.412000 1.904500
840.000000 1.000000 4.441000 0.811000
852.000000 1.000000 4.470000 -0.282500
864.000000 1.000000 4.499000 -1.376000
696.000000 34.000000 4.267000 27.455000
708.000000 34.000000 4.267000 27.252000
720.000000 34.000000 4.238000 27.252000
732.000000 34.000000 4.209000 27.194000
744.000000 34.000000 4.180000 27.194000
756.000000 34.000000 4.180000 26.905000
768.000000 34.000000 4.296000 26.298000
780.000000 34.000000 4.412000 25.690000
792.000000 34.000000 4.397500 25.429900
804.000000 34.000000 4.383000 25.169800
816.000000 34.000000 4.368500 24.909700
828.000000 34.000000 4.354000 24.649600
840.000000 34.000000 4.339500 24.389500
852.000000 34.000000 4.325000 24.129400
864.000000 34.000000 4.310500 23.869300
876.000000 34.000000 4.296000 23.609200
888.000000 34.000000 4.281500 23.349100
900.000000 34.000000 4.267000 23.089000
912.000000 34.000000 4.252500 22.828900
924.000000 34.000000 4.238000 22.568800
720.000000 9.000000 -15.868000 34.080000
732.000000 9.000000 -15.897000 34.080000
744.000000 9.000000 -15.897000 34.080000
756.000000 9.000000 -15.897000 34.022000
768.000000 9.000000 -15.897000 34.022000
780.000000 9.000000 -15.926000 34.022000
792.000000 9.000000 -15.926000 34.022000
804.000000 9.000000 -15.926000 34.022000
816.000000 9.000000 -15.940500 34.022000
828.000000 9.000000 -15.955000 34.022000
840.000000 9.000000 -15.969500 34.022000
852.000000 9.000000 -15.984000 34.022000
864.000000 9.000000 -15.998500 34.022000
876.000000 9.000000 -16.013000 34.022000
888.000000 9.000000 -16.027500 34.022000
900.000000 9.000000 -16.042000 34.022000
912.000000 9.000000 -16.056500 34.022000
924.000000 9.000000 -16.071000 34.022000
936.000000 9.000000 -16.085500 34.022000
948.000000 9.000000 -16.100000 34.022000
720.000000 18.000000 -5.179000 14.306000
732.000000 18.000000 -5.121000 13.814000
744.000000 18.000000 -5.121000 13.091000
756.000000 18.000000 -5.077000 12.353000
768.000000 18.000000 -4.904000 11.861000
780.000000 18.000000 -4.730000 11.384000
792.000000 18.000000 -4.730000 10.776000
804.000000 18.000000 -4.730000 10.169000
816.000000 18.000000 -4.556500 9.296900
828.000000 18.000000 -4.383000 8.424800
840.000000 18.000000 -4.209500 7.552700
852.000000 18.000000 -4.036000 6.680600
864.000000 18.000000 -3.862500 5.808500
876.000000 18.000000 -3.689000 4.936400
888.000000 18.000000 -3.515500 4.064300
900.000000 18.000000 -3.342000 3.192200
912.000000 18.000000 -3.168500 2.320100
924.000000 18.000000 -2.995000 1.448000
936.000000 18.000000 -2.821500 0.575900
948.000000 18.000000 -2.648000 -0.296200
744.000000 13.000000 -6.032000 12.975000
756.000000 13.000000 -5.974000 12.483000
768.000000 13.000000 -5.873000 12.107000
780.000000 13.000000 -5.699000 11.630000
792.000000 13.000000 -5.584000 11.268000
804.000000 13.000000 -5.584000 10.531000
816.000000 13.000000 -5.584000 9.923000
828.000000 13.000000 -5.584000 9.446000
840.000000 13.000000 -5.526500 8.456900
852.000000 13.000000 -5.469000 7.467800
864.000000 13.000000 -5.411500 6.478700
876.000000 13.000000 -5.354000 5.489600
888.000000 13.000000 -5.296500 4.500500
900.000000 13.000000 -5.239000 3.511400
912.000000 13.000000 -5.181500 2.522300
924.000000 13.000000 -5.124000 1.533200
936.000000 13.000000 -5.066500 0.544100
948.000000 13.000000 -5.009000 -0.445000
960.000000 13.000000 -4.951500 -1.434100
972.000000 13.000000 -4.894000 -2.423200
744.000000 20.000000 -20.078000 21.596000
756.000000 20.000000 -19.730000 21.857000
768.000000 20.000000 -19.354000 22.088000
780.000000 20.000000 -18.964000 22.334000
792.000000 20.000000 -18.501000 22.826000
804.000000 20.000000 -18.110000 23.188000
816.000000 20.000000 -17.763000 23.188000
828.000000 20.000000 -17.488000 23.303000
840.000000 20.000000 -17.061000 24.071600
852.000000 20.000000 -16.634000 24.840200
864.000000 20.000000 -16.207000 25.608800
876.000000 20.000000 -15.780000 26.377400
888.000000 20.000000 -15.353000 27.146000
900.000000 20.000000 -14.926000 27.914600
912.000000 20.000000 -14.499000 28.683200
924.000000 20.000000 -14.072000 29.451800
936.000000 20.000000 -13.645000 30.220400
948.000000 20.000000 -13.218000 30.989000
960.000000 20.000000 -12.791000 31.757600
972.000000 20.000000 -12.364000 32.526200
756.000000 67.000000 2.416000 41.298000
768.000000 67.000000 2.416000 40.589000
780.000000 67.000000 2.416000 40.227000
792.000000 67.000000 2.416000 39.851000
804.000000 67.000000 2.416000 39.504000
816.000000 67.000000 2.416000 39.012000
828.000000 67.000000 2.474000 38.636000
840.000000 67.000000 2.531000 38.144000
852.000000 67.000000 2.531000 37.388900
864.000000 67.000000 2.531000 36.633800
876.000000 67.000000 2.531000 35.878700
888.000000 67.000000 2.531000 35.123600
900.000000 67.000000 2.531000 34.368500
912.000000 67.000000 2.531000 33.613400
924.000000 67.000000 2.531000 32.858300
936.000000 67.000000 2.531000 32.103200
948.000000 67.000000 2.531000 31.348100
960.000000 67.000000 2.531000 30.593000
972.000000 67.000000 2.531000 29.837900
984.000000 67.000000 2.531000 29.082800
792.000000 57.000000 -7.037000 41.535000
804.000000 57.000000 -7.055000 41.539000
816.000000 57.000000 -7.073000 41.542000
828.000000 57.000000 -7.090000 41.545000
840.000000 57.000000 -7.108000 41.548000
852.000000 57.000000 -7.126000 41.552000
864.000000 57.000000 -7.145000 41.555000
876.000000 57.000000 -7.163000 41.558000
888.000000 57.000000 -7.181000 41.564300
900.000000 57.000000 -7.199000 41.570600
912.000000 57.000000 -7.217000 41.576900
924.000000 57.000000 -7.235000 41.583200
936.000000 57.000000 -7.253000 41.589500
948.000000 57.000000 -7.271000 41.595800
960.000000 57.000000 -7.289000 41.602100
972.000000 57.000000 -7.307000 41.608400
984.000000 57.000000 -7.325000 41.614700
996.000000 57.000000 -7.343000 41.621000
1008.000000 57.000000 -7.361000 41.627300
1020.000000 57.000000 -7.379000 41.633600
816.000000 62.000000 5.887000 18.920000
828.000000 62.000000 5.887000 18.689000
840.000000 62.000000 5.887000 18.573000
852.000000 62.000000 5.887000 18.197000
864.000000 62.000000 6.234000 16.866000
876.000000 62.000000 6.408000 15.883000
888.000000 62.000000 6.408000 15.391000
900.000000 62.000000 6.408000 14.914000
912.000000 62.000000 6.668500 12.831400
924.000000 62.000000 6.929000 10.748800
936.000000 62.000000 7.189500 8.666200
948.000000 62.000000 7.450000 6.583600
960.000000 62.000000 7.710500 4.501000
972.000000 62.000000 7.971000 2.418400
984.000000 62.000000 8.231500 0.335800
996.000000 62.000000 8.492000 -1.746800
1008.000000 62.000000 8.752500 -3.829400
1020.000000 62.000000 9.013000 -5.912000
1032.000000 62.000000 9.273500 -7.994600
1044.000000 62.000000 9.534000 -10.077200
840.000000 49.000000 -15.145000 22.696000
852.000000 49.000000 -15.203000 22.349000
864.000000 49.000000 -15.261000 21.972000
876.000000 49.000000 -15.376000 21.596000
888.000000 49.000000 -15.666000 21.249000
900.000000 49.000000 -15.941000 20.873000
912.000000 49.000000 -16.230000 20.642000
924.000000 49.000000 -16.461000 20.381000
936.000000 49.000000 -16.743500 19.730300
948.000000 49.000000 -17.026000 19.079600
960.000000 49.000000 -17.308500 18.428900
972.000000 49.000000 -17.591000 17.778200
984.000000 49.000000 -17.873500 17.127500
996.000000 49.000000 -18.156000 16.476800
1008.000000 49.000000 -18.438500 15.826100
1020.000000 49.000000 -18.721000 15.175400
1032.000000 49.000000 -19.003500 14.524700
1044.000000 49.000000 -19.286000 13.874000
1056.000000 49.000000 -19.568500 13.223300
1068.000000 49.000000 -19.851000 12.572600
876.000000 2.000000 4.788000 4.817000
888.000000 2.000000 4.788000 4.325000
900.000000 2.000000 4.788000 3.848000
912.000000 2.000000 4.788000 3.110000
924.000000 2.000000 4.788000 2.372000
936.000000 2.000000 4.672000 1.895000
948.000000 2.000000 4.557000 1.649000
960.000000 2.000000 4.499000 1.287000
972.000000 2.000000 4.441000 0.193500
984.000000 2.000000 4.383000 -0.900000
996.000000 2.000000 4.325000 -1.993500
1008.000000 2.000000 4.267000 -3.087000
1020.000000 2.000000 4.209000 -4.180500
1032.000000 2.000000 4.151000 -5.274000
1044.000000 2.000000 4.093000 -6.367500
1056.000000 2.000000 4.035000 -7.461000
1068.000000 2.000000 3.977000 -8.554500
1080.000000 2.000000 3.919000 -9.648000
1092.000000 2.000000 3.861000 -10.741500
1104.000000 2.000000 3.803000 -11.835000
936.000000 35.000000 5.627000 19.108000
948.000000 35.000000 5.743000 18.501000
960.000000 35.000000 5.974000 18.139000
972.000000 35.000000 6.263000 17.647000
984.000000 35.000000 6.437000 17.286000
996.000000 35.000000 6.553000 16.924000
1008.000000 35.000000 6.770000 16.490000
1020.000000 35.000000 7.059000 15.941000
1032.000000 35.000000 7.204000 15.290300
1044.000000 35.000000 7.349000 14.639600
1056.000000 35.000000 7.494000 13.988900
1068.000000 35.000000 7.639000 13.338200
1080.000000 35.000000 7.784000 12.687500
1092.000000 35.000000 7.929000 12.036800
1104.000000 35.000000 8.074000 11.386100
1116.000000 35.000000 8.219000 10.735400
1128.000000 35.000000 8.364000 10.084700
1140.000000 35.000000 8.509000 9.434000
1152.000000 35.000000 8.654000 8.783300
1164.000000 35.000000 8.799000 8.132600
960.000000 10.000000 -16.027000 34.007000
972.000000 10.000000 -16.027000 34.007000
984.000000 10.000000 -16.027000 34.007000
996.000000 10.000000 -16.027000 34.007000
1008.000000 10.000000 -16.085000 33.950000
1020.000000 10.000000 -16.085000 33.950000
1032.000000 10.000000 -16.085000 33.950000
1044.000000 10.000000 -16.085000 33.892000
1056.000000 10.000000 -16.114000 33.840700
1068.000000 10.000000 -16.143000 33.789400
1080.000000 10.000000 -16.172000 33.738100
1092.000000 10.000000 -16.201000 33.686800
1104.000000 10.000000 -16.230000 33.635500
1116.000000 10.000000 -16.259000 33.584200
1128.000000 10.000000 -16.288000 33.532900
1140.000000 10.000000 -16.317000 33.481600
1152.000000 10.000000 -16.346000 33.430300
1164.000000 10.000000 -16.375000 33.379000
1176.000000 10.000000 -16.404000 33.327700
1188.000000 10.000000 -16.433000 33.276400
960.000000 19.000000 -3.935000 3.356000
972.000000 19.000000 -3.935000 2.864000
984.000000 19.000000 -3.935000 2.372000
996.000000 19.000000 -3.935000 1.895000
1008.000000 19.000000 -3.963000 1.215000
1020.000000 19.000000 -3.963000 0.608000
1032.000000 19.000000 -3.992000 0.072000
1044.000000 19.000000 -4.021000 -0.535000
1056.000000 19.000000 -4.035000 -1.693300
1068.000000 19.000000 -4.049000 -2.851600
1080.000000 19.000000 -4.063000 -4.009900
1092.000000 19.000000 -4.077000 -5.168200
1104.000000 19.000000 -4.091000 -6.326500
1116.000000 19.000000 -4.105000 -7.484800
1128.000000 19.000000 -4.119000 -8.643100
1140.000000 19.000000 -4.133000 -9.801400
1152.000000 19.000000 -4.147000 -10.959700
1164.000000 19.000000 -4.161000 -12.118000
1176.000000 19.000000 -4.175000 -13.276300
1188.000000 19.000000 -4.189000 -14.434600
984.000000 14.000000 -4.846000 2.864000
996.000000 14.000000 -4.730000 2.257000
1008.000000 14.000000 -4.672000 1.519000
1020.000000 14.000000 -4.672000 0.984000
1032.000000 14.000000 -4.672000 0.318000
1044.000000 14.000000 -4.672000 -0.231000
1056.000000 14.000000 -4.672000 -0.897000
1068.000000 14.000000 -4.672000 -1.504000
1080.000000 14.000000 -4.672000 -2.597500
1092.000000 14.000000 -4.672000 -3.691000
1104.000000 14.000000 -4.672000 -4.784500
1116.000000 14.000000 -4.672000 -5.878000
1128.000000 14.000000 -4.672000 -6.971500
1140.000000 14.000000 -4.672000 -8.065000
1152.000000 14.000000 -4.672000 -9.158500
1164.000000 14.000000 -4.672000 -10.252000
1176.000000 14.000000 -4.672000 -11.345500
1188.000000 14.000000 -4.672000 -12.439000
1200.000000 14.000000 -4.672000 -13.532500
1212.000000 14.000000 -4.672000 -14.626000
984.000000 21.000000 -14.856000 29.147000
996.000000 21.000000 -14.697000 29.523000
1008.000000 21.000000 -14.552000 29.943000
1020.000000 21.000000 -14.465000 30.608000
1032.000000 21.000000 -14.378000 31.158000
1044.000000 21.000000 -14.292000 31.823000
1056.000000 21.000000 -14.219000 32.373000
1068.000000 21.000000 -14.017000 32.865000
1080.000000 21.000000 -13.930500 33.958500
1092.000000 21.000000 -13.844000 35.052000
1104.000000 21.000000 -13.757500 36.145500
1116.000000 21.000000 -13.671000 37.239000
1128.000000 21.000000 -13.584500 38.332500
1140.000000 21.000000 -13.498000 39.426000
1152.000000 21.000000 -13.411500 40.519500
1164.000000 21.000000 -13.325000 41.613000
1176.000000 21.000000 -13.238500 42.706500
1188.000000 21.000000 -13.152000 43.800000
1200.000000 21.000000 -13.065500 44.893500
1212.000000 21.000000 -12.979000 45.987000
996.000000 54.000000 -9.316000 24.374000
1008.000000 54.000000 -9.026000 23.419000
1020.000000 54.000000 -8.578000 22.811000
1032.000000 54.000000 -8.115000 22.349000
1044.000000 54.000000 -7.594000 21.741000
1056.000000 54.000000 -7.146000 21.119000
1068.000000 54.000000 -7.030000 20.989000
1080.000000 54.000000 -6.929000 20.873000
1092.000000 54.000000 -6.444500 19.766000
1104.000000 54.000000 -5.960000 18.659000
1116.000000 54.000000 -5.475500 17.552000
1128.000000 54.000000 -4.991000 16.445000
1140.000000 54.000000 -4.506500 15.338000
1152.000000 54.000000 -4.022000 14.231000
1164.000000 54.000000 -3.537500 13.124000
1176.000000 54.000000 -3.053000 12.017000
1188.000000 54.000000 -2.568500 10.910000
1200.000000 54.000000 -2.084000 9.803000
1212.000000 54.000000 -1.599500 8.696000
1224.000000 54.000000 -1.115000 7.589000
996.000000 68.000000 3.269000 31.230000
1008.000000 68.000000 3.182000 30.782000
1020.000000 68.000000 3.124000 30.304000
1032.000000 68.000000 3.124000 29.813000
1044.000000 68.000000 3.182000 29.205000
1056.000000 68.000000 3.240000 28.713000
1068.000000 68.000000 3.240000 28.250000
1080.000000 68.000000 3.298000 27.758000
1092.000000 68.000000 3.356000 26.768000
1104.000000 68.000000 3.414000 25.778000
1116.000000 68.000000 3.472000 24.788000
1128.000000 68.000000 3.530000 23.798000
1140.000000 68.000000 3.588000 22.808000
1152.000000 68.000000 3.646000 21.818000
1164.000000 68.000000 3.704000 20.828000
1176.000000 68.000000 3.762000 19.838000
1188.000000 68.000000 3.820000 18.848000
1200.000000 68.000000 3.878000 17.858000
1212.000000 68.000000 3.936000 16.868000
1224.000000 68.000000 3.994000 15.878000
1020.000000 29.000000 -8.375000 -2.850000
1032.000000 29.000000 -8.824000 -3.341000
1044.000000 29.000000 -9.229000 -3.718000
1056.000000 29.000000 -9.677000 -4.180000
1068.000000 29.000000 -10.140000 -4.557000
1080.000000 29.000000 -10.603000 -5.048000
1092.000000 29.000000 -10.993000 -5.410000
1104.000000 29.000000 -11.442000 -5.887000
1116.000000 29.000000 -11.905000 -6.668200
1128.000000 29.000000 -12.368000 -7.449400
1140.000000 29.000000 -12.831000 -8.230600
1152.000000 29.000000 -13.294000 -9.011800
1164.000000 29.000000 -13.757000 -9.793000
1176.000000 29.000000 -14.220000 -10.574200
1188.000000 29.000000 -14.683000 -11.355400
1200.000000 29.000000 -15.146000 -12.136600
1212.000000 29.000000 -15.609000 -12.917800
1224.000000 29.000000 -16.072000 -13.699000
1236.000000 29.000000 -16.535000 -14.480200
1248.000000 29.000000 -16.998000 -15.261400
1032.000000 58.000000 -7.396000 41.600000
1044.000000 58.000000 -7.414000 41.603000
1056.000000 58.000000 -7.432000 41.607000
1068.000000 58.000000 -7.450000 41.610000
1080.000000 58.000000 -7.468000 41.613000
1092.000000 58.000000 -7.486000 41.616000
1104.000000 58.000000 -7.504000 41.620000
1116.000000 58.000000 -7.522000 41.623000
1128.000000 58.000000 -7.540000 41.628400
1140.000000 58.000000 -7.558000 41.633800
1152.000000 58.000000 -7.576000 41.639200
1164.000000 58.000000 -7.594000 41.644600
1176.000000 58.000000 -7.612000 41.650000
1188.000000 58.000000 -7.630000 41.655400
1200.000000 58.000000 -7.648000 41.660800
1212.000000 58.000000 -7.666000 41.666200
1224.000000 58.000000 -7.684000 41.671600
1236.000000 58.000000 -7.702000 41.677000
1248.000000 58.000000 -7.720000 41.682400
1260.000000 58.000000 -7.738000 41.687800
1056.000000 63.000000 5.092000 5.844000
1068.000000 63.000000 5.034000 5.236000
1080.000000 63.000000 4.918000 4.629000
1092.000000 63.000000 4.918000 3.906000
1104.000000 63.000000 4.918000 3.298000
1116.000000 63.000000 4.918000 2.560000
1128.000000 63.000000 4.918000 1.953000
1140.000000 63.000000 4.918000 1.230000
1152.000000 63.000000 4.918000 0.018600
1164.000000 63.000000 4.918000 -1.192800
1176.000000 63.000000 4.918000 -2.404200
1188.000000 63.000000 4.918000 -3.615600
1200.000000 63.000000 4.918000 -4.827000
1212.000000 63.000000 4.918000 -6.038400
1224.000000 63.000000 4.918000 -7.249800
1236.000000 63.000000 4.918000 -8.461200
1248.000000 63.000000 4.918000 -9.672600
1260.000000 63.000000 4.918000 -10.884000
1272.000000 63.000000 4.918000 -12.095400
1284.000000 63.000000 4.918000 -13.306800
1116.000000 3.000000 3.804000 -5.164000
1128.000000 3.000000 3.746000 -5.280000
1140.000000 3.000000 3.703000 -5.395000
1152.000000 3.000000 3.645000 -5.395000
1164.000000 3.000000 3.587000 -5.395000
1176.000000 3.000000 3.472000 -5.395000
1188.000000 3.000000 3.414000 -5.280000
1200.000000 3.000000 3.356000 -5.280000
1212.000000 3.000000 3.269500 -5.280000
1224.000000 3.000000 3.183000 -5.280000
1236.000000 3.000000 3.096500 -5.280000
1248.000000 3.000000 3.010000 -5.280000
1260.000000 3.000000 2.923500 -5.280000
1272.000000 3.000000 2.837000 -5.280000
1284.000000 3.000000 2.750500 -5.280000
1296.000000 3.000000 2.664000 -5.280000
1308.000000 3.000000 2.577500 -5.280000
1320.000000 3.000000 2.491000 -5.280000
1332.000000 3.000000 2.404500 -5.280000
1344.000000 3.000000 2.318000 -5.280000
1152.000000 39.000000 15.579000 19.181000
1164.000000 39.000000 15.174000 19.296000
1176.000000 39.000000 14.711000 19.412000
1188.000000 39.000000 14.320000 19.412000
1200.000000 39.000000 13.915000 19.528000
1212.000000 39.000000 13.525000 19.658000
1224.000000 39.000000 13.120000 19.788000
1236.000000 39.000000 12.671000 19.788000
1248.000000 39.000000 12.273500 20.009400
1260.000000 39.000000 11.876000 20.230800
1272.000000 39.000000 11.478500 20.452200
1284.000000 39.000000 11.081000 20.673600
1296.000000 39.000000 10.683500 20.895000
1308.000000 39.000000 10.286000 21.116400
1320.000000 39.000000 9.888500 21.337800
1332.000000 39.000000 9.491000 21.559200
1344.000000 39.000000 9.093500 21.780600
1356.000000 39.000000 8.696000 22.002000
1368.000000 39.000000 8.298500 22.223400
1380.000000 39.000000 7.901000 22.444800
1188.000000 38.000000 15.116000 21.293000
1200.000000 38.000000 14.176000 20.627000
1212.000000 38.000000 13.843000 20.685000
1224.000000 38.000000 13.496000 20.815000
1236.000000 38.000000 13.149000 20.945000
1248.000000 38.000000 12.744000 21.061000
1260.000000 38.000000 12.411000 21.119000
1272.000000 38.000000 12.078000 21.235000
1284.000000 38.000000 11.702000 21.456400
1296.000000 38.000000 11.326000 21.677800
1308.000000 38.000000 10.950000 21.899200
1320.000000 38.000000 10.574000 22.120600
1332.000000 38.000000 10.198000 22.342000
1344.000000 38.000000 9.822000 22.563400
1356.000000 38.000000 9.446000 22.784800
1368.000000 38.000000 9.070000 23.006200
1380.000000 38.000000 8.694000 23.227600
1392.000000 38.000000 8.318000 23.449000
1404.000000 38.000000 7.942000 23.670400
1416.000000 38.000000 7.566000 23.891800
1200.000000 11.000000 -16.085000 33.414000
1212.000000 11.000000 -16.085000 33.414000
1224.000000 11.000000 -16.085000 33.414000
1236.000000 11.000000 -16.085000 33.299000
1248.000000 11.000000 -16.085000 33.299000
1260.000000 11.000000 -16.085000 33.299000
1272.000000 11.000000 -16.085000 33.226000
1284.000000 11.000000 -16.085000 33.226000
1296.000000 11.000000 -16.085000 33.226000
1308.000000 11.000000 -16.085000 33.226000
1320.000000 11.000000 -16.085000 33.226000
1332.000000 11.000000 -16.085000 33.226000
1344.000000 11.000000 -16.085000 33.226000
1356.000000 11.000000 -16.085000 33.226000
1368.000000 11.000000 -16.085000 33.226000
1380.000000 11.000000 -16.085000 33.226000
1392.000000 11.000000 -16.085000 33.226000
1404.000000 11.000000 -16.085000 33.226000
1416.000000 11.000000 -16.085000 33.226000
1428.000000 11.000000 -16.085000 33.226000
1236.000000 69.000000 3.298000 21.191000
1248.000000 69.000000 3.298000 20.700000
1260.000000 69.000000 3.298000 20.208000
1272.000000 69.000000 3.298000 19.716000
1284.000000 69.000000 3.414000 19.108000
1296.000000 69.000000 3.472000 18.617000
1308.000000 69.000000 3.529000 18.125000
1320.000000 69.000000 3.587000 17.662000
1332.000000 69.000000 3.674000 16.672900
1344.000000 69.000000 3.761000 15.683800
1356.000000 69.000000 3.848000 14.694700
1368.000000 69.000000 3.935000 13.705600
1380.000000 69.000000 4.022000 12.716500
1392.000000 69.000000 4.109000 11.727400
1404.000000 69.000000 4.196000 10.738300
1416.000000 69.000000 4.283000 9.749200
1428.000000 69.000000 4.370000 8.760100
1440.000000 69.000000 4.457000 7.771000
1452.000000 69.000000 4.544000 6.781900
1464.000000 69.000000 4.631000 5.792800
1260.000000 30.000000 -16.563000 -9.793000
1272.000000 30.000000 -16.852000 -10.285000
1284.000000 30.000000 -17.141000 -10.632000
1296.000000 30.000000 -17.373000 -11.008000
1308.000000 30.000000 -17.604000 -11.384000
1320.000000 30.000000 -17.792000 -11.731000
1332.000000 30.000000 -17.966000 -12.107000
1344.000000 30.000000 -18.183000 -12.397000
1356.000000 30.000000 -18.392500 -13.047700
1368.000000 30.000000 -18.602000 -13.698400
1380.000000 30.000000 -18.811500 -14.349100
1392.000000 30.000000 -19.021000 -14.999800
1404.000000 30.000000 -19.230500 -15.650500
1416.000000 30.000000 -19.440000 -16.301200
1428.000000 30.000000 -19.649500 -16.951900
1440.000000 30.000000 -19.859000 -17.602600
1452.000000 30.000000 -20.068500 -18.253300
1464.000000 30.000000 -20.278000 -18.904000
1476.000000 30.000000 -20.487500 -19.554700
1488.000000 30.000000 -20.697000 -20.205400
1272.000000 59.000000 -6.726000 34.933000
1284.000000 59.000000 -6.668000 34.326000
1296.000000 59.000000 -6.553000 33.704000
1308.000000 59.000000 -6.495000 33.096000
1320.000000 59.000000 -6.437000 32.489000
1332.000000 59.000000 -6.321000 31.881000
1344.000000 59.000000 -6.321000 31.274000
1356.000000 59.000000 -6.321000 30.550000
1368.000000 59.000000 -6.234000 29.456500
1380.000000 59.000000 -6.147000 28.363000
1392.000000 59.000000 -6.060000 27.269500
1404.000000 59.000000 -5.973000 26.176000
1416.000000 59.000000 -5.886000 25.082500
1428.000000 59.000000 -5.799000 23.989000
1440.000000 59.000000 -5.712000 22.895500
1452.000000 59.000000 -5.625000 21.802000
1464.000000 59.000000 -5.538000 20.708500
1476.000000 59.000000 -5.451000 19.615000
1488.000000 59.000000 -5.364000 18.521500
1500.000000 59.000000 -5.277000 17.428000