0.000000 129.000000 13.101000 5.980000
12.000000 129.000000 12.359000 5.980000
24.000000 129.000000 11.631000 5.980000
36.000000 129.000000 10.903000 5.980000
48.000000 129.000000 10.161000 5.980000
60.000000 129.000000 9.476000 6.094000
72.000000 129.000000 8.691000 6.094000
84.000000 129.000000 7.906000 6.094000
96.000000 129.000000 7.192500 6.196600
108.000000 129.000000 6.479000 6.299200
120.000000 129.000000 5.765500 6.401800
132.000000 129.000000 5.052000 6.504400
144.000000 129.000000 4.338500 6.607000
156.000000 129.000000 3.625000 6.709600
168.000000 129.000000 2.911500 6.812200
180.000000 129.000000 2.198000 6.914800
192.000000 129.000000 1.484500 7.017400
204.000000 129.000000 0.771000 7.120000
216.000000 129.000000 0.057500 7.222600
228.000000 129.000000 -0.656000 7.325200
0.000000 112.000000 -19.866000 18.696000
12.000000 112.000000 -19.866000 18.696000
24.000000 112.000000 -19.809000 18.696000
36.000000 112.000000 -19.766000 18.696000
48.000000 112.000000 -19.709000 18.696000
60.000000 112.000000 -19.652000 18.696000
72.000000 112.000000 -19.595000 18.696000
84.000000 112.000000 -19.595000 18.696000
96.000000 112.000000 -19.538000 18.696000
108.000000 112.000000 -19.481000 18.696000
120.000000 112.000000 -19.424000 18.696000
132.000000 112.000000 -19.367000 18.696000
144.000000 112.000000 -19.310000 18.696000
156.000000 112.000000 -19.253000 18.696000
168.000000 112.000000 -19.196000 18.696000
180.000000 112.000000 -19.139000 18.696000
192.000000 112.000000 -19.082000 18.696000
204.000000 112.000000 -19.025000 18.696000
216.000000 112.000000 -18.968000 18.696000
228.000000 112.000000 -18.911000 18.696000
60.000000 141.000000 -8.206000 27.844000
72.000000 141.000000 -8.649000 27.844000
84.000000 141.000000 -9.020000 28.072000
96.000000 141.000000 -9.376000 28.415000
108.000000 141.000000 -9.648000 28.301000
120.000000 141.000000 -9.862000 27.958000
132.000000 141.000000 -9.844000 27.958000
144.000000 141.000000 -9.823000 27.957000
156.000000 141.000000 -10.066000 27.545700
168.000000 141.000000 -10.309000 27.134400
180.000000 141.000000 -10.552000 26.723100
192.000000 141.000000 -10.795000 26.311800
204.000000 141.000000 -11.038000 25.900500
216.000000 141.000000 -11.281000 25.489200
228.000000 141.000000 -11.524000 25.077900
240.000000 141.000000 -11.767000 24.666600
252.000000 141.000000 -12.010000 24.255300
264.000000 141.000000 -12.253000 23.844000
276.000000 141.000000 -12.496000 23.432700
288.000000 141.000000 -12.739000 23.021400
60.000000 117.000000 -2.298000 34.238000
72.000000 117.000000 -2.412000 34.609000
84.000000 117.000000 -2.612000 34.837000
96.000000 117.000000 -2.840000 34.837000
108.000000 117.000000 -3.097000 34.951000
120.000000 117.000000 -3.297000 34.951000
132.000000 117.000000 -3.668000 34.951000
144.000000 117.000000 -4.196000 34.837000
156.000000 117.000000 -4.424500 34.939600
168.000000 117.000000 -4.653000 35.042200
180.000000 117.000000 -4.881500 35.144800
192.000000 117.000000 -5.110000 35.247400
204.000000 117.000000 -5.338500 35.350000
216.000000 117.000000 -5.567000 35.452600
228.000000 117.000000 -5.795500 35.555200
240.000000 117.000000 -6.024000 35.657800
252.000000 117.000000 -6.252500 35.760400
264.000000 117.000000 -6.481000 35.863000
276.000000 117.000000 -6.709500 35.965600
288.000000 117.000000 -6.938000 36.068200
108.000000 131.000000 16.312000 7.293000
120.000000 131.000000 15.670000 6.836000
132.000000 131.000000 15.042000 6.836000
144.000000 131.000000 14.414000 6.836000
156.000000 131.000000 13.786000 6.836000
168.000000 131.000000 13.201000 6.836000
180.000000 131.000000 12.573000 6.836000
192.000000 131.000000 11.945000 6.722000
204.000000 131.000000 11.338500 6.722000
216.000000 131.000000 10.732000 6.722000
228.000000 131.000000 10.125500 6.722000
240.000000 131.000000 9.519000 6.722000
252.000000 131.000000 8.912500 6.722000
264.000000 131.000000 8.306000 6.722000
276.000000 131.000000 7.699500 6.722000
288.000000 131.000000 7.093000 6.722000
300.000000 131.000000 6.486500 6.722000
312.000000 131.000000 5.880000 6.722000
324.000000 131.000000 5.273500 6.722000
336.000000 131.000000 4.667000 6.722000
240.000000 130.000000 -0.999000 6.436000
252.000000 130.000000 -1.727000 6.436000
264.000000 130.000000 -2.469000 6.436000
276.000000 130.000000 -3.197000 6.436000
288.000000 130.000000 -3.939000 6.436000
300.000000 130.000000 -4.667000 6.436000
312.000000 130.000000 -5.395000 6.436000
324.000000 130.000000 -6.194000 6.436000
336.000000 130.000000 -6.929000 6.436000
348.000000 130.000000 -7.664000 6.436000
360.000000 130.000000 -8.399000 6.436000
372.000000 130.000000 -9.134000 6.436000
384.000000 130.000000 -9.869000 6.436000
396.000000 130.000000 -10.604000 6.436000
408.000000 130.000000 -11.339000 6.436000
420.000000 130.000000 -12.074000 6.436000
432.000000 130.000000 -12.809000 6.436000
444.000000 130.000000 -13.544000 6.436000
456.000000 130.000000 -14.279000 6.436000
468.000000 130.000000 -15.014000 6.436000
240.000000 113.000000 -18.182000 18.422000
252.000000 113.000000 -18.239000 18.433000
264.000000 113.000000 -18.295000 18.444000
276.000000 113.000000 -18.352000 18.456000
288.000000 113.000000 -18.408000 18.467000
300.000000 113.000000 -18.465000 18.478000
312.000000 113.000000 -18.521000 18.490000
324.000000 113.000000 -18.578000 18.501000
336.000000 113.000000 -18.634500 18.520800
348.000000 113.000000 -18.691000 18.540600
360.000000 113.000000 -18.747500 18.560400
372.000000 113.000000 -18.804000 18.580200
384.000000 113.000000 -18.860500 18.600000
396.000000 113.000000 -18.917000 18.619800
408.000000 113.000000 -18.973500 18.639600
420.000000 113.000000 -19.030000 18.659400
432.000000 113.000000 -19.086500 18.679200
444.000000 113.000000 -19.143000 18.699000
456.000000 113.000000 -19.199500 18.718800
468.000000 113.000000 -19.256000 18.738600
300.000000 142.000000 -9.547000 27.952000
312.000000 142.000000 -9.526000 27.952000
324.000000 142.000000 -9.505000 27.951000
336.000000 142.000000 -9.483000 27.951000
348.000000 142.000000 -9.462000 27.951000
360.000000 142.000000 -9.441000 27.950000
372.000000 142.000000 -9.420000 27.950000
384.000000 142.000000 -9.399000 27.949000
396.000000 142.000000 -9.378000 27.948100
408.000000 142.000000 -9.357000 27.947200
420.000000 142.000000 -9.336000 27.946300
432.000000 142.000000 -9.315000 27.945400
444.000000 142.000000 -9.294000 27.944500
456.000000 142.000000 -9.273000 27.943600
468.000000 142.000000 -9.252000 27.942700
480.000000 142.000000 -9.231000 27.941800
492.000000 142.000000 -9.210000 27.940900
504.000000 142.000000 -9.189000 27.940000
516.000000 142.000000 -9.168000 27.939100
528.000000 142.000000 -9.147000 27.938200
300.000000 118.000000 -6.103000 34.750000
312.000000 118.000000 -5.914000 34.754000
324.000000 118.000000 -5.725000 34.759000
336.000000 118.000000 -5.537000 34.764000
348.000000 118.000000 -5.348000 34.768000
360.000000 118.000000 -5.159000 34.772000
372.000000 118.000000 -4.970000 34.777000
384.000000 118.000000 -4.782000 34.782000
396.000000 118.000000 -4.593000 34.789200
408.000000 118.000000 -4.404000 34.796400
420.000000 118.000000 -4.215000 34.803600
432.000000 118.000000 -4.026000 34.810800
444.000000 118.000000 -3.837000 34.818000
456.000000 118.000000 -3.648000 34.825200
468.000000 118.000000 -3.459000 34.832400
480.000000 118.000000 -3.270000 34.839600
492.000000 118.000000 -3.081000 34.846800
504.000000 118.000000 -2.892000 34.854000
516.000000 118.000000 -2.703000 34.861200
528.000000 118.000000 -2.514000 34.868400
348.000000 132.000000 3.825000 6.494000
360.000000 132.000000 3.197000 6.494000
372.000000 132.000000 2.512000 6.494000
384.000000 132.000000 1.827000 6.379000
396.000000 132.000000 1.156000 6.379000
408.000000 132.000000 0.471000 6.379000
420.000000 132.000000 -0.157000 6.251000
432.000000 132.000000 -0.842000 6.251000
444.000000 132.000000 -1.520000 6.251000
456.000000 132.000000 -2.198000 6.251000
468.000000 132.000000 -2.876000 6.251000
480.000000 132.000000 -3.554000 6.251000
492.000000 132.000000 -4.232000 6.251000
504.000000 132.000000 -4.910000 6.251000
516.000000 132.000000 -5.588000 6.251000
528.000000 132.000000 -6.266000 6.251000
540.000000 132.000000 -6.944000 6.251000
552.000000 132.000000 -7.622000 6.251000
564.000000 132.000000 -8.300000 6.251000
576.000000 132.000000 -8.978000 6.251000
528.000000 139.000000 -14.928000 38.176000
540.000000 139.000000 -15.313000 38.348000
552.000000 139.000000 -15.513000 38.633000
564.000000 139.000000 -15.456000 38.633000
576.000000 139.000000 -15.413000 38.633000
588.000000 139.000000 -15.356000 38.633000
600.000000 139.000000 -15.256000 38.690000
612.000000 139.000000 -15.313000 38.690000
624.000000 139.000000 -15.263000 38.690000
636.000000 139.000000 -15.213000 38.690000
648.000000 139.000000 -15.163000 38.690000
660.000000 139.000000 -15.113000 38.690000
672.000000 139.000000 -15.063000 38.690000
684.000000 139.000000 -15.013000 38.690000
696.000000 139.000000 -14.963000 38.690000
708.000000 139.000000 -14.913000 38.690000
720.000000 139.000000 -14.863000 38.690000
732.000000 139.000000 -14.813000 38.690000
744.000000 139.000000 -14.763000 38.690000
756.000000 139.000000 -14.713000 38.690000
768.000000 140.000000 -15.570000 38.774000
780.000000 140.000000 -15.570000 38.776000
792.000000 140.000000 -15.570000 38.778000
804.000000 140.000000 -15.570000 38.780000
816.000000 140.000000 -15.570000 38.782000
828.000000 140.000000 -15.570000 38.784000
840.000000 140.000000 -15.570000 38.786000
852.000000 140.000000 -15.570000 38.788000
864.000000 140.000000 -15.570000 38.791600
876.000000 140.000000 -15.570000 38.795200
888.000000 140.000000 -15.570000 38.798800
900.000000 140.000000 -15.570000 38.802400
912.000000 140.000000 -15.570000 38.806000
924.000000 140.000000 -15.570000 38.809600
936.000000 140.000000 -15.570000 38.813200
948.000000 140.000000 -15.570000 38.816800
960.000000 140.000000 -15.570000 38.820400
972.000000 140.000000 -15.570000 38.824000
984.000000 140.000000 -15.570000 38.827600
996.000000 140.000000 -15.570000 38.831200
1416.000000 160.000000 -15.913000 18.753000
1428.000000 160.000000 -16.484000 18.753000
1440.000000 160.000000 -17.055000 18.753000
1452.000000 160.000000 -17.640000 18.753000
1464.000000 160.000000 -18.196000 18.810000
1476.000000 160.000000 -18.767000 18.810000
1488.000000 160.000000 -19.338000 18.810000
1500.000000 160.000000 -19.809000 18.810000
1512.000000 160.000000 -20.372500 18.861300
1524.000000 160.000000 -20.936000 18.912600
1536.000000 160.000000 -21.499500 18.963900
1548.000000 160.000000 -22.063000 19.015200
1560.000000 160.000000 -22.626500 19.066500
1572.000000 160.000000 -23.190000 19.117800
1584.000000 160.000000 -23.753500 19.169100
1596.000000 160.000000 -24.317000 19.220400
1608.000000 160.000000 -24.880500 19.271700
1620.000000 160.000000 -25.444000 19.323000
1632.000000 160.000000 -26.007500 19.374300
1644.000000 160.000000 -26.571000 19.425600
1524.000000 5.000000 12.944000 5.209000
1536.000000 5.000000 12.473000 5.209000
1548.000000 5.000000 11.945000 5.323000
1560.000000 5.000000 11.417000 5.323000
1572.000000 5.000000 10.946000 5.452000
1584.000000 5.000000 10.433000 5.452000
1596.000000 5.000000 9.904000 5.566000
1608.000000 5.000000 9.434000 5.566000
1620.000000 5.000000 8.942000 5.682100
1632.000000 5.000000 8.450000 5.798200
1644.000000 5.000000 7.958000 5.914300
1656.000000 5.000000 7.466000 6.030400
1668.000000 5.000000 6.974000 6.146500
1680.000000 5.000000 6.482000 6.262600
1692.000000 5.000000 5.990000 6.378700
1704.000000 5.000000 5.498000 6.494800
1716.000000 5.000000 5.006000 6.610900
1728.000000 5.000000 4.514000 6.727000
1740.000000 5.000000 4.022000 6.843100
1752.000000 5.000000 3.530000 6.959200
1656.000000 161.000000 -19.937000 18.225000
1668.000000 161.000000 -19.966000 18.225000
1680.000000 161.000000 -19.966000 18.168000
1692.000000 161.000000 -19.966000 18.168000
1704.000000 161.000000 -19.994000 18.111000
1716.000000 161.000000 -19.994000 18.054000
1728.000000 161.000000 -19.994000 18.054000
1740.000000 161.000000 -20.009000 17.996000
1752.000000 161.000000 -20.023000 17.893400
1764.000000 161.000000 -20.037000 17.790800
1776.000000 161.000000 -20.051000 17.688200
1788.000000 161.000000 -20.065000 17.585600
1800.000000 161.000000 -20.079000 17.483000
1812.000000 161.000000 -20.093000 17.380400
1824.000000 161.000000 -20.107000 17.277800
1836.000000 161.000000 -20.121000 17.175200
1848.000000 161.000000 -20.135000 17.072600
1860.000000 161.000000 -20.149000 16.970000
1872.000000 161.000000 -20.163000 16.867400
1884.000000 161.000000 -20.177000 16.764800
1764.000000 6.000000 3.083000 5.694000
1776.000000 6.000000 2.569000 5.694000
1788.000000 6.000000 2.041000 5.694000
1800.000000 6.000000 1.513000 5.694000
1812.000000 6.000000 0.999000 5.694000
1824.000000 6.000000 0.471000 5.694000
1836.000000 6.000000 -0.057000 5.694000
1848.000000 6.000000 -0.571000 5.694000
1860.000000 6.000000 -1.092000 5.694000
1872.000000 6.000000 -1.613000 5.694000
1884.000000 6.000000 -2.134000 5.694000
1896.000000 6.000000 -2.655000 5.694000
1908.000000 6.000000 -3.176000 5.694000
1920.000000 6.000000 -3.697000 5.694000
1932.000000 6.000000 -4.218000 5.694000
1944.000000 6.000000 -4.739000 5.694000
1956.000000 6.000000 -5.260000 5.694000
1968.000000 6.000000 -5.781000 5.694000
1980.000000 6.000000 -6.302000 5.694000
1992.000000 6.000000 -6.823000 5.694000
2004.000000 7.000000 -7.635000 5.623000
2016.000000 7.000000 -8.063000 5.680000
2028.000000 7.000000 -8.520000 5.680000
2040.000000 7.000000 -8.977000 5.623000
2052.000000 7.000000 -9.405000 5.680000
2064.000000 7.000000 -9.862000 5.680000
2076.000000 7.000000 -10.375000 5.623000
2088.000000 7.000000 -10.961000 5.623000
2100.000000 7.000000 -11.403500 5.674300
2112.000000 7.000000 -11.846000 5.725600
2124.000000 7.000000 -12.288500 5.776900
2136.000000 7.000000 -12.731000 5.828200
2148.000000 7.000000 -13.173500 5.879500
2160.000000 7.000000 -13.616000 5.930800
2172.000000 7.000000 -14.058500 5.982100
2184.000000 7.000000 -14.501000 6.033400
2196.000000 7.000000 -14.943500 6.084700
2208.000000 7.000000 -15.386000 6.136000
2220.000000 7.000000 -15.828500 6.187300
2232.000000 7.000000 -16.271000 6.238600
2052.000000 8.000000 -0.257000 17.540000
2064.000000 8.000000 -0.942000 17.540000
2076.000000 8.000000 -1.570000 17.426000
2088.000000 8.000000 -2.198000 17.426000
2100.000000 8.000000 -2.826000 17.426000
2112.000000 8.000000 -3.454000 17.311000
2124.000000 8.000000 -4.039000 17.311000
2136.000000 8.000000 -4.667000 17.311000
2148.000000 8.000000 -5.295000 17.207500
2160.000000 8.000000 -5.923000 17.104000
2172.000000 8.000000 -6.551000 17.000500
2184.000000 8.000000 -7.179000 16.897000
2196.000000 8.000000 -7.807000 16.793500
2208.000000 8.000000 -8.435000 16.690000
2220.000000 8.000000 -9.063000 16.586500
2232.000000 8.000000 -9.691000 16.483000
2244.000000 8.000000 -10.319000 16.379500
2256.000000 8.000000 -10.947000 16.276000
2268.000000 8.000000 -11.575000 16.172500
2280.000000 8.000000 -12.203000 16.069000
3228.000000 37.000000 -0.542000 17.254000
3240.000000 37.000000 -0.114000 16.798000
3252.000000 37.000000 0.457000 16.798000
3264.000000 37.000000 0.451000 17.039000
3276.000000 37.000000 0.429000 17.090000
3288.000000 37.000000 0.407000 17.141000
3300.000000 37.000000 0.385000 17.192000
3312.000000 37.000000 0.362000 17.243000
3324.000000 37.000000 0.340000 17.334800
3336.000000 37.000000 0.318000 17.426600
3348.000000 37.000000 0.296000 17.518400
3360.000000 37.000000 0.274000 17.610200
3372.000000 37.000000 0.252000 17.702000
3384.000000 37.000000 0.230000 17.793800
3396.000000 37.000000 0.208000 17.885600
3408.000000 37.000000 0.186000 17.977400
3420.000000 37.000000 0.164000 18.069200
3432.000000 37.000000 0.142000 18.161000
3444.000000 37.000000 0.120000 18.252800
3456.000000 37.000000 0.098000 18.344600
3492.000000 35.000000 1.028000 17.026000
3504.000000 35.000000 0.457000 17.140000
3516.000000 35.000000 0.128000 17.254000
3528.000000 35.000000 -0.186000 17.369000
3540.000000 35.000000 -0.500000 17.540000
3552.000000 35.000000 -0.871000 17.540000
3564.000000 35.000000 -1.185000 17.540000
3576.000000 35.000000 -1.613000 17.540000
3588.000000 35.000000 -1.955500 17.693900
3600.000000 35.000000 -2.298000 17.847800
3612.000000 35.000000 -2.640500 18.001700
3624.000000 35.000000 -2.983000 18.155600
3636.000000 35.000000 -3.325500 18.309500
3648.000000 35.000000 -3.668000 18.463400
3660.000000 35.000000 -4.010500 18.617300
3672.000000 35.000000 -4.353000 18.771200
3684.000000 35.000000 -4.695500 18.925100
3696.000000 35.000000 -5.038000 19.079000
3708.000000 35.000000 -5.380500 19.232900
3720.000000 35.000000 -5.723000 19.386800
3732.000000 36.000000 -6.265000 17.426000
3744.000000 36.000000 -6.636000 17.426000
3756.000000 36.000000 -7.007000 17.426000
3768.000000 36.000000 -7.378000 17.426000
3780.000000 36.000000 -7.721000 17.426000
3792.000000 36.000000 -8.035000 17.426000
3804.000000 36.000000 -8.406000 17.426000
3816.000000 36.000000 -8.777000 17.426000
3828.000000 36.000000 -9.105500 17.426000
3840.000000 36.000000 -9.434000 17.426000
3852.000000 36.000000 -9.762500 17.426000
3864.000000 36.000000 -10.091000 17.426000
3876.000000 36.000000 -10.419500 17.426000
3888.000000 36.000000 -10.748000 17.426000
3900.000000 36.000000 -11.076500 17.426000
3912.000000 36.000000 -11.405000 17.426000
3924.000000 36.000000 -11.733500 17.426000
3936.000000 36.000000 -12.062000 17.426000
3948.000000 36.000000 -12.390500 17.426000
3960.000000 36.000000 -12.719000 17.426000
4788.000000 74.000000 16.369000 6.494000
4800.000000 74.000000 14.985000 6.436000
4812.000000 74.000000 13.501000 6.436000
4824.000000 74.000000 11.974000 6.551000
4836.000000 74.000000 10.504000 6.551000
4848.000000 74.000000 8.963000 6.551000
4860.000000 74.000000 7.264000 6.551000
4872.000000 74.000000 5.552000 6.551000
4884.000000 74.000000 4.046500 6.551000
4896.000000 74.000000 2.541000 6.551000
4908.000000 74.000000 1.035500 6.551000
4920.000000 74.000000 -0.470000 6.551000
4932.000000 74.000000 -1.975500 6.551000
4944.000000 74.000000 -3.481000 6.551000
4956.000000 74.000000 -4.986500 6.551000
4968.000000 74.000000 -6.492000 6.551000
4980.000000 74.000000 -7.997500 6.551000
4992.000000 74.000000 -9.503000 6.551000
5004.000000 74.000000 -11.008500 6.551000
5016.000000 74.000000 -12.514000 6.551000
6744.000000 152.000000 15.142000 5.866000
6756.000000 152.000000 14.115000 5.866000
6768.000000 152.000000 13.230000 5.980000
6780.000000 152.000000 12.502000 5.980000
6792.000000 152.000000 11.760000 6.094000
6804.000000 152.000000 11.132000 6.094000
6816.000000 152.000000 10.604000 6.094000
6828.000000 152.000000 10.033000 6.094000
6840.000000 152.000000 9.348000 6.196600
6852.000000 152.000000 8.663000 6.299200
6864.000000 152.000000 7.978000 6.401800
6876.000000 152.000000 7.293000 6.504400
6888.000000 152.000000 6.608000 6.607000
6900.000000 152.000000 5.923000 6.709600
6912.000000 152.000000 5.238000 6.812200
6924.000000 152.000000 4.553000 6.914800
6936.000000 152.000000 3.868000 7.017400
6948.000000 152.000000 3.183000 7.120000
6960.000000 152.000000 2.498000 7.222600
6972.000000 152.000000 1.813000 7.325200
6984.000000 150.000000 -19.652000 17.711000
6996.000000 150.000000 -19.238000 17.711000
7008.000000 150.000000 -18.467000 17.540000
7020.000000 150.000000 -18.111000 17.768000
7032.000000 150.000000 -17.640000 17.996000
7044.000000 150.000000 -16.327000 18.111000
7056.000000 150.000000 -15.071000 18.111000
7068.000000 150.000000 -13.758000 18.225000
7080.000000 150.000000 -12.866000 18.533700
7092.000000 150.000000 -11.974000 18.842400
7104.000000 150.000000 -11.082000 19.151100
7116.000000 150.000000 -10.190000 19.459800
7128.000000 150.000000 -9.298000 19.768500
7140.000000 150.000000 -8.406000 20.077200
7152.000000 150.000000 -7.514000 20.385900
7164.000000 150.000000 -6.622000 20.694600
7176.000000 150.000000 -5.730000 21.003300
7188.000000 150.000000 -4.838000 21.312000
7200.000000 150.000000 -3.946000 21.620700
7212.000000 150.000000 -3.054000 21.929400
6984.000000 153.000000 3.425000 6.094000
6996.000000 153.000000 2.854000 6.094000
7008.000000 153.000000 2.269000 6.094000
7020.000000 153.000000 1.698000 6.094000
7032.000000 153.000000 1.127000 6.094000
7044.000000 153.000000 0.500000 6.094000
7056.000000 153.000000 -0.086000 6.094000
7068.000000 153.000000 -0.656000 6.037000
7080.000000 153.000000 -1.255000 6.037000
7092.000000 153.000000 -1.854000 6.037000
7104.000000 153.000000 -2.453000 6.037000
7116.000000 153.000000 -3.052000 6.037000
7128.000000 153.000000 -3.651000 6.037000
7140.000000 153.000000 -4.250000 6.037000
7152.000000 153.000000 -4.849000 6.037000
7164.000000 153.000000 -5.448000 6.037000
7176.000000 153.000000 -6.047000 6.037000
7188.000000 153.000000 -6.646000 6.037000
7200.000000 153.000000 -7.245000 6.037000
7212.000000 153.000000 -7.844000 6.037000
7224.000000 151.000000 -6.716000 17.654000
7236.000000 151.000000 -6.712000 17.654000
7248.000000 151.000000 -6.709000 17.654000
7260.000000 151.000000 -6.705000 17.654000
7272.000000 151.000000 -6.701000 17.654000
7284.000000 151.000000 -6.698000 17.654000
7296.000000 151.000000 -6.694000 17.654000
7308.000000 151.000000 -6.691000 17.654000
7320.000000 151.000000 -6.687500 17.654000
7332.000000 151.000000 -6.684000 17.654000
7344.000000 151.000000 -6.680500 17.654000
7356.000000 151.000000 -6.677000 17.654000
7368.000000 151.000000 -6.673500 17.654000
7380.000000 151.000000 -6.670000 17.654000
7392.000000 151.000000 -6.666500 17.654000
7404.000000 151.000000 -6.663000 17.654000
7416.000000 151.000000 -6.659500 17.654000
7428.000000 151.000000 -6.656000 17.654000
7440.000000 151.000000 -6.652500 17.654000
7452.000000 151.000000 -6.649000 17.654000
7224.000000 154.000000 -8.306000 5.794000
7236.000000 154.000000 -8.920000 5.794000
7248.000000 154.000000 -9.434000 5.794000
7260.000000 154.000000 -9.904000 5.794000
7272.000000 154.000000 -10.547000 5.794000
7284.000000 154.000000 -11.118000 5.794000
7296.000000 154.000000 -11.746000 5.794000
7308.000000 154.000000 -12.316000 5.794000
7320.000000 154.000000 -12.923000 5.794000
7332.000000 154.000000 -13.530000 5.794000
7344.000000 154.000000 -14.137000 5.794000
7356.000000 154.000000 -14.744000 5.794000
7368.000000 154.000000 -15.351000 5.794000
7380.000000 154.000000 -15.958000 5.794000
7392.000000 154.000000 -16.565000 5.794000
7404.000000 154.000000 -17.172000 5.794000
7416.000000 154.000000 -17.779000 5.794000
7428.000000 154.000000 -18.386000 5.794000
7440.000000 154.000000 -18.993000 5.794000
7452.000000 154.000000 -19.600000 5.794000
7512.000000 156.000000 -19.795000 18.453000
7524.000000 156.000000 -19.424000 18.453000
7536.000000 156.000000 -19.053000 18.339000
7548.000000 156.000000 -18.681000 18.339000
7560.000000 156.000000 -18.268000 18.339000
7572.000000 156.000000 -17.854000 18.339000
7584.000000 156.000000 -17.369000 18.339000
7596.000000 156.000000 -16.912000 18.225000
7608.000000 156.000000 -16.498500 18.225000
7620.000000 156.000000 -16.085000 18.225000
7632.000000 156.000000 -15.671500 18.225000
7644.000000 156.000000 -15.258000 18.225000
7656.000000 156.000000 -14.844500 18.225000
7668.000000 156.000000 -14.431000 18.225000
7680.000000 156.000000 -14.017500 18.225000
7692.000000 156.000000 -13.604000 18.225000
7704.000000 156.000000 -13.190500 18.225000
7716.000000 156.000000 -12.777000 18.225000
7728.000000 156.000000 -12.363500 18.225000
7740.000000 156.000000 -11.950000 18.225000
7596.000000 86.000000 -13.430000 7.635000
7608.000000 86.000000 -12.802000 7.635000
7620.000000 86.000000 -12.174000 7.635000
7632.000000 86.000000 -11.489000 7.635000
7644.000000 86.000000 -10.804000 7.635000
7656.000000 86.000000 -10.176000 7.635000
7668.000000 86.000000 -9.491000 7.635000
7680.000000 86.000000 -8.863000 7.635000
7692.000000 86.000000 -8.206500 7.635000
7704.000000 86.000000 -7.550000 7.635000
7716.000000 86.000000 -6.893500 7.635000
7728.000000 86.000000 -6.237000 7.635000
7740.000000 86.000000 -5.580500 7.635000
7752.000000 86.000000 -4.924000 7.635000
7764.000000 86.000000 -4.267500 7.635000
7776.000000 86.000000 -3.611000 7.635000
7788.000000 86.000000 -2.954500 7.635000
7800.000000 86.000000 -2.298000 7.635000
7812.000000 86.000000 -1.641500 7.635000
7824.000000 86.000000 -0.985000 7.635000
7644.000000 92.000000 16.584000 6.551000
7656.000000 92.000000 16.584000 6.551000
7668.000000 92.000000 16.584000 6.551000
7680.000000 92.000000 16.341000 6.551000
7692.000000 92.000000 15.884000 6.551000
7704.000000 92.000000 15.370000 6.551000
7716.000000 92.000000 14.914000 6.551000
7728.000000 92.000000 14.429000 6.551000
7740.000000 92.000000 13.943500 6.551000
7752.000000 92.000000 13.458000 6.551000
7764.000000 92.000000 12.972500 6.551000
7776.000000 92.000000 12.487000 6.551000
7788.000000 92.000000 12.001500 6.551000
7800.000000 92.000000 11.516000 6.551000
7812.000000 92.000000 11.030500 6.551000
7824.000000 92.000000 10.545000 6.551000
7836.000000 92.000000 10.059500 6.551000
7848.000000 92.000000 9.574000 6.551000
7860.000000 92.000000 9.088500 6.551000
7872.000000 92.000000 8.603000 6.551000
7836.000000 87.000000 -0.328000 7.635000
7848.000000 87.000000 0.300000 7.764000
7860.000000 87.000000 0.942000 7.764000
7872.000000 87.000000 1.570000 7.764000
7884.000000 87.000000 2.198000 7.764000
7896.000000 87.000000 2.840000 7.892000
7908.000000 87.000000 3.468000 7.892000
7920.000000 87.000000 4.096000 7.892000
7932.000000 87.000000 4.731000 8.007200
7944.000000 87.000000 5.366000 8.122400
7956.000000 87.000000 6.001000 8.237600
7968.000000 87.000000 6.636000 8.352800
7980.000000 87.000000 7.271000 8.468000
7992.000000 87.000000 7.906000 8.583200
8004.000000 87.000000 8.541000 8.698400
8016.000000 87.000000 9.176000 8.813600
8028.000000 87.000000 9.811000 8.928800
8040.000000 87.000000 10.446000 9.044000
8052.000000 87.000000 11.081000 9.159200
8064.000000 87.000000 11.716000 9.274400
7884.000000 93.000000 9.091000 6.665000
7896.000000 93.000000 8.663000 6.665000
7908.000000 93.000000 8.206000 6.665000
7920.000000 93.000000 7.778000 6.665000
7932.000000 93.000000 7.307000 6.665000
7944.000000 93.000000 6.893000 6.665000
7956.000000 93.000000 6.465000 6.665000
7968.000000 93.000000 5.951000 6.551000
7980.000000 93.000000 5.508500 6.551000
7992.000000 93.000000 5.066000 6.551000
8004.000000 93.000000 4.623500 6.551000
8016.000000 93.000000 4.181000 6.551000
8028.000000 93.000000 3.738500 6.551000
8040.000000 93.000000 3.296000 6.551000
8052.000000 93.000000 2.853500 6.551000
8064.000000 93.000000 2.411000 6.551000
8076.000000 93.000000 1.968500 6.551000
8088.000000 93.000000 1.526000 6.551000
8100.000000 93.000000 1.083500 6.551000
8112.000000 93.000000 0.641000 6.551000
8124.000000 94.000000 0.100000 5.980000
8136.000000 94.000000 -0.371000 5.980000
8148.000000 94.000000 -0.842000 6.094000
8160.000000 94.000000 -1.313000 6.094000
8172.000000 94.000000 -1.841000 6.208000
8184.000000 94.000000 -2.312000 6.208000
8196.000000 94.000000 -2.783000 6.322000
8208.000000 94.000000 -3.297000 6.322000
8220.000000 94.000000 -3.796500 6.424600
8232.000000 94.000000 -4.296000 6.527200
8244.000000 94.000000 -4.795500 6.629800
8256.000000 94.000000 -5.295000 6.732400
8268.000000 94.000000 -5.794500 6.835000
8280.000000 94.000000 -6.294000 6.937600
8292.000000 94.000000 -6.793500 7.040200
8304.000000 94.000000 -7.293000 7.142800
8316.000000 94.000000 -7.792500 7.245400
8328.000000 94.000000 -8.292000 7.348000
8340.000000 94.000000 -8.791500 7.450600
8352.000000 94.000000 -9.291000 7.553200
8364.000000 95.000000 -9.590000 7.464000
8376.000000 95.000000 -10.004000 7.707000
8388.000000 95.000000 -10.490000 7.935000
8400.000000 95.000000 -10.903000 8.063000
8412.000000 95.000000 -11.374000 8.292000
8424.000000 95.000000 -11.803000 8.520000
8436.000000 95.000000 -12.259000 8.748000
8448.000000 95.000000 -12.687000 8.863000
8460.000000 95.000000 -13.137000 9.274300
8472.000000 95.000000 -13.587000 9.685600
8484.000000 95.000000 -14.037000 10.096900
8496.000000 95.000000 -14.487000 10.508200
8508.000000 95.000000 -14.937000 10.919500
8520.000000 95.000000 -15.387000 11.330800
8532.000000 95.000000 -15.837000 11.742100
8544.000000 95.000000 -16.287000 12.153400
8556.000000 95.000000 -16.737000 12.564700
8568.000000 95.000000 -17.187000 12.976000
8580.000000 95.000000 -17.637000 13.387300
8592.000000 95.000000 -18.087000 13.798600
10968.000000 97.000000 -19.152000 14.115000
10980.000000 97.000000 -18.739000 13.544000
10992.000000 97.000000 -18.211000 13.201000
11004.000000 97.000000 -17.768000 12.916000
11016.000000 97.000000 -17.397000 12.687000
11028.000000 97.000000 -16.983000 12.216000
11040.000000 97.000000 -16.569000 11.860000
11052.000000 97.000000 -16.141000 11.403000
11064.000000 97.000000 -15.748500 10.773000
11076.000000 97.000000 -15.356000 10.143000
11088.000000 97.000000 -14.963500 9.513000
11100.000000 97.000000 -14.571000 8.883000
11112.000000 97.000000 -14.178500 8.253000
11124.000000 97.000000 -13.786000 7.623000
11136.000000 97.000000 -13.393500 6.993000
11148.000000 97.000000 -13.001000 6.363000
11160.000000 97.000000 -12.608500 5.733000
11172.000000 97.000000 -12.216000 5.103000
11184.000000 97.000000 -11.823500 4.473000
11196.000000 97.000000 -11.431000 3.843000
11004.000000 56.000000 8.406000 8.121000
11016.000000 56.000000 8.406000 8.121000
11028.000000 56.000000 8.406000 8.121000
11040.000000 56.000000 8.406000 8.121000
11052.000000 56.000000 8.406000 8.121000
11064.000000 56.000000 8.406000 8.121000
11076.000000 56.000000 8.406000 8.121000
11088.000000 56.000000 8.406000 8.121000
11100.000000 56.000000 8.406000 8.121000
11112.000000 56.000000 8.406000 8.121000
11124.000000 56.000000 8.406000 8.121000
11136.000000 56.000000 8.406000 8.121000
11148.000000 56.000000 8.406000 8.121000
11160.000000 56.000000 8.406000 8.121000
11172.000000 56.000000 8.406000 8.121000
11184.000000 56.000000 8.406000 8.121000
11196.000000 56.000000 8.406000 8.121000
11208.000000 56.000000 8.406000 8.121000
11220.000000 56.000000 8.406000 8.121000
11232.000000 56.000000 8.406000 8.121000
11208.000000 98.000000 -9.605000 7.350000
11220.000000 98.000000 -9.062000 7.236000
11232.000000 98.000000 -8.606000 7.007000
11244.000000 98.000000 -8.063000 6.893000
11256.000000 98.000000 -7.550000 6.779000
11268.000000 98.000000 -7.036000 6.665000
11280.000000 98.000000 -6.494000 6.551000
11292.000000 98.000000 -5.866000 6.436000
11304.000000 98.000000 -5.352500 6.230800
11316.000000 98.000000 -4.839000 6.025600
11328.000000 98.000000 -4.325500 5.820400
11340.000000 98.000000 -3.812000 5.615200
11352.000000 98.000000 -3.298500 5.410000
11364.000000 98.000000 -2.785000 5.204800
11376.000000 98.000000 -2.271500 4.999600
11388.000000 98.000000 -1.758000 4.794400
11400.000000 98.000000 -1.244500 4.589200
11412.000000 98.000000 -0.731000 4.384000
11424.000000 98.000000 -0.217500 4.178800
11436.000000 98.000000 0.296000 3.973600
11244.000000 57.000000 8.406000 8.121000
11256.000000 57.000000 8.406000 8.121000
11268.000000 57.000000 8.406000 8.121000
11280.000000 57.000000 8.406000 8.121000
11292.000000 57.000000 8.406000 8.121000
11304.000000 57.000000 8.406000 8.121000
11316.000000 57.000000 8.406000 8.121000
11328.000000 57.000000 8.406000 8.121000
11340.000000 57.000000 8.406000 8.121000
11352.000000 57.000000 8.406000 8.121000
11364.000000 57.000000 8.406000 8.121000
11376.000000 57.000000 8.406000 8.121000
11388.000000 57.000000 8.406000 8.121000
11400.000000 57.000000 8.406000 8.121000
11412.000000 57.000000 8.406000 8.121000
11424.000000 57.000000 8.406000 8.121000
11436.000000 57.000000 8.406000 8.121000
11448.000000 57.000000 8.406000 8.121000
11460.000000 57.000000 8.406000 8.121000
11472.000000 57.000000 8.406000 8.121000
11448.000000 99.000000 2.198000 5.980000
11460.000000 99.000000 2.726000 5.866000
11472.000000 99.000000 3.297000 5.866000
11484.000000 99.000000 3.811000 5.751000
11496.000000 99.000000 4.410000 5.751000
11508.000000 99.000000 4.952000 5.694000
11520.000000 99.000000 5.509000 5.680000
11532.000000 99.000000 6.051000 5.566000
11544.000000 99.000000 6.621500 5.514700
11556.000000 99.000000 7.192000 5.463400
11568.000000 99.000000 7.762500 5.412100
11580.000000 99.000000 8.333000 5.360800
11592.000000 99.000000 8.903500 5.309500
11604.000000 99.000000 9.474000 5.258200
11616.000000 99.000000 10.044500 5.206900
11628.000000 99.000000 10.615000 5.155600
11640.000000 99.000000 11.185500 5.104300
11652.000000 99.000000 11.756000 5.053000
11664.000000 99.000000 12.326500 5.001700
11676.000000 99.000000 12.897000 4.950400
11928.000000 19.000000 -19.937000 18.924000
11940.000000 19.000000 -19.809000 19.038000
11952.000000 19.000000 -19.866000 19.038000
11964.000000 19.000000 -19.866000 19.038000
11976.000000 19.000000 -19.866000 19.167000
11988.000000 19.000000 -19.866000 19.167000
12000.000000 19.000000 -19.866000 19.281000
12012.000000 19.000000 -19.880000 19.281000
12024.000000 19.000000 -19.880000 19.397100
12036.000000 19.000000 -19.880000 19.513200
12048.000000 19.000000 -19.880000 19.629300
12060.000000 19.000000 -19.880000 19.745400
12072.000000 19.000000 -19.880000 19.861500
12084.000000 19.000000 -19.880000 19.977600
12096.000000 19.000000 -19.880000 20.093700
12108.000000 19.000000 -19.880000 20.209800
12120.000000 19.000000 -19.880000 20.325900
12132.000000 19.000000 -19.880000 20.442000
12144.000000 19.000000 -19.880000 20.558100
12156.000000 19.000000 -19.880000 20.674200
12168.000000 20.000000 -16.013000 18.225000
12180.000000 20.000000 -15.599000 18.111000
12192.000000 20.000000 -15.171000 18.111000
12204.000000 20.000000 -14.914000 17.768000
12216.000000 20.000000 -14.714000 17.426000
12228.000000 20.000000 -14.598000 17.311000
12240.000000 20.000000 -14.595000 17.309000
12252.000000 20.000000 -14.591000 17.308000
12264.000000 20.000000 -14.433000 16.896700
12276.000000 20.000000 -14.275000 16.485400
12288.000000 20.000000 -14.117000 16.074100
12300.000000 20.000000 -13.959000 15.662800
12312.000000 20.000000 -13.801000 15.251500
12324.000000 20.000000 -13.643000 14.840200
12336.000000 20.000000 -13.485000 14.428900
12348.000000 20.000000 -13.327000 14.017600
12360.000000 20.000000 -13.169000 13.606300
12372.000000 20.000000 -13.011000 13.195000
12384.000000 20.000000 -12.853000 12.783700
12396.000000 20.000000 -12.695000 12.372400
12408.000000 21.000000 -14.547000 17.292000
12420.000000 21.000000 -14.543000 17.291000
12432.000000 21.000000 -14.540000 17.289000
12444.000000 21.000000 -14.536000 17.288000
12456.000000 21.000000 -14.533000 17.287000
12468.000000 21.000000 -14.530000 17.286000
12480.000000 21.000000 -14.526000 17.285000
12492.000000 21.000000 -14.523000 17.283000
12504.000000 21.000000 -14.520000 17.281200
12516.000000 21.000000 -14.517000 17.279400
12528.000000 21.000000 -14.514000 17.277600
12540.000000 21.000000 -14.511000 17.275800
12552.000000 21.000000 -14.508000 17.274000
12564.000000 21.000000 -14.505000 17.272200
12576.000000 21.000000 -14.502000 17.270400
12588.000000 21.000000 -14.499000 17.268600
12600.000000 21.000000 -14.496000 17.266800
12612.000000 21.000000 -14.493000 17.265000
12624.000000 21.000000 -14.490000 17.263200
12636.000000 21.000000 -14.487000 17.261400