504.000000 10.000000 4.086000 16.706000
516.000000 10.000000 4.767000 16.706000
528.000000 10.000000 5.447000 16.706000
540.000000 10.000000 6.083000 16.706000
552.000000 10.000000 6.719000 16.706000
564.000000 10.000000 7.309000 16.706000
576.000000 10.000000 7.899000 16.706000
588.000000 10.000000 8.580000 16.524000
600.000000 10.000000 9.193000 16.524000
612.000000 10.000000 9.806000 16.524000
624.000000 10.000000 10.419000 16.524000
636.000000 10.000000 11.032000 16.524000
648.000000 10.000000 11.645000 16.524000
660.000000 10.000000 12.258000 16.524000
672.000000 10.000000 12.871000 16.524000
684.000000 10.000000 13.484000 16.524000
696.000000 10.000000 14.097000 16.524000
708.000000 10.000000 14.710000 16.524000
720.000000 10.000000 15.323000 16.524000
732.000000 10.000000 15.936000 16.524000
504.000000 11.000000 -11.258000 15.208000
516.000000 11.000000 -11.780000 15.208000
528.000000 11.000000 -12.370000 15.208000
540.000000 11.000000 -12.892000 15.208000
552.000000 11.000000 -13.483000 15.208000
564.000000 11.000000 -14.027000 15.208000
576.000000 11.000000 -14.527000 15.208000
588.000000 11.000000 -15.139000 15.208000
600.000000 11.000000 -15.706500 15.208000
612.000000 11.000000 -16.274000 15.208000
624.000000 11.000000 -16.841500 15.208000
636.000000 11.000000 -17.409000 15.208000
648.000000 11.000000 -17.976500 15.208000
660.000000 11.000000 -18.544000 15.208000
672.000000 11.000000 -19.111500 15.208000
684.000000 11.000000 -19.679000 15.208000
696.000000 11.000000 -20.246500 15.208000
708.000000 11.000000 -20.814000 15.208000
720.000000 11.000000 -21.381500 15.208000
732.000000 11.000000 -21.949000 15.208000
504.000000 13.000000 -20.360000 17.296000
516.000000 13.000000 -21.041000 17.296000
528.000000 13.000000 -21.631000 17.296000
540.000000 13.000000 -22.312000 17.455000
552.000000 13.000000 -22.993000 17.455000
564.000000 13.000000 -23.583000 17.455000
576.000000 13.000000 -24.309000 17.296000
588.000000 13.000000 -24.990000 17.114000
600.000000 13.000000 -25.625500 17.114000
612.000000 13.000000 -26.261000 17.114000
624.000000 13.000000 -26.896500 17.114000
636.000000 13.000000 -27.532000 17.114000
648.000000 13.000000 -28.167500 17.114000
660.000000 13.000000 -28.803000 17.114000
672.000000 13.000000 -29.438500 17.114000
684.000000 13.000000 -30.074000 17.114000
696.000000 13.000000 -30.709500 17.114000
708.000000 13.000000 -31.345000 17.114000
720.000000 13.000000 -31.980500 17.114000
732.000000 13.000000 -32.616000 17.114000
504.000000 16.000000 -0.545000 -0.182000
516.000000 16.000000 -0.840000 -0.182000
528.000000 16.000000 -1.180000 -0.182000
540.000000 16.000000 -1.521000 -0.182000
552.000000 16.000000 -1.816000 -0.182000
564.000000 16.000000 -2.134000 -0.182000
576.000000 16.000000 -2.451000 -0.182000
588.000000 16.000000 -2.815000 -0.340000
600.000000 16.000000 -3.121500 -0.340000
612.000000 16.000000 -3.428000 -0.340000
624.000000 16.000000 -3.734500 -0.340000
636.000000 16.000000 -4.041000 -0.340000
648.000000 16.000000 -4.347500 -0.340000
660.000000 16.000000 -4.654000 -0.340000
672.000000 16.000000 -4.960500 -0.340000
684.000000 16.000000 -5.267000 -0.340000
696.000000 16.000000 -5.573500 -0.340000
708.000000 16.000000 -5.880000 -0.340000
720.000000 16.000000 -6.186500 -0.340000
732.000000 16.000000 -6.493000 -0.340000
504.000000 28.000000 7.173000 12.053000
516.000000 28.000000 6.946000 12.552000
528.000000 28.000000 6.809000 12.870000
540.000000 28.000000 6.582000 13.369000
552.000000 28.000000 6.446000 13.710000
564.000000 28.000000 6.219000 14.209000
576.000000 28.000000 6.060000 14.549000
588.000000 28.000000 5.765000 14.867000
600.000000 28.000000 5.583500 15.623000
612.000000 28.000000 5.402000 16.379000
624.000000 28.000000 5.220500 17.135000
636.000000 28.000000 5.039000 17.891000
648.000000 28.000000 4.857500 18.647000
660.000000 28.000000 4.676000 19.403000
672.000000 28.000000 4.494500 20.159000
684.000000 28.000000 4.313000 20.915000
696.000000 28.000000 4.131500 21.671000
708.000000 28.000000 3.950000 22.427000
720.000000 28.000000 3.768500 23.183000
732.000000 28.000000 3.587000 23.939000
516.000000 14.000000 7.967000 10.055000
528.000000 14.000000 7.967000 10.373000
540.000000 14.000000 7.967000 10.713000
552.000000 14.000000 7.967000 11.213000
564.000000 14.000000 7.967000 11.712000
576.000000 14.000000 7.967000 12.053000
588.000000 14.000000 7.967000 12.552000
600.000000 14.000000 8.103000 13.051000
612.000000 14.000000 8.103000 13.807000
624.000000 14.000000 8.103000 14.563000
636.000000 14.000000 8.103000 15.319000
648.000000 14.000000 8.103000 16.075000
660.000000 14.000000 8.103000 16.831000
672.000000 14.000000 8.103000 17.587000
684.000000 14.000000 8.103000 18.343000
696.000000 14.000000 8.103000 19.099000
708.000000 14.000000 8.103000 19.855000
720.000000 14.000000 8.103000 20.611000
732.000000 14.000000 8.103000 21.367000
744.000000 14.000000 8.103000 22.123000
516.000000 26.000000 8.239000 23.197000
528.000000 26.000000 8.012000 22.879000
540.000000 26.000000 7.853000 22.380000
552.000000 26.000000 7.626000 22.017000
564.000000 26.000000 7.400000 21.518000
576.000000 26.000000 7.195000 21.200000
588.000000 26.000000 7.036000 20.700000
600.000000 26.000000 6.809000 20.383000
612.000000 26.000000 6.593500 19.647700
624.000000 26.000000 6.378000 18.912400
636.000000 26.000000 6.162500 18.177100
648.000000 26.000000 5.947000 17.441800
660.000000 26.000000 5.731500 16.706500
672.000000 26.000000 5.516000 15.971200
684.000000 26.000000 5.300500 15.235900
696.000000 26.000000 5.085000 14.500600
708.000000 26.000000 4.869500 13.765300
720.000000 26.000000 4.654000 13.030000
732.000000 26.000000 4.438500 12.294700
744.000000 26.000000 4.223000 11.559400
696.000000 20.000000 -31.255000 10.804000
708.000000 20.000000 -28.940000 11.122000
720.000000 20.000000 -26.557000 11.621000
732.000000 20.000000 -24.173000 11.962000
744.000000 20.000000 -21.767000 12.121000
756.000000 20.000000 -19.316000 11.803000
768.000000 20.000000 -17.137000 11.803000
780.000000 20.000000 -15.366000 11.803000
792.000000 20.000000 -12.937500 11.659900
804.000000 20.000000 -10.509000 11.516800
816.000000 20.000000 -8.080500 11.373700
828.000000 20.000000 -5.652000 11.230600
840.000000 20.000000 -3.223500 11.087500
852.000000 20.000000 -0.795000 10.944400
864.000000 20.000000 1.633500 10.801300
876.000000 20.000000 4.062000 10.658200
888.000000 20.000000 6.490500 10.515100
900.000000 20.000000 8.919000 10.372000
912.000000 20.000000 11.347500 10.228900
924.000000 20.000000 13.776000 10.085800
744.000000 12.000000 -18.567000 18.045000
756.000000 12.000000 -18.249000 18.204000
768.000000 12.000000 -18.521000 18.204000
780.000000 12.000000 -18.748000 18.204000
792.000000 12.000000 -19.066000 18.204000
804.000000 12.000000 -19.656000 18.204000
816.000000 12.000000 -20.473000 18.363000
828.000000 12.000000 -21.835000 18.544000
840.000000 12.000000 -22.289000 18.544000
852.000000 12.000000 -22.743000 18.544000
864.000000 12.000000 -23.197000 18.544000
876.000000 12.000000 -23.651000 18.544000
888.000000 12.000000 -24.105000 18.544000
900.000000 12.000000 -24.559000 18.544000
912.000000 12.000000 -25.013000 18.544000
924.000000 12.000000 -25.467000 18.544000
936.000000 12.000000 -25.921000 18.544000
948.000000 12.000000 -26.375000 18.544000
960.000000 12.000000 -26.829000 18.544000
972.000000 12.000000 -27.283000 18.544000
744.000000 17.000000 -6.106000 -4.676000
756.000000 17.000000 -6.174000 -5.334000
768.000000 17.000000 -6.265000 -5.833000
780.000000 17.000000 -6.537000 -6.174000
792.000000 17.000000 -6.855000 -6.333000
804.000000 17.000000 -7.218000 -6.673000
816.000000 17.000000 -7.218000 -7.173000
828.000000 17.000000 -7.309000 -7.831000
840.000000 17.000000 -7.649500 -8.280100
852.000000 17.000000 -7.990000 -8.729200
864.000000 17.000000 -8.330500 -9.178300
876.000000 17.000000 -8.671000 -9.627400
888.000000 17.000000 -9.011500 -10.076500
900.000000 17.000000 -9.352000 -10.525600
912.000000 17.000000 -9.692500 -10.974700
924.000000 17.000000 -10.033000 -11.423800
936.000000 17.000000 -10.373500 -11.872900
948.000000 17.000000 -10.714000 -12.322000
960.000000 17.000000 -11.054500 -12.771100
972.000000 17.000000 -11.395000 -13.220200
744.000000 29.000000 4.403000 20.360000
756.000000 29.000000 4.630000 20.700000
768.000000 29.000000 4.630000 21.041000
780.000000 29.000000 4.358000 21.200000
792.000000 29.000000 4.131000 21.200000
804.000000 29.000000 3.813000 21.359000
816.000000 29.000000 3.450000 21.540000
828.000000 29.000000 2.928000 21.858000
840.000000 29.000000 2.655500 22.001100
852.000000 29.000000 2.383000 22.144200
864.000000 29.000000 2.110500 22.287300
876.000000 29.000000 1.838000 22.430400
888.000000 29.000000 1.565500 22.573500
900.000000 29.000000 1.293000 22.716600
912.000000 29.000000 1.020500 22.859700
924.000000 29.000000 0.748000 23.002800
936.000000 29.000000 0.475500 23.145900
948.000000 29.000000 0.203000 23.289000
960.000000 29.000000 -0.069500 23.432100
972.000000 29.000000 -0.342000 23.575200
744.000000 31.000000 -10.713000 -8.648000
756.000000 31.000000 -10.623000 -8.648000
768.000000 31.000000 -10.486000 -8.512000
780.000000 31.000000 -10.305000 -8.330000
792.000000 31.000000 -10.078000 -8.012000
804.000000 31.000000 -9.715000 -7.649000
816.000000 31.000000 -9.352000 -7.150000
828.000000 31.000000 -9.034000 -6.650000
840.000000 31.000000 -8.739000 -6.037100
852.000000 31.000000 -8.444000 -5.424200
864.000000 31.000000 -8.149000 -4.811300
876.000000 31.000000 -7.854000 -4.198400
888.000000 31.000000 -7.559000 -3.585500
900.000000 31.000000 -7.264000 -2.972600
912.000000 31.000000 -6.969000 -2.359700
924.000000 31.000000 -6.674000 -1.746800
936.000000 31.000000 -6.379000 -1.133900
948.000000 31.000000 -6.084000 -0.521000
960.000000 31.000000 -5.789000 0.091900
972.000000 31.000000 -5.494000 0.704800
756.000000 27.000000 7.853000 18.204000
768.000000 27.000000 7.922000 18.204000
780.000000 27.000000 7.490000 18.204000
792.000000 27.000000 7.104000 18.204000
804.000000 27.000000 6.650000 18.204000
816.000000 27.000000 6.287000 18.204000
828.000000 27.000000 5.765000 18.204000
840.000000 27.000000 5.175000 18.204000
852.000000 27.000000 4.766500 18.204000
864.000000 27.000000 4.358000 18.204000
876.000000 27.000000 3.949500 18.204000
888.000000 27.000000 3.541000 18.204000
900.000000 27.000000 3.132500 18.204000
912.000000 27.000000 2.724000 18.204000
924.000000 27.000000 2.315500 18.204000
936.000000 27.000000 1.907000 18.204000
948.000000 27.000000 1.498500 18.204000
960.000000 27.000000 1.090000 18.204000
972.000000 27.000000 0.681500 18.204000
984.000000 27.000000 0.273000 18.204000
780.000000 30.000000 -9.215000 -8.489000
792.000000 30.000000 -9.056000 -8.171000
804.000000 30.000000 -8.988000 -7.831000
816.000000 30.000000 -8.829000 -7.331000
828.000000 30.000000 -8.602000 -7.173000
840.000000 30.000000 -8.307000 -6.991000
852.000000 30.000000 -8.012000 -6.673000
864.000000 30.000000 -7.717000 -6.333000
876.000000 30.000000 -7.456000 -6.027000
888.000000 30.000000 -7.195000 -5.721000
900.000000 30.000000 -6.934000 -5.415000
912.000000 30.000000 -6.673000 -5.109000
924.000000 30.000000 -6.412000 -4.803000
936.000000 30.000000 -6.151000 -4.497000
948.000000 30.000000 -5.890000 -4.191000
960.000000 30.000000 -5.629000 -3.885000
972.000000 30.000000 -5.368000 -3.579000
984.000000 30.000000 -5.107000 -3.273000
996.000000 30.000000 -4.846000 -2.967000
1008.000000 30.000000 -4.585000 -2.661000