0.000000 3.000000 40.391000 7.389000
12.000000 3.000000 40.391000 7.389000
24.000000 3.000000 40.391000 7.389000
36.000000 3.000000 40.391000 7.389000
48.000000 3.000000 40.391000 7.389000
60.000000 3.000000 40.391000 7.389000
72.000000 3.000000 40.391000 7.389000
84.000000 3.000000 40.391000 7.498000
96.000000 3.000000 40.391000 7.498000
108.000000 3.000000 40.391000 7.498000
120.000000 3.000000 40.391000 7.498000
132.000000 3.000000 40.391000 7.498000
144.000000 3.000000 40.391000 7.498000
156.000000 3.000000 40.391000 7.498000
168.000000 3.000000 40.391000 7.498000
180.000000 3.000000 40.391000 7.498000
192.000000 3.000000 40.391000 7.498000
204.000000 3.000000 40.391000 7.498000
216.000000 3.000000 40.391000 7.498000
228.000000 3.000000 40.391000 7.498000
0.000000 5.000000 40.500000 5.526000
12.000000 5.000000 40.500000 5.526000
24.000000 5.000000 40.500000 5.526000
36.000000 5.000000 40.500000 5.526000
48.000000 5.000000 40.500000 5.526000
60.000000 5.000000 40.500000 5.526000
72.000000 5.000000 40.500000 5.526000
84.000000 5.000000 40.500000 5.526000
96.000000 5.000000 40.500000 5.526000
108.000000 5.000000 40.500000 5.526000
120.000000 5.000000 40.500000 5.526000
132.000000 5.000000 40.500000 5.526000
144.000000 5.000000 40.500000 5.526000
156.000000 5.000000 40.500000 5.526000
168.000000 5.000000 40.500000 5.526000
180.000000 5.000000 40.500000 5.526000
192.000000 5.000000 40.500000 5.526000
204.000000 5.000000 40.500000 5.526000
216.000000 5.000000 40.500000 5.526000
228.000000 5.000000 40.500000 5.526000
0.000000 7.000000 45.028000 7.541000
12.000000 7.000000 45.028000 7.541000
24.000000 7.000000 45.028000 7.541000
36.000000 7.000000 45.028000 7.541000
48.000000 7.000000 45.028000 7.541000
60.000000 7.000000 45.028000 7.541000
72.000000 7.000000 45.028000 7.541000
84.000000 7.000000 45.028000 7.541000
96.000000 7.000000 45.028000 7.541000
108.000000 7.000000 45.028000 7.541000
120.000000 7.000000 45.028000 7.541000
132.000000 7.000000 45.028000 7.541000
144.000000 7.000000 45.028000 7.541000
156.000000 7.000000 45.028000 7.541000
168.000000 7.000000 45.028000 7.541000
180.000000 7.000000 45.028000 7.541000
192.000000 7.000000 45.028000 7.541000
204.000000 7.000000 45.028000 7.541000
216.000000 7.000000 45.028000 7.541000
228.000000 7.000000 45.028000 7.541000
0.000000 9.000000 44.552000 6.869000
12.000000 9.000000 44.552000 6.869000
24.000000 9.000000 44.552000 6.869000
36.000000 9.000000 44.552000 6.869000
48.000000 9.000000 44.552000 6.869000
60.000000 9.000000 44.552000 6.869000
72.000000 9.000000 44.552000 6.869000
84.000000 9.000000 44.552000 6.869000
96.000000 9.000000 44.552000 6.869000
108.000000 9.000000 44.552000 6.869000
120.000000 9.000000 44.552000 6.869000
132.000000 9.000000 44.552000 6.869000
144.000000 9.000000 44.552000 6.869000
156.000000 9.000000 44.552000 6.869000
168.000000 9.000000 44.552000 6.869000
180.000000 9.000000 44.552000 6.869000
192.000000 9.000000 44.552000 6.869000
204.000000 9.000000 44.552000 6.869000
216.000000 9.000000 44.552000 6.869000
228.000000 9.000000 44.552000 6.869000
0.000000 11.000000 47.889000 6.414000
12.000000 11.000000 47.889000 6.414000
24.000000 11.000000 47.889000 6.414000
36.000000 11.000000 47.889000 6.414000
48.000000 11.000000 47.889000 6.414000
60.000000 11.000000 47.889000 6.414000
72.000000 11.000000 47.889000 6.414000
84.000000 11.000000 47.889000 6.414000
96.000000 11.000000 47.889000 6.414000
108.000000 11.000000 47.889000 6.414000
120.000000 11.000000 47.889000 6.414000
132.000000 11.000000 47.889000 6.414000
144.000000 11.000000 47.889000 6.414000
156.000000 11.000000 47.889000 6.414000
168.000000 11.000000 47.889000 6.414000
180.000000 11.000000 47.889000 6.414000
192.000000 11.000000 47.889000 6.414000
204.000000 11.000000 47.889000 6.414000
216.000000 11.000000 47.889000 6.414000
228.000000 11.000000 47.889000 6.414000
0.000000 13.000000 52.483000 3.922000
12.000000 13.000000 52.483000 3.922000
24.000000 13.000000 52.483000 3.922000
36.000000 13.000000 52.483000 3.922000
48.000000 13.000000 52.483000 3.922000
60.000000 13.000000 52.483000 3.922000
72.000000 13.000000 52.483000 3.922000
84.000000 13.000000 52.483000 3.922000
96.000000 13.000000 52.483000 3.922000
108.000000 13.000000 52.483000 3.922000
120.000000 13.000000 52.483000 3.922000
132.000000 13.000000 52.483000 3.922000
144.000000 13.000000 52.483000 3.922000
156.000000 13.000000 52.483000 3.922000
168.000000 13.000000 52.483000 3.922000
180.000000 13.000000 52.483000 3.922000
192.000000 13.000000 52.483000 3.922000
204.000000 13.000000 52.483000 3.922000
216.000000 13.000000 52.483000 3.922000
228.000000 13.000000 52.483000 3.922000
0.000000 15.000000 51.182000 6.111000
12.000000 15.000000 51.182000 6.024000
24.000000 15.000000 51.182000 6.024000
36.000000 15.000000 51.182000 5.916000
48.000000 15.000000 51.312000 5.916000
60.000000 15.000000 51.312000 5.829000
72.000000 15.000000 51.312000 5.829000
84.000000 15.000000 51.312000 5.829000
96.000000 15.000000 51.377000 5.750700
108.000000 15.000000 51.442000 5.672400
120.000000 15.000000 51.507000 5.594100
132.000000 15.000000 51.572000 5.515800
144.000000 15.000000 51.637000 5.437500
156.000000 15.000000 51.702000 5.359200
168.000000 15.000000 51.767000 5.280900
180.000000 15.000000 51.832000 5.202600
192.000000 15.000000 51.897000 5.124300
204.000000 15.000000 51.962000 5.046000
216.000000 15.000000 52.027000 4.967700
228.000000 15.000000 52.092000 4.889400
0.000000 17.000000 50.467000 5.396000
12.000000 17.000000 50.706000 5.179000
24.000000 17.000000 51.052000 4.984000
36.000000 17.000000 51.312000 4.897000
48.000000 17.000000 51.529000 4.897000
60.000000 17.000000 51.659000 4.897000
72.000000 17.000000 51.789000 4.897000
84.000000 17.000000 52.006000 4.897000
96.000000 17.000000 52.179500 4.897000
108.000000 17.000000 52.353000 4.897000
120.000000 17.000000 52.526500 4.897000
132.000000 17.000000 52.700000 4.897000
144.000000 17.000000 52.873500 4.897000
156.000000 17.000000 53.047000 4.897000
168.000000 17.000000 53.220500 4.897000
180.000000 17.000000 53.394000 4.897000
192.000000 17.000000 53.567500 4.897000
204.000000 17.000000 53.741000 4.897000
216.000000 17.000000 53.914500 4.897000
228.000000 17.000000 54.088000 4.897000
0.000000 19.000000 46.632000 9.253000
12.000000 19.000000 46.415000 9.751000
24.000000 19.000000 46.155000 10.249000
36.000000 19.000000 45.938000 10.726000
48.000000 19.000000 45.808000 11.225000
60.000000 19.000000 45.678000 11.723000
72.000000 19.000000 45.570000 12.200000
84.000000 19.000000 45.570000 12.698000
96.000000 19.000000 45.440000 13.595300
108.000000 19.000000 45.310000 14.492600
120.000000 19.000000 45.180000 15.389900
132.000000 19.000000 45.050000 16.287200
144.000000 19.000000 44.920000 17.184500
156.000000 19.000000 44.790000 18.081800
168.000000 19.000000 44.660000 18.979100
180.000000 19.000000 44.530000 19.876400
192.000000 19.000000 44.400000 20.773700
204.000000 19.000000 44.270000 21.671000
216.000000 19.000000 44.140000 22.568300
228.000000 19.000000 44.010000 23.465600
0.000000 21.000000 46.762000 12.806000
12.000000 21.000000 46.762000 12.698000
24.000000 21.000000 46.762000 12.698000
36.000000 21.000000 46.762000 12.698000
48.000000 21.000000 46.762000 12.698000
60.000000 21.000000 46.762000 12.611000
72.000000 21.000000 46.762000 12.611000
84.000000 21.000000 46.762000 12.611000
96.000000 21.000000 46.762000 12.532700
108.000000 21.000000 46.762000 12.454400
120.000000 21.000000 46.762000 12.376100
132.000000 21.000000 46.762000 12.297800
144.000000 21.000000 46.762000 12.219500
156.000000 21.000000 46.762000 12.141200
168.000000 21.000000 46.762000 12.062900
180.000000 21.000000 46.762000 11.984600
192.000000 21.000000 46.762000 11.906300
204.000000 21.000000 46.762000 11.828000
216.000000 21.000000 46.762000 11.749700
228.000000 21.000000 46.762000 11.671400
0.000000 23.000000 47.130000 11.615000
12.000000 23.000000 47.130000 11.615000
24.000000 23.000000 47.130000 11.615000
36.000000 23.000000 47.130000 11.615000
48.000000 23.000000 47.130000 11.615000
60.000000 23.000000 47.130000 11.615000
72.000000 23.000000 47.130000 11.615000
84.000000 23.000000 47.130000 11.615000
96.000000 23.000000 47.130000 11.615000
108.000000 23.000000 47.130000 11.615000
120.000000 23.000000 47.130000 11.615000
132.000000 23.000000 47.130000 11.615000
144.000000 23.000000 47.130000 11.615000
156.000000 23.000000 47.130000 11.615000
168.000000 23.000000 47.130000 11.615000
180.000000 23.000000 47.130000 11.615000
192.000000 23.000000 47.130000 11.615000
204.000000 23.000000 47.130000 11.615000
216.000000 23.000000 47.130000 11.615000
228.000000 23.000000 47.130000 11.615000
0.000000 25.000000 52.006000 9.209000
12.000000 25.000000 52.266000 9.318000
24.000000 25.000000 52.613000 9.404000
36.000000 25.000000 52.959000 9.513000
48.000000 25.000000 52.962000 9.515000
60.000000 25.000000 52.965000 9.517000
72.000000 25.000000 52.968000 9.521000
84.000000 25.000000 52.972000 9.523000
96.000000 25.000000 52.975000 9.526600
108.000000 25.000000 52.978000 9.530200
120.000000 25.000000 52.981000 9.533800
132.000000 25.000000 52.984000 9.537400
144.000000 25.000000 52.987000 9.541000
156.000000 25.000000 52.990000 9.544600
168.000000 25.000000 52.993000 9.548200
180.000000 25.000000 52.996000 9.551800
192.000000 25.000000 52.999000 9.555400
204.000000 25.000000 53.002000 9.559000
216.000000 25.000000 53.005000 9.562600
228.000000 25.000000 53.008000 9.566200
0.000000 27.000000 53.393000 -1.950000
12.000000 27.000000 53.393000 -1.950000
24.000000 27.000000 53.393000 -1.950000
36.000000 27.000000 53.393000 -1.820000
48.000000 27.000000 53.393000 -1.820000
60.000000 27.000000 53.436000 -1.734000
72.000000 27.000000 53.436000 -1.734000
84.000000 27.000000 53.501000 -1.647000
96.000000 27.000000 53.522500 -1.569600
108.000000 27.000000 53.544000 -1.492200
120.000000 27.000000 53.565500 -1.414800
132.000000 27.000000 53.587000 -1.337400
144.000000 27.000000 53.608500 -1.260000
156.000000 27.000000 53.630000 -1.182600
168.000000 27.000000 53.651500 -1.105200
180.000000 27.000000 53.673000 -1.027800
192.000000 27.000000 53.694500 -0.950400
204.000000 27.000000 53.716000 -0.873000
216.000000 27.000000 53.737500 -0.795600
228.000000 27.000000 53.759000 -0.718200
0.000000 29.000000 11.961000 -22.124000
12.000000 29.000000 12.221000 -22.319000
24.000000 29.000000 12.438000 -22.471000
36.000000 29.000000 12.698000 -22.601000
48.000000 29.000000 13.045000 -22.774000
60.000000 29.000000 13.305000 -22.904000
72.000000 29.000000 13.522000 -23.056000
84.000000 29.000000 13.653000 -23.099000
96.000000 29.000000 13.956500 -23.371700
108.000000 29.000000 14.260000 -23.644400
120.000000 29.000000 14.563500 -23.917100
132.000000 29.000000 14.867000 -24.189800
144.000000 29.000000 15.170500 -24.462500
156.000000 29.000000 15.474000 -24.735200
168.000000 29.000000 15.777500 -25.007900
180.000000 29.000000 16.081000 -25.280600
192.000000 29.000000 16.384500 -25.553300
204.000000 29.000000 16.688000 -25.826000
216.000000 29.000000 16.991500 -26.098700
228.000000 29.000000 17.295000 -26.371400
60.000000 1.000000 -13.391000 -22.601000
72.000000 1.000000 -11.355000 -21.431000
84.000000 1.000000 -9.318000 -20.261000
96.000000 1.000000 -7.302000 -18.982000
108.000000 1.000000 -5.287000 -17.790000
120.000000 1.000000 -3.380000 -16.230000
132.000000 1.000000 -1.560000 -14.562000
144.000000 1.000000 0.347000 -12.980000
156.000000 1.000000 2.308000 -10.503200
168.000000 1.000000 4.269000 -8.026400
180.000000 1.000000 6.230000 -5.549600
192.000000 1.000000 8.191000 -3.072800
204.000000 1.000000 10.152000 -0.596000
216.000000 1.000000 12.113000 1.880800
228.000000 1.000000 14.074000 4.357600
240.000000 1.000000 16.035000 6.834400
252.000000 1.000000 17.996000 9.311200
264.000000 1.000000 19.957000 11.788000
276.000000 1.000000 21.918000 14.264800
288.000000 1.000000 23.879000 16.741600
240.000000 4.000000 40.391000 7.693000
252.000000 4.000000 40.391000 7.693000
264.000000 4.000000 40.391000 7.693000
276.000000 4.000000 40.391000 7.693000
288.000000 4.000000 40.391000 7.693000
300.000000 4.000000 40.391000 7.693000
312.000000 4.000000 40.391000 7.693000
324.000000 4.000000 40.391000 7.693000
336.000000 4.000000 40.391000 7.693000
348.000000 4.000000 40.391000 7.693000
360.000000 4.000000 40.391000 7.693000
372.000000 4.000000 40.391000 7.693000
384.000000 4.000000 40.391000 7.693000
396.000000 4.000000 40.391000 7.693000
408.000000 4.000000 40.391000 7.693000
420.000000 4.000000 40.391000 7.693000
432.000000 4.000000 40.391000 7.693000
444.000000 4.000000 40.391000 7.693000
456.000000 4.000000 40.391000 7.693000
468.000000 4.000000 40.391000 7.693000
240.000000 6.000000 40.500000 5.526000
252.000000 6.000000 40.500000 5.526000
264.000000 6.000000 40.500000 5.526000
276.000000 6.000000 40.500000 5.526000
288.000000 6.000000 40.500000 5.526000
300.000000 6.000000 40.500000 5.526000
312.000000 6.000000 40.500000 5.526000
324.000000 6.000000 40.500000 5.526000
336.000000 6.000000 40.500000 5.526000
348.000000 6.000000 40.500000 5.526000
360.000000 6.000000 40.500000 5.526000
372.000000 6.000000 40.500000 5.526000
384.000000 6.000000 40.500000 5.526000
396.000000 6.000000 40.500000 5.526000
408.000000 6.000000 40.500000 5.526000
420.000000 6.000000 40.500000 5.526000
432.000000 6.000000 40.500000 5.526000
444.000000 6.000000 40.500000 5.526000
456.000000 6.000000 40.500000 5.526000
468.000000 6.000000 40.500000 5.526000
240.000000 8.000000 45.028000 7.541000
252.000000 8.000000 45.028000 7.541000
264.000000 8.000000 45.028000 7.541000
276.000000 8.000000 45.028000 7.541000
288.000000 8.000000 45.028000 7.541000
300.000000 8.000000 45.028000 7.541000
312.000000 8.000000 45.028000 7.541000
324.000000 8.000000 45.028000 7.541000
336.000000 8.000000 45.028000 7.541000
348.000000 8.000000 45.028000 7.541000
360.000000 8.000000 45.028000 7.541000
372.000000 8.000000 45.028000 7.541000
384.000000 8.000000 45.028000 7.541000
396.000000 8.000000 45.028000 7.541000
408.000000 8.000000 45.028000 7.541000
420.000000 8.000000 45.028000 7.541000
432.000000 8.000000 45.028000 7.541000
444.000000 8.000000 45.028000 7.541000
456.000000 8.000000 45.028000 7.541000
468.000000 8.000000 45.028000 7.541000
240.000000 10.000000 44.552000 6.869000
252.000000 10.000000 44.552000 6.869000
264.000000 10.000000 44.552000 6.869000
276.000000 10.000000 44.552000 6.869000
288.000000 10.000000 44.552000 6.869000
300.000000 10.000000 44.552000 6.869000
312.000000 10.000000 44.552000 6.869000
324.000000 10.000000 44.552000 6.869000
336.000000 10.000000 44.552000 6.869000
348.000000 10.000000 44.552000 6.869000
360.000000 10.000000 44.552000 6.869000
372.000000 10.000000 44.552000 6.869000
384.000000 10.000000 44.552000 6.869000
396.000000 10.000000 44.552000 6.869000
408.000000 10.000000 44.552000 6.869000
420.000000 10.000000 44.552000 6.869000
432.000000 10.000000 44.552000 6.869000
444.000000 10.000000 44.552000 6.869000
456.000000 10.000000 44.552000 6.869000
468.000000 10.000000 44.552000 6.869000
240.000000 12.000000 47.889000 6.414000
252.000000 12.000000 47.889000 6.414000
264.000000 12.000000 47.889000 6.414000
276.000000 12.000000 47.889000 6.414000
288.000000 12.000000 47.889000 6.414000
300.000000 12.000000 47.889000 6.414000
312.000000 12.000000 47.889000 6.414000
324.000000 12.000000 47.889000 6.414000
336.000000 12.000000 47.889000 6.414000
348.000000 12.000000 47.889000 6.414000
360.000000 12.000000 47.889000 6.414000
372.000000 12.000000 47.889000 6.414000
384.000000 12.000000 47.889000 6.414000
396.000000 12.000000 47.889000 6.414000
408.000000 12.000000 47.889000 6.414000
420.000000 12.000000 47.889000 6.414000
432.000000 12.000000 47.889000 6.414000
444.000000 12.000000 47.889000 6.414000
456.000000 12.000000 47.889000 6.414000
468.000000 12.000000 47.889000 6.414000
240.000000 14.000000 52.483000 3.922000
252.000000 14.000000 52.483000 3.922000
264.000000 14.000000 52.483000 3.922000
276.000000 14.000000 52.483000 3.922000
288.000000 14.000000 52.483000 3.922000
300.000000 14.000000 52.483000 3.922000
312.000000 14.000000 52.483000 3.922000
324.000000 14.000000 52.483000 3.922000
336.000000 14.000000 52.483000 3.922000
348.000000 14.000000 52.483000 3.922000
360.000000 14.000000 52.483000 3.922000
372.000000 14.000000 52.483000 3.922000
384.000000 14.000000 52.483000 3.922000
396.000000 14.000000 52.483000 3.922000
408.000000 14.000000 52.483000 3.922000
420.000000 14.000000 52.483000 3.922000
432.000000 14.000000 52.483000 3.922000
444.000000 14.000000 52.483000 3.922000
456.000000 14.000000 52.483000 3.922000
468.000000 14.000000 52.483000 3.922000
240.000000 16.000000 51.659000 5.526000
252.000000 16.000000 51.659000 5.526000
264.000000 16.000000 51.659000 5.526000
276.000000 16.000000 51.659000 5.526000
288.000000 16.000000 51.659000 5.526000
300.000000 16.000000 51.659000 5.526000
312.000000 16.000000 51.659000 5.526000
324.000000 16.000000 51.659000 5.526000
336.000000 16.000000 51.659000 5.526000
348.000000 16.000000 51.659000 5.526000
360.000000 16.000000 51.659000 5.526000
372.000000 16.000000 51.659000 5.526000
384.000000 16.000000 51.659000 5.526000
396.000000 16.000000 51.659000 5.526000
408.000000 16.000000 51.659000 5.526000
420.000000 16.000000 51.659000 5.526000
432.000000 16.000000 51.659000 5.526000
444.000000 16.000000 51.659000 5.526000
456.000000 16.000000 51.659000 5.526000
468.000000 16.000000 51.659000 5.526000
240.000000 18.000000 53.089000 5.396000
252.000000 18.000000 53.089000 5.396000
264.000000 18.000000 52.959000 5.396000
276.000000 18.000000 52.851000 5.396000
288.000000 18.000000 52.851000 5.287000
300.000000 18.000000 52.743000 5.287000
312.000000 18.000000 52.613000 5.287000
324.000000 18.000000 52.483000 5.287000
336.000000 18.000000 52.429000 5.188900
348.000000 18.000000 52.375000 5.090800
360.000000 18.000000 52.321000 4.992700
372.000000 18.000000 52.267000 4.894600
384.000000 18.000000 52.213000 4.796500
396.000000 18.000000 52.159000 4.698400
408.000000 18.000000 52.105000 4.600300
420.000000 18.000000 52.051000 4.502200
432.000000 18.000000 51.997000 4.404100
444.000000 18.000000 51.943000 4.306000
456.000000 18.000000 51.889000 4.207900
468.000000 18.000000 51.835000 4.109800
240.000000 20.000000 46.153000 18.568000
252.000000 20.000000 46.132000 18.283000
264.000000 20.000000 46.111000 17.998000
276.000000 20.000000 46.090000 17.713000
288.000000 20.000000 46.068000 17.428000
300.000000 20.000000 46.047000 17.142000
312.000000 20.000000 46.026000 16.857000
324.000000 20.000000 46.004000 16.572000
336.000000 20.000000 45.982500 16.058100
348.000000 20.000000 45.961000 15.544200
360.000000 20.000000 45.939500 15.030300
372.000000 20.000000 45.918000 14.516400
384.000000 20.000000 45.896500 14.002500
396.000000 20.000000 45.875000 13.488600
408.000000 20.000000 45.853500 12.974700
420.000000 20.000000 45.832000 12.460800
432.000000 20.000000 45.810500 11.946900
444.000000 20.000000 45.789000 11.433000
456.000000 20.000000 45.767500 10.919100
468.000000 20.000000 45.746000 10.405200
240.000000 22.000000 46.892000 12.308000
252.000000 22.000000 46.892000 12.308000
264.000000 22.000000 46.892000 12.308000
276.000000 22.000000 46.892000 12.200000
288.000000 22.000000 46.892000 12.200000
300.000000 22.000000 46.892000 12.200000
312.000000 22.000000 46.892000 12.200000
324.000000 22.000000 46.892000 12.200000
336.000000 22.000000 46.892000 12.200000
348.000000 22.000000 46.892000 12.200000
360.000000 22.000000 46.892000 12.200000
372.000000 22.000000 46.892000 12.200000
384.000000 22.000000 46.892000 12.200000
396.000000 22.000000 46.892000 12.200000
408.000000 22.000000 46.892000 12.200000
420.000000 22.000000 46.892000 12.200000
432.000000 22.000000 46.892000 12.200000
444.000000 22.000000 46.892000 12.200000
456.000000 22.000000 46.892000 12.200000
468.000000 22.000000 46.892000 12.200000
240.000000 24.000000 47.130000 11.615000
252.000000 24.000000 47.130000 11.615000
264.000000 24.000000 47.130000 11.615000
276.000000 24.000000 47.130000 11.615000
288.000000 24.000000 47.130000 11.615000
300.000000 24.000000 47.130000 11.615000
312.000000 24.000000 47.130000 11.615000
324.000000 24.000000 47.130000 11.615000
336.000000 24.000000 47.130000 11.615000
348.000000 24.000000 47.130000 11.615000
360.000000 24.000000 47.130000 11.615000
372.000000 24.000000 47.130000 11.615000
384.000000 24.000000 47.130000 11.615000
396.000000 24.000000 47.130000 11.615000
408.000000 24.000000 47.130000 11.615000
420.000000 24.000000 47.130000 11.615000
432.000000 24.000000 47.130000 11.615000
444.000000 24.000000 47.130000 11.615000
456.000000 24.000000 47.130000 11.615000
468.000000 24.000000 47.130000 11.615000
240.000000 26.000000 53.015000 9.559000
252.000000 26.000000 53.018000 9.562000
264.000000 26.000000 53.022000 9.565000
276.000000 26.000000 53.025000 9.567000
288.000000 26.000000 53.028000 9.570000
300.000000 26.000000 53.032000 9.573000
312.000000 26.000000 53.035000 9.576000
324.000000 26.000000 53.038000 9.579000
336.000000 26.000000 53.041500 9.584400
348.000000 26.000000 53.045000 9.589800
360.000000 26.000000 53.048500 9.595200
372.000000 26.000000 53.052000 9.600600
384.000000 26.000000 53.055500 9.606000
396.000000 26.000000 53.059000 9.611400
408.000000 26.000000 53.062500 9.616800
420.000000 26.000000 53.066000 9.622200
432.000000 26.000000 53.069500 9.627600
444.000000 26.000000 53.073000 9.633000
456.000000 26.000000 53.076500 9.638400
468.000000 26.000000 53.080000 9.643800
240.000000 28.000000 53.804000 -1.040000
252.000000 28.000000 53.848000 -0.953000
264.000000 28.000000 53.848000 -0.953000
276.000000 28.000000 53.848000 -0.867000
288.000000 28.000000 53.848000 -0.867000
300.000000 28.000000 53.978000 -0.737000
312.000000 28.000000 53.978000 -0.737000
324.000000 28.000000 53.978000 -0.650000
336.000000 28.000000 54.043000 -0.533000
348.000000 28.000000 54.108000 -0.416000
360.000000 28.000000 54.173000 -0.299000
372.000000 28.000000 54.238000 -0.182000
384.000000 28.000000 54.303000 -0.065000
396.000000 28.000000 54.368000 0.052000
408.000000 28.000000 54.433000 0.169000
420.000000 28.000000 54.498000 0.286000
432.000000 28.000000 54.563000 0.403000
444.000000 28.000000 54.628000 0.520000
456.000000 28.000000 54.693000 0.637000
468.000000 28.000000 54.758000 0.754000
240.000000 30.000000 13.700000 -23.099000
252.000000 30.000000 13.704000 -23.099000
264.000000 30.000000 13.707000 -23.099000
276.000000 30.000000 13.711000 -23.099000
288.000000 30.000000 13.715000 -23.099000
300.000000 30.000000 13.719000 -23.099000
312.000000 30.000000 13.722000 -23.099000
324.000000 30.000000 13.726000 -23.099000
336.000000 30.000000 13.730000 -23.099000
348.000000 30.000000 13.734000 -23.099000
360.000000 30.000000 13.738000 -23.099000
372.000000 30.000000 13.742000 -23.099000
384.000000 30.000000 13.746000 -23.099000
396.000000 30.000000 13.750000 -23.099000
408.000000 30.000000 13.754000 -23.099000
420.000000 30.000000 13.758000 -23.099000
432.000000 30.000000 13.762000 -23.099000
444.000000 30.000000 13.766000 -23.099000
456.000000 30.000000 13.770000 -23.099000
468.000000 30.000000 13.774000 -23.099000
276.000000 0.000000 -16.967000 -22.861000
288.000000 0.000000 -15.233000 -22.861000
300.000000 0.000000 -13.457000 -22.861000
312.000000 0.000000 -11.680000 -22.861000
324.000000 0.000000 -9.859000 -22.753000
336.000000 0.000000 -7.823000 -22.666000
348.000000 0.000000 -5.829000 -22.666000
360.000000 0.000000 -3.792000 -22.558000
372.000000 0.000000 -1.863500 -22.382500
384.000000 0.000000 0.065000 -22.207000
396.000000 0.000000 1.993500 -22.031500
408.000000 0.000000 3.922000 -21.856000
420.000000 0.000000 5.850500 -21.680500
432.000000 0.000000 7.779000 -21.505000
444.000000 0.000000 9.707500 -21.329500
456.000000 0.000000 11.636000 -21.154000
468.000000 0.000000 13.564500 -20.978500
480.000000 0.000000 15.493000 -20.803000
492.000000 0.000000 17.421500 -20.627500
504.000000 0.000000 19.350000 -20.452000