0.000000 1.000000 10.292000 13.907000
12.000000 1.000000 10.803000 14.014000
24.000000 1.000000 11.398000 14.205000
36.000000 1.000000 11.994000 14.396000
48.000000 1.000000 12.568000 14.545000
60.000000 1.000000 13.163000 14.715000
72.000000 1.000000 13.737000 14.864000
84.000000 1.000000 14.333000 15.077000
96.000000 1.000000 14.917500 15.364100
108.000000 1.000000 15.502000 15.651200
120.000000 1.000000 16.086500 15.938300
132.000000 1.000000 16.671000 16.225400
144.000000 1.000000 17.255500 16.512500
156.000000 1.000000 17.840000 16.799600
168.000000 1.000000 18.424500 17.086700
180.000000 1.000000 19.009000 17.373800
192.000000 1.000000 19.593500 17.660900
204.000000 1.000000 20.178000 17.948000
216.000000 1.000000 20.762500 18.235100
228.000000 1.000000 21.347000 18.522200
0.000000 3.000000 35.938000 22.201000
12.000000 3.000000 35.470000 22.094000
24.000000 3.000000 35.002000 22.009000
36.000000 3.000000 34.535000 21.924000
48.000000 3.000000 34.194000 21.797000
60.000000 3.000000 33.726000 21.712000
72.000000 3.000000 33.259000 21.627000
84.000000 3.000000 32.833000 21.542000
96.000000 3.000000 32.428500 21.351200
108.000000 3.000000 32.024000 21.160400
120.000000 3.000000 31.619500 20.969600
132.000000 3.000000 31.215000 20.778800
144.000000 3.000000 30.810500 20.588000
156.000000 3.000000 30.406000 20.397200
168.000000 3.000000 30.001500 20.206400
180.000000 3.000000 29.597000 20.015600
192.000000 3.000000 29.192500 19.824800
204.000000 3.000000 28.788000 19.634000
216.000000 3.000000 28.383500 19.443200
228.000000 3.000000 27.979000 19.252400
0.000000 5.000000 32.663000 15.119000
12.000000 5.000000 32.195000 14.630000
24.000000 5.000000 31.728000 14.248000
36.000000 5.000000 31.260000 13.865000
48.000000 5.000000 30.898000 13.461000
60.000000 5.000000 30.430000 13.078000
72.000000 5.000000 29.963000 12.695000
84.000000 5.000000 29.601000 12.227000
96.000000 5.000000 29.186000 11.518700
108.000000 5.000000 28.771000 10.810400
120.000000 5.000000 28.356000 10.102100
132.000000 5.000000 27.941000 9.393800
144.000000 5.000000 27.526000 8.685500
156.000000 5.000000 27.111000 7.977200
168.000000 5.000000 26.696000 7.268900
180.000000 5.000000 26.281000 6.560600
192.000000 5.000000 25.866000 5.852300
204.000000 5.000000 25.451000 5.144000
216.000000 5.000000 25.036000 4.435700
228.000000 5.000000 24.621000 3.727400
0.000000 7.000000 41.680000 13.673000
12.000000 7.000000 40.978000 13.269000
24.000000 7.000000 40.276000 12.887000
36.000000 7.000000 39.681000 12.610000
48.000000 7.000000 38.979000 12.227000
60.000000 7.000000 38.341000 11.930000
72.000000 7.000000 37.682000 11.547000
84.000000 7.000000 37.044000 11.271000
96.000000 7.000000 36.374000 10.659000
108.000000 7.000000 35.704000 10.047000
120.000000 7.000000 35.034000 9.435000
132.000000 7.000000 34.364000 8.823000
144.000000 7.000000 33.694000 8.211000
156.000000 7.000000 33.024000 7.599000
168.000000 7.000000 32.354000 6.987000
180.000000 7.000000 31.684000 6.375000
192.000000 7.000000 31.014000 5.763000
204.000000 7.000000 30.344000 5.151000
216.000000 7.000000 29.674000 4.539000
228.000000 7.000000 29.004000 3.927000
0.000000 9.000000 10.866000 -16.693000
12.000000 9.000000 11.334000 -16.587000
24.000000 9.000000 11.930000 -16.502000
36.000000 9.000000 12.504000 -16.417000
48.000000 9.000000 13.099000 -16.310000
60.000000 9.000000 13.673000 -16.119000
72.000000 9.000000 14.141000 -16.034000
84.000000 9.000000 14.737000 -15.928000
96.000000 9.000000 15.321500 -15.659800
108.000000 9.000000 15.906000 -15.391600
120.000000 9.000000 16.490500 -15.123400
132.000000 9.000000 17.075000 -14.855200
144.000000 9.000000 17.659500 -14.587000
156.000000 9.000000 18.244000 -14.318800
168.000000 9.000000 18.828500 -14.050600
180.000000 9.000000 19.413000 -13.782400
192.000000 9.000000 19.997500 -13.514200
204.000000 9.000000 20.582000 -13.246000
216.000000 9.000000 21.166500 -12.977800
228.000000 9.000000 21.751000 -12.709600
0.000000 11.000000 -25.731000 13.907000
12.000000 11.000000 -25.263000 13.716000
24.000000 11.000000 -24.753000 13.610000
36.000000 11.000000 -24.285000 13.525000
48.000000 11.000000 -23.753000 13.440000
60.000000 11.000000 -23.221000 13.291000
72.000000 11.000000 -22.690000 13.184000
84.000000 11.000000 -22.222000 13.078000
96.000000 11.000000 -21.690000 12.867400
108.000000 11.000000 -21.158000 12.656800
120.000000 11.000000 -20.626000 12.446200
132.000000 11.000000 -20.094000 12.235600
144.000000 11.000000 -19.562000 12.025000
156.000000 11.000000 -19.030000 11.814400
168.000000 11.000000 -18.498000 11.603800
180.000000 11.000000 -17.966000 11.393200
192.000000 11.000000 -17.434000 11.182600
204.000000 11.000000 -16.902000 10.972000
216.000000 11.000000 -16.370000 10.761400
228.000000 11.000000 -15.838000 10.550800
0.000000 13.000000 -26.092000 5.338000
12.000000 13.000000 -25.965000 5.146000
24.000000 13.000000 -25.731000 4.934000
36.000000 13.000000 -25.497000 4.763000
48.000000 13.000000 -25.263000 4.551000
60.000000 13.000000 -25.029000 4.466000
72.000000 13.000000 -24.923000 4.551000
84.000000 13.000000 -24.689000 4.657000
96.000000 13.000000 -24.455000 4.389700
108.000000 13.000000 -24.221000 4.122400
120.000000 13.000000 -23.987000 3.855100
132.000000 13.000000 -23.753000 3.587800
144.000000 13.000000 -23.519000 3.320500
156.000000 13.000000 -23.285000 3.053200
168.000000 13.000000 -23.051000 2.785900
180.000000 13.000000 -22.817000 2.518600
192.000000 13.000000 -22.583000 2.251300
204.000000 13.000000 -22.349000 1.984000
216.000000 13.000000 -22.115000 1.716700
228.000000 13.000000 -21.881000 1.449400
0.000000 15.000000 -20.797000 11.079000
12.000000 15.000000 -20.585000 11.079000
24.000000 15.000000 -20.329000 11.164000
36.000000 15.000000 -20.117000 11.249000
48.000000 15.000000 -19.862000 11.356000
60.000000 15.000000 -19.649000 11.462000
72.000000 15.000000 -19.394000 11.547000
84.000000 15.000000 -19.181000 11.632000
96.000000 15.000000 -18.947000 11.823700
108.000000 15.000000 -18.713000 12.015400
120.000000 15.000000 -18.479000 12.207100
132.000000 15.000000 -18.245000 12.398800
144.000000 15.000000 -18.011000 12.590500
156.000000 15.000000 -17.777000 12.782200
168.000000 15.000000 -17.543000 12.973900
180.000000 15.000000 -17.309000 13.165600
192.000000 15.000000 -17.075000 13.357300
204.000000 15.000000 -16.841000 13.549000
216.000000 15.000000 -16.607000 13.740700
228.000000 15.000000 -16.373000 13.932400
0.000000 17.000000 -23.115000 -1.744000
12.000000 17.000000 -23.200000 -1.744000
24.000000 17.000000 -23.200000 -1.744000
36.000000 17.000000 -23.200000 -1.744000
48.000000 17.000000 -23.200000 -1.744000
60.000000 17.000000 -23.200000 -1.744000
72.000000 17.000000 -23.200000 -1.744000
84.000000 17.000000 -23.200000 -1.744000
96.000000 17.000000 -23.200000 -1.744000
108.000000 17.000000 -23.200000 -1.744000
120.000000 17.000000 -23.200000 -1.744000
132.000000 17.000000 -23.200000 -1.744000
144.000000 17.000000 -23.200000 -1.744000
156.000000 17.000000 -23.200000 -1.744000
168.000000 17.000000 -23.200000 -1.744000
180.000000 17.000000 -23.200000 -1.744000
192.000000 17.000000 -23.200000 -1.744000
204.000000 17.000000 -23.200000 -1.744000
216.000000 17.000000 -23.200000 -1.744000
228.000000 17.000000 -23.200000 -1.744000
0.000000 19.000000 -7.507000 -22.711000
12.000000 19.000000 -7.166000 -22.626000
24.000000 19.000000 -6.699000 -22.541000
36.000000 19.000000 -6.231000 -22.435000
48.000000 19.000000 -5.827000 -22.286000
60.000000 19.000000 -5.359000 -22.137000
72.000000 19.000000 -4.955000 -22.052000
84.000000 19.000000 -4.529000 -21.903000
96.000000 19.000000 -4.093000 -21.634800
108.000000 19.000000 -3.657000 -21.366600
120.000000 19.000000 -3.221000 -21.098400
132.000000 19.000000 -2.785000 -20.830200
144.000000 19.000000 -2.349000 -20.562000
156.000000 19.000000 -1.913000 -20.293800
168.000000 19.000000 -1.477000 -20.025600
180.000000 19.000000 -1.041000 -19.757400
192.000000 19.000000 -0.605000 -19.489200
204.000000 19.000000 -0.169000 -19.221000
216.000000 19.000000 0.267000 -18.952800
228.000000 19.000000 0.703000 -18.684600
240.000000 2.000000 21.116000 17.055000
252.000000 2.000000 21.712000 17.225000
264.000000 2.000000 22.286000 17.437000
276.000000 2.000000 22.881000 17.522000
288.000000 2.000000 23.583000 17.714000
300.000000 2.000000 24.051000 18.012000
312.000000 2.000000 24.625000 18.203000
324.000000 2.000000 25.093000 18.501000
336.000000 2.000000 25.678000 18.942000
348.000000 2.000000 26.263000 19.383000
360.000000 2.000000 26.848000 19.824000
372.000000 2.000000 27.433000 20.265000
384.000000 2.000000 28.018000 20.706000
396.000000 2.000000 28.603000 21.147000
408.000000 2.000000 29.188000 21.588000
420.000000 2.000000 29.773000 22.029000
432.000000 2.000000 30.358000 22.470000
444.000000 2.000000 30.943000 22.911000
456.000000 2.000000 31.528000 23.352000
468.000000 2.000000 32.113000 23.793000
240.000000 4.000000 26.858000 20.648000
252.000000 4.000000 26.390000 20.648000
264.000000 4.000000 25.795000 20.563000
276.000000 4.000000 25.327000 20.563000
288.000000 4.000000 24.859000 20.478000
300.000000 4.000000 24.391000 20.478000
312.000000 4.000000 23.817000 20.351000
324.000000 4.000000 23.349000 20.266000
336.000000 4.000000 22.881000 20.189500
348.000000 4.000000 22.413000 20.113000
360.000000 4.000000 21.945000 20.036500
372.000000 4.000000 21.477000 19.960000
384.000000 4.000000 21.009000 19.883500
396.000000 4.000000 20.541000 19.807000
408.000000 4.000000 20.073000 19.730500
420.000000 4.000000 19.605000 19.654000
432.000000 4.000000 19.137000 19.577500
444.000000 4.000000 18.669000 19.501000
456.000000 4.000000 18.201000 19.424500
468.000000 4.000000 17.733000 19.348000
240.000000 6.000000 23.859000 7.400000
252.000000 6.000000 23.392000 7.017000
264.000000 6.000000 22.924000 6.741000
276.000000 6.000000 22.456000 6.358000
288.000000 6.000000 21.988000 6.061000
300.000000 6.000000 21.520000 5.678000
312.000000 6.000000 21.052000 5.295000
324.000000 6.000000 20.585000 4.997000
336.000000 6.000000 20.117000 4.385000
348.000000 6.000000 19.649000 3.773000
360.000000 6.000000 19.181000 3.161000
372.000000 6.000000 18.713000 2.549000
384.000000 6.000000 18.245000 1.937000
396.000000 6.000000 17.777000 1.325000
408.000000 6.000000 17.309000 0.713000
420.000000 6.000000 16.841000 0.101000
432.000000 6.000000 16.373000 -0.511000
444.000000 6.000000 15.905000 -1.123000
456.000000 6.000000 15.437000 -1.735000
468.000000 6.000000 14.969000 -2.347000
240.000000 8.000000 29.197000 6.146000
252.000000 8.000000 28.623000 5.763000
264.000000 8.000000 28.027000 5.274000
276.000000 8.000000 27.453000 4.891000
288.000000 8.000000 26.858000 4.508000
300.000000 8.000000 26.156000 4.125000
312.000000 8.000000 25.582000 3.658000
324.000000 8.000000 24.986000 3.254000
336.000000 8.000000 24.337500 2.564600
348.000000 8.000000 23.689000 1.875200
360.000000 8.000000 23.040500 1.185800
372.000000 8.000000 22.392000 0.496400
384.000000 8.000000 21.743500 -0.193000
396.000000 8.000000 21.095000 -0.882400
408.000000 8.000000 20.446500 -1.571800
420.000000 8.000000 19.798000 -2.261200
432.000000 8.000000 19.149500 -2.950600
444.000000 8.000000 18.501000 -3.640000
456.000000 8.000000 17.852500 -4.329400
468.000000 8.000000 17.204000 -5.018800
240.000000 10.000000 21.542000 -14.758000
252.000000 10.000000 22.116000 -14.673000
264.000000 10.000000 22.584000 -14.588000
276.000000 10.000000 23.051000 -14.588000
288.000000 10.000000 23.519000 -14.482000
300.000000 10.000000 24.093000 -14.375000
312.000000 10.000000 24.561000 -14.375000
324.000000 10.000000 25.050000 -14.290000
336.000000 10.000000 25.571000 -14.098300
348.000000 10.000000 26.092000 -13.906600
360.000000 10.000000 26.613000 -13.714900
372.000000 10.000000 27.134000 -13.523200
384.000000 10.000000 27.655000 -13.331500
396.000000 10.000000 28.176000 -13.139800
408.000000 10.000000 28.697000 -12.948100
420.000000 10.000000 29.218000 -12.756400
432.000000 10.000000 29.739000 -12.564700
444.000000 10.000000 30.260000 -12.373000
456.000000 10.000000 30.781000 -12.181300
468.000000 10.000000 31.302000 -11.989600
240.000000 12.000000 -19.543000 14.248000
252.000000 12.000000 -19.415000 14.248000
264.000000 12.000000 -19.075000 14.354000
276.000000 12.000000 -18.820000 14.354000
288.000000 12.000000 -18.479000 14.439000
300.000000 12.000000 -18.224000 14.439000
312.000000 12.000000 -17.884000 14.524000
324.000000 12.000000 -17.671000 14.524000
336.000000 12.000000 -17.373000 14.600500
348.000000 12.000000 -17.075000 14.677000
360.000000 12.000000 -16.777000 14.753500
372.000000 12.000000 -16.479000 14.830000
384.000000 12.000000 -16.181000 14.906500
396.000000 12.000000 -15.883000 14.983000
408.000000 12.000000 -15.585000 15.059500
420.000000 12.000000 -15.287000 15.136000
432.000000 12.000000 -14.989000 15.212500
444.000000 12.000000 -14.691000 15.289000
456.000000 12.000000 -14.393000 15.365500
468.000000 12.000000 -14.095000 15.442000
240.000000 14.000000 -21.520000 6.592000
252.000000 14.000000 -21.159000 6.677000
264.000000 14.000000 -20.819000 6.869000
276.000000 14.000000 -20.457000 6.975000
288.000000 14.000000 -20.117000 7.166000
300.000000 14.000000 -19.755000 7.251000
312.000000 14.000000 -19.415000 7.443000
324.000000 14.000000 -19.054000 7.655000
336.000000 14.000000 -18.703000 7.903400
348.000000 14.000000 -18.352000 8.151800
360.000000 14.000000 -18.001000 8.400200
372.000000 14.000000 -17.650000 8.648600
384.000000 14.000000 -17.299000 8.897000
396.000000 14.000000 -16.948000 9.145400
408.000000 14.000000 -16.597000 9.393800
420.000000 14.000000 -16.246000 9.642200
432.000000 14.000000 -15.895000 9.890600
444.000000 14.000000 -15.544000 10.139000
456.000000 14.000000 -15.193000 10.387400
468.000000 14.000000 -14.842000 10.635800
240.000000 16.000000 -15.906000 12.695000
252.000000 16.000000 -15.524000 12.695000
264.000000 16.000000 -15.311000 12.695000
276.000000 16.000000 -15.056000 12.695000
288.000000 16.000000 -14.843000 12.802000
300.000000 16.000000 -14.503000 12.802000
312.000000 16.000000 -14.248000 12.802000
324.000000 16.000000 -14.035000 12.802000
336.000000 16.000000 -13.758500 12.898300
348.000000 16.000000 -13.482000 12.994600
360.000000 16.000000 -13.205500 13.090900
372.000000 16.000000 -12.929000 13.187200
384.000000 16.000000 -12.652500 13.283500
396.000000 16.000000 -12.376000 13.379800
408.000000 16.000000 -12.099500 13.476100
420.000000 16.000000 -11.823000 13.572400
432.000000 16.000000 -11.546500 13.668700
444.000000 16.000000 -11.270000 13.765000
456.000000 16.000000 -10.993500 13.861300
468.000000 16.000000 -10.717000 13.957600
240.000000 18.000000 -23.392000 -1.616000
252.000000 18.000000 -23.392000 -1.616000
264.000000 18.000000 -23.392000 -1.616000
276.000000 18.000000 -23.392000 -1.510000
288.000000 18.000000 -23.392000 -1.510000
300.000000 18.000000 -23.392000 -1.510000
312.000000 18.000000 -23.392000 -1.510000
324.000000 18.000000 -23.392000 -1.510000
336.000000 18.000000 -23.392000 -1.510000
348.000000 18.000000 -23.392000 -1.510000
360.000000 18.000000 -23.392000 -1.510000
372.000000 18.000000 -23.392000 -1.510000
384.000000 18.000000 -23.392000 -1.510000
396.000000 18.000000 -23.392000 -1.510000
408.000000 18.000000 -23.392000 -1.510000
420.000000 18.000000 -23.392000 -1.510000
432.000000 18.000000 -23.392000 -1.510000
444.000000 18.000000 -23.392000 -1.510000
456.000000 18.000000 -23.392000 -1.510000
468.000000 18.000000 -23.392000 -1.510000
240.000000 20.000000 0.510000 -20.457000
252.000000 20.000000 0.851000 -20.351000
264.000000 20.000000 1.212000 -20.181000
276.000000 20.000000 1.552000 -19.968000
288.000000 20.000000 1.914000 -19.777000
300.000000 20.000000 2.148000 -19.585000
312.000000 20.000000 2.488000 -19.394000
324.000000 20.000000 2.850000 -19.287000
336.000000 20.000000 3.148000 -18.942300
348.000000 20.000000 3.446000 -18.597600
360.000000 20.000000 3.744000 -18.252900
372.000000 20.000000 4.042000 -17.908200
384.000000 20.000000 4.340000 -17.563500
396.000000 20.000000 4.638000 -17.218800
408.000000 20.000000 4.936000 -16.874100
420.000000 20.000000 5.234000 -16.529400
432.000000 20.000000 5.532000 -16.184700
444.000000 20.000000 5.830000 -15.840000
456.000000 20.000000 6.128000 -15.495300
468.000000 20.000000 6.426000 -15.150600