0.000000 1.000000 20.467000 11.255000
12.000000 1.000000 20.334000 11.255000
24.000000 1.000000 20.334000 11.255000
36.000000 1.000000 20.201000 11.255000
48.000000 1.000000 20.201000 11.255000
60.000000 1.000000 20.090000 11.255000
72.000000 1.000000 19.979000 11.255000
84.000000 1.000000 19.979000 11.255000
96.000000 1.000000 19.923500 11.255000
108.000000 1.000000 19.868000 11.255000
120.000000 1.000000 19.812500 11.255000
132.000000 1.000000 19.757000 11.255000
144.000000 1.000000 19.701500 11.255000
156.000000 1.000000 19.646000 11.255000
168.000000 1.000000 19.590500 11.255000
180.000000 1.000000 19.535000 11.255000
192.000000 1.000000 19.479500 11.255000
204.000000 1.000000 19.424000 11.255000
216.000000 1.000000 19.368500 11.255000
228.000000 1.000000 19.313000 11.255000
0.000000 3.000000 -25.906000 13.519000
12.000000 3.000000 -23.486000 13.807000
24.000000 3.000000 -21.310000 14.429000
36.000000 3.000000 -18.735000 14.829000
48.000000 3.000000 -16.538000 15.517000
60.000000 3.000000 -14.340000 16.227000
72.000000 3.000000 -12.120000 17.337000
84.000000 3.000000 -9.923000 18.536000
96.000000 3.000000 -7.725500 19.794200
108.000000 3.000000 -5.528000 21.052400
120.000000 3.000000 -3.330500 22.310600
132.000000 3.000000 -1.133000 23.568800
144.000000 3.000000 1.064500 24.827000
156.000000 3.000000 3.262000 26.085200
168.000000 3.000000 5.459500 27.343400
180.000000 3.000000 7.657000 28.601600
192.000000 3.000000 9.854500 29.859800
204.000000 3.000000 12.052000 31.118000
216.000000 3.000000 14.249500 32.376200
228.000000 3.000000 16.447000 33.634400
0.000000 5.000000 5.372000 11.565000
12.000000 5.000000 2.908000 11.255000
24.000000 5.000000 1.066000 11.166000
36.000000 5.000000 -0.755000 11.033000
48.000000 5.000000 -2.575000 10.855000
60.000000 5.000000 -4.440000 10.744000
72.000000 5.000000 -6.260000 10.744000
84.000000 5.000000 -8.080000 10.633000
96.000000 5.000000 -9.922500 10.372900
108.000000 5.000000 -11.765000 10.112800
120.000000 5.000000 -13.607500 9.852700
132.000000 5.000000 -15.450000 9.592600
144.000000 5.000000 -17.292500 9.332500
156.000000 5.000000 -19.135000 9.072400
168.000000 5.000000 -20.977500 8.812300
180.000000 5.000000 -22.820000 8.552200
192.000000 5.000000 -24.662500 8.292100
204.000000 5.000000 -26.505000 8.032000
216.000000 5.000000 -28.347500 7.771900
228.000000 5.000000 -30.190000 7.511800
0.000000 7.000000 12.143000 16.782000
12.000000 7.000000 12.387000 16.582000
24.000000 7.000000 12.764000 16.382000
36.000000 7.000000 12.986000 16.294000
48.000000 7.000000 13.363000 16.072000
60.000000 7.000000 13.608000 15.983000
72.000000 7.000000 13.985000 15.783000
84.000000 7.000000 14.340000 15.672000
96.000000 7.000000 14.651000 15.392100
108.000000 7.000000 14.962000 15.112200
120.000000 7.000000 15.273000 14.832300
132.000000 7.000000 15.584000 14.552400
144.000000 7.000000 15.895000 14.272500
156.000000 7.000000 16.206000 13.992600
168.000000 7.000000 16.517000 13.712700
180.000000 7.000000 16.828000 13.432800
192.000000 7.000000 17.139000 13.152900
204.000000 7.000000 17.450000 12.873000
216.000000 7.000000 17.761000 12.593100
228.000000 7.000000 18.072000 12.313200
0.000000 9.000000 12.098000 4.706000
12.000000 9.000000 13.075000 5.217000
24.000000 9.000000 14.163000 5.705000
36.000000 9.000000 15.250000 6.216000
48.000000 9.000000 16.360000 6.815000
60.000000 9.000000 17.470000 7.325000
72.000000 9.000000 18.558000 7.836000
84.000000 9.000000 19.646000 8.324000
96.000000 9.000000 20.756000 9.322100
108.000000 9.000000 21.866000 10.320200
120.000000 9.000000 22.976000 11.318300
132.000000 9.000000 24.086000 12.316400
144.000000 9.000000 25.196000 13.314500
156.000000 9.000000 26.306000 14.312600
168.000000 9.000000 27.416000 15.310700
180.000000 9.000000 28.526000 16.308800
192.000000 9.000000 29.636000 17.306900
204.000000 9.000000 30.746000 18.305000
216.000000 9.000000 31.856000 19.303100
228.000000 9.000000 32.966000 20.301200
192.000000 0.000000 -30.478000 13.608000
204.000000 0.000000 -28.747000 13.918000
216.000000 0.000000 -27.060000 14.207000
228.000000 0.000000 -25.328000 14.518000
240.000000 0.000000 -23.508000 14.829000
252.000000 0.000000 -21.777000 15.228000
264.000000 0.000000 -19.823000 15.428000
276.000000 0.000000 -17.870000 15.539000
288.000000 0.000000 -16.094500 16.178000
300.000000 0.000000 -14.319000 16.817000
312.000000 0.000000 -12.543500 17.456000
324.000000 0.000000 -10.768000 18.095000
336.000000 0.000000 -8.992500 18.734000
348.000000 0.000000 -7.217000 19.373000
360.000000 0.000000 -5.441500 20.012000
372.000000 0.000000 -3.666000 20.651000
384.000000 0.000000 -1.890500 21.290000
396.000000 0.000000 -0.115000 21.929000
408.000000 0.000000 1.660500 22.568000
420.000000 0.000000 3.436000 23.207000
240.000000 2.000000 19.601000 11.055000
252.000000 2.000000 19.601000 11.055000
264.000000 2.000000 19.601000 11.144000
276.000000 2.000000 19.601000 11.144000
288.000000 2.000000 19.490000 11.144000
300.000000 2.000000 19.490000 11.144000
312.000000 2.000000 19.490000 11.255000
324.000000 2.000000 19.490000 11.255000
336.000000 2.000000 19.434500 11.255000
348.000000 2.000000 19.379000 11.255000
360.000000 2.000000 19.323500 11.255000
372.000000 2.000000 19.268000 11.255000
384.000000 2.000000 19.212500 11.255000
396.000000 2.000000 19.157000 11.255000
408.000000 2.000000 19.101500 11.255000
420.000000 2.000000 19.046000 11.255000
432.000000 2.000000 18.990500 11.255000
444.000000 2.000000 18.935000 11.255000
456.000000 2.000000 18.879500 11.255000
468.000000 2.000000 18.824000 11.255000
240.000000 4.000000 -6.435000 21.047000
252.000000 4.000000 -6.767000 20.840000
264.000000 4.000000 -7.099000 20.633000
276.000000 4.000000 -7.431000 20.427000
288.000000 4.000000 -7.763000 20.220000
300.000000 4.000000 -8.095000 20.013000
312.000000 4.000000 -8.427000 19.806000
324.000000 4.000000 -8.759000 19.599000
336.000000 4.000000 -9.091000 19.226400
348.000000 4.000000 -9.423000 18.853800
360.000000 4.000000 -9.755000 18.481200
372.000000 4.000000 -10.087000 18.108600
384.000000 4.000000 -10.419000 17.736000
396.000000 4.000000 -10.751000 17.363400
408.000000 4.000000 -11.083000 16.990800
420.000000 4.000000 -11.415000 16.618200
432.000000 4.000000 -11.747000 16.245600
444.000000 4.000000 -12.079000 15.873000
456.000000 4.000000 -12.411000 15.500400
468.000000 4.000000 -12.743000 15.127800
240.000000 6.000000 -29.259000 8.520000
252.000000 6.000000 -27.797000 8.646000
264.000000 6.000000 -26.335000 8.772000
276.000000 6.000000 -24.873000 8.899000
288.000000 6.000000 -23.410000 9.025000
300.000000 6.000000 -21.948000 9.152000
312.000000 6.000000 -20.486000 9.278000
324.000000 6.000000 -19.024000 9.405000
336.000000 6.000000 -17.561500 9.632700
348.000000 6.000000 -16.099000 9.860400
360.000000 6.000000 -14.636500 10.088100
372.000000 6.000000 -13.174000 10.315800
384.000000 6.000000 -11.711500 10.543500
396.000000 6.000000 -10.249000 10.771200
408.000000 6.000000 -8.786500 10.998900
420.000000 6.000000 -7.324000 11.226600
432.000000 6.000000 -5.861500 11.454300
444.000000 6.000000 -4.399000 11.682000
456.000000 6.000000 -2.936500 11.909700
468.000000 6.000000 -1.474000 12.137400
240.000000 8.000000 19.246000 13.452000
252.000000 8.000000 19.601000 13.363000
264.000000 8.000000 19.956000 13.164000
276.000000 8.000000 20.445000 13.053000
288.000000 8.000000 20.822000 12.964000
300.000000 8.000000 21.310000 12.875000
312.000000 8.000000 21.799000 12.764000
324.000000 8.000000 22.287000 12.653000
336.000000 8.000000 22.719500 12.492800
348.000000 8.000000 23.152000 12.332600
360.000000 8.000000 23.584500 12.172400
372.000000 8.000000 24.017000 12.012200
384.000000 8.000000 24.449500 11.852000
396.000000 8.000000 24.882000 11.691800
408.000000 8.000000 25.314500 11.531600
420.000000 8.000000 25.747000 11.371400
432.000000 8.000000 26.179500 11.211200
444.000000 8.000000 26.612000 11.051000
456.000000 8.000000 27.044500 10.890800
468.000000 8.000000 27.477000 10.730600
240.000000 10.000000 34.829000 13.252000
252.000000 10.000000 36.161000 13.474000
264.000000 10.000000 37.515000 13.763000
276.000000 10.000000 38.736000 14.052000
288.000000 10.000000 40.068000 14.362000
300.000000 10.000000 41.444000 14.673000
312.000000 10.000000 42.776000 14.873000
324.000000 10.000000 44.241000 15.073000
336.000000 10.000000 45.595000 15.631900
348.000000 10.000000 46.949000 16.190800
360.000000 10.000000 48.303000 16.749700
372.000000 10.000000 49.657000 17.308600
384.000000 10.000000 51.011000 17.867500
396.000000 10.000000 52.365000 18.426400
408.000000 10.000000 53.719000 18.985300
420.000000 10.000000 55.073000 19.544200
432.000000 10.000000 56.427000 20.103100
444.000000 10.000000 57.781000 20.662000
456.000000 10.000000 59.135000 21.220900
468.000000 10.000000 60.489000 21.779800
276.000000 11.000000 54.386000 -21.310000
288.000000 11.000000 53.720000 -21.111000
300.000000 11.000000 53.720000 -20.711000
312.000000 11.000000 53.720000 -20.289000
324.000000 11.000000 53.587000 -19.801000
336.000000 11.000000 53.587000 -19.401000
348.000000 11.000000 53.587000 -18.980000
360.000000 11.000000 53.587000 -18.580000
372.000000 11.000000 53.520500 -17.780800
384.000000 11.000000 53.454000 -16.981600
396.000000 11.000000 53.387500 -16.182400
408.000000 11.000000 53.321000 -15.383200
420.000000 11.000000 53.254500 -14.584000
432.000000 11.000000 53.188000 -13.784800
444.000000 11.000000 53.121500 -12.985600
456.000000 11.000000 53.055000 -12.186400
468.000000 11.000000 52.988500 -11.387200
480.000000 11.000000 52.922000 -10.588000
492.000000 11.000000 52.855500 -9.788800
504.000000 11.000000 52.789000 -8.989600