0.000000 0.000000 -9.746000 -14.063000
12.000000 0.000000 -9.266000 -13.845000
24.000000 0.000000 -8.787000 -13.562000
36.000000 0.000000 -8.307000 -13.365000
48.000000 0.000000 -7.827000 -13.060000
60.000000 0.000000 -7.239000 -12.755000
72.000000 0.000000 -6.759000 -12.581000
84.000000 0.000000 -6.279000 -12.275000
96.000000 0.000000 -5.745000 -11.726000
108.000000 0.000000 -5.211000 -11.177000
120.000000 0.000000 -4.677000 -10.628000
132.000000 0.000000 -4.143000 -10.079000
144.000000 0.000000 -3.609000 -9.530000
156.000000 0.000000 -3.075000 -8.981000
168.000000 0.000000 -2.541000 -8.432000
180.000000 0.000000 -2.007000 -7.883000
192.000000 0.000000 -1.473000 -7.334000
204.000000 0.000000 -0.939000 -6.785000
216.000000 0.000000 -0.405000 -6.236000
228.000000 0.000000 0.129000 -5.687000
0.000000 1.000000 -7.588000 15.284000
12.000000 1.000000 -7.217000 15.415000
24.000000 1.000000 -6.868000 15.502000
36.000000 1.000000 -6.388000 15.698000
48.000000 1.000000 -6.040000 15.807000
60.000000 1.000000 -5.560000 15.982000
72.000000 1.000000 -5.189000 16.091000
84.000000 1.000000 -4.819000 16.200000
96.000000 1.000000 -4.405000 16.455600
108.000000 1.000000 -3.991000 16.711200
120.000000 1.000000 -3.577000 16.966800
132.000000 1.000000 -3.163000 17.222400
144.000000 1.000000 -2.749000 17.478000
156.000000 1.000000 -2.335000 17.733600
168.000000 1.000000 -1.921000 17.989200
180.000000 1.000000 -1.507000 18.244800
192.000000 1.000000 -1.093000 18.500400
204.000000 1.000000 -0.679000 18.756000
216.000000 1.000000 -0.265000 19.011600
228.000000 1.000000 0.149000 19.267200
0.000000 3.000000 28.148000 19.558000
12.000000 3.000000 28.148000 19.558000
24.000000 3.000000 28.148000 19.558000
36.000000 3.000000 28.148000 19.558000
48.000000 3.000000 28.148000 19.558000
60.000000 3.000000 28.148000 19.558000
72.000000 3.000000 28.148000 19.558000
84.000000 3.000000 28.148000 19.558000
96.000000 3.000000 28.148000 19.558000
108.000000 3.000000 28.148000 19.558000
120.000000 3.000000 28.148000 19.558000
132.000000 3.000000 28.148000 19.558000
144.000000 3.000000 28.148000 19.558000
156.000000 3.000000 28.148000 19.558000
168.000000 3.000000 28.148000 19.558000
180.000000 3.000000 28.148000 19.558000
192.000000 3.000000 28.148000 19.558000
204.000000 3.000000 28.148000 19.558000
216.000000 3.000000 28.148000 19.558000
228.000000 3.000000 28.148000 19.558000
0.000000 5.000000 27.123000 20.735000
12.000000 5.000000 27.123000 20.735000
24.000000 5.000000 27.123000 20.735000
36.000000 5.000000 27.123000 20.735000
48.000000 5.000000 27.123000 20.735000
60.000000 5.000000 27.123000 20.735000
72.000000 5.000000 27.123000 20.735000
84.000000 5.000000 27.123000 20.735000
96.000000 5.000000 27.123000 20.735000
108.000000 5.000000 27.123000 20.735000
120.000000 5.000000 27.123000 20.735000
132.000000 5.000000 27.123000 20.735000
144.000000 5.000000 27.123000 20.735000
156.000000 5.000000 27.123000 20.735000
168.000000 5.000000 27.123000 20.735000
180.000000 5.000000 27.123000 20.735000
192.000000 5.000000 27.123000 20.735000
204.000000 5.000000 27.123000 20.735000
216.000000 5.000000 27.123000 20.735000
228.000000 5.000000 27.123000 20.735000
0.000000 7.000000 27.254000 21.629000
12.000000 7.000000 27.254000 21.629000
24.000000 7.000000 27.254000 21.629000
36.000000 7.000000 27.254000 21.629000
48.000000 7.000000 27.254000 21.629000
60.000000 7.000000 27.254000 21.629000
72.000000 7.000000 27.254000 21.629000
84.000000 7.000000 27.254000 21.629000
96.000000 7.000000 27.254000 21.629000
108.000000 7.000000 27.254000 21.629000
120.000000 7.000000 27.254000 21.629000
132.000000 7.000000 27.254000 21.629000
144.000000 7.000000 27.254000 21.629000
156.000000 7.000000 27.254000 21.629000
168.000000 7.000000 27.254000 21.629000
180.000000 7.000000 27.254000 21.629000
192.000000 7.000000 27.254000 21.629000
204.000000 7.000000 27.254000 21.629000
216.000000 7.000000 27.254000 21.629000
228.000000 7.000000 27.254000 21.629000
0.000000 9.000000 11.338000 21.367000
12.000000 9.000000 11.817000 21.476000
24.000000 9.000000 12.406000 21.585000
36.000000 9.000000 12.908000 21.673000
48.000000 9.000000 13.475000 21.782000
60.000000 9.000000 14.085000 21.869000
72.000000 9.000000 14.565000 21.978000
84.000000 9.000000 15.175000 22.065000
96.000000 9.000000 15.763500 22.241400
108.000000 9.000000 16.352000 22.417800
120.000000 9.000000 16.940500 22.594200
132.000000 9.000000 17.529000 22.770600
144.000000 9.000000 18.117500 22.947000
156.000000 9.000000 18.706000 23.123400
168.000000 9.000000 19.294500 23.299800
180.000000 9.000000 19.883000 23.476200
192.000000 9.000000 20.471500 23.652600
204.000000 9.000000 21.060000 23.829000
216.000000 9.000000 21.648500 24.005400
228.000000 9.000000 22.237000 24.181800
240.000000 2.000000 0.589000 17.857000
252.000000 2.000000 0.938000 18.075000
264.000000 2.000000 1.417000 18.162000
276.000000 2.000000 1.766000 18.249000
288.000000 2.000000 2.137000 18.380000
300.000000 2.000000 2.507000 18.555000
312.000000 2.000000 2.856000 18.664000
324.000000 2.000000 3.205000 18.860000
336.000000 2.000000 3.575500 19.135400
348.000000 2.000000 3.946000 19.410800
360.000000 2.000000 4.316500 19.686200
372.000000 2.000000 4.687000 19.961600
384.000000 2.000000 5.057500 20.237000
396.000000 2.000000 5.428000 20.512400
408.000000 2.000000 5.798500 20.787800
420.000000 2.000000 6.169000 21.063200
432.000000 2.000000 6.539500 21.338600
444.000000 2.000000 6.910000 21.614000
456.000000 2.000000 7.280500 21.889400
468.000000 2.000000 7.651000 22.164800
240.000000 4.000000 28.148000 19.558000
252.000000 4.000000 28.148000 19.558000
264.000000 4.000000 28.148000 19.558000
276.000000 4.000000 28.148000 19.558000
288.000000 4.000000 28.148000 19.558000
300.000000 4.000000 28.148000 19.558000
312.000000 4.000000 28.148000 19.558000
324.000000 4.000000 28.148000 19.558000
336.000000 4.000000 28.148000 19.558000
348.000000 4.000000 28.148000 19.558000
360.000000 4.000000 28.148000 19.558000
372.000000 4.000000 28.148000 19.558000
384.000000 4.000000 28.148000 19.558000
396.000000 4.000000 28.148000 19.558000
408.000000 4.000000 28.148000 19.558000
420.000000 4.000000 28.148000 19.558000
432.000000 4.000000 28.148000 19.558000
444.000000 4.000000 28.148000 19.558000
456.000000 4.000000 28.148000 19.558000
468.000000 4.000000 28.148000 19.558000
240.000000 6.000000 27.123000 20.735000
252.000000 6.000000 27.123000 20.735000
264.000000 6.000000 27.123000 20.735000
276.000000 6.000000 27.123000 20.735000
288.000000 6.000000 27.123000 20.735000
300.000000 6.000000 27.123000 20.735000
312.000000 6.000000 27.123000 20.735000
324.000000 6.000000 27.123000 20.735000
336.000000 6.000000 27.123000 20.735000
348.000000 6.000000 27.123000 20.735000
360.000000 6.000000 27.123000 20.735000
372.000000 6.000000 27.123000 20.735000
384.000000 6.000000 27.123000 20.735000
396.000000 6.000000 27.123000 20.735000
408.000000 6.000000 27.123000 20.735000
420.000000 6.000000 27.123000 20.735000
432.000000 6.000000 27.123000 20.735000
444.000000 6.000000 27.123000 20.735000
456.000000 6.000000 27.123000 20.735000
468.000000 6.000000 27.123000 20.735000
240.000000 8.000000 27.254000 21.629000
252.000000 8.000000 27.254000 21.629000
264.000000 8.000000 27.254000 21.629000
276.000000 8.000000 27.254000 21.629000
288.000000 8.000000 27.254000 21.629000
300.000000 8.000000 27.254000 21.629000
312.000000 8.000000 27.254000 21.629000
324.000000 8.000000 27.254000 21.629000
336.000000 8.000000 27.254000 21.629000
348.000000 8.000000 27.254000 21.629000
360.000000 8.000000 27.254000 21.629000
372.000000 8.000000 27.254000 21.629000
384.000000 8.000000 27.254000 21.629000
396.000000 8.000000 27.254000 21.629000
408.000000 8.000000 27.254000 21.629000
420.000000 8.000000 27.254000 21.629000
432.000000 8.000000 27.254000 21.629000
444.000000 8.000000 27.254000 21.629000
456.000000 8.000000 27.254000 21.629000
468.000000 8.000000 27.254000 21.629000