0.000000 1.000000 0.295000 8.091000
10.000000 1.000000 1.031000 7.852000
20.000000 1.000000 1.768000 7.613000
30.000000 1.000000 2.515000 7.364000
40.000000 1.000000 3.279000 7.099000
50.000000 1.000000 4.043000 6.834000
60.000000 1.000000 4.851000 6.618000
70.000000 1.000000 5.677000 6.424000
80.000000 1.000000 6.441000 5.947000
90.000000 1.000000 7.205000 5.470000
100.000000 1.000000 7.969000 4.993000
110.000000 1.000000 8.733000 4.516000
120.000000 1.000000 9.497000 4.039000
130.000000 1.000000 10.261000 3.562000
140.000000 1.000000 11.025000 3.085000
150.000000 1.000000 11.789000 2.608000
160.000000 1.000000 12.553000 2.131000
170.000000 1.000000 13.317000 1.654000
180.000000 1.000000 14.081000 1.177000
190.000000 1.000000 14.845000 0.700000
10.000000 2.000000 0.279000 9.989000
20.000000 2.000000 1.064000 9.859000
30.000000 2.000000 1.848000 9.729000
40.000000 2.000000 2.611000 9.567000
50.000000 2.000000 3.363000 9.393000
60.000000 2.000000 4.112000 9.202000
70.000000 2.000000 4.821000 8.857000
80.000000 2.000000 5.531000 8.512000
90.000000 2.000000 6.281500 8.183500
100.000000 2.000000 7.032000 7.855000
110.000000 2.000000 7.782500 7.526500
120.000000 2.000000 8.533000 7.198000
130.000000 2.000000 9.283500 6.869500
140.000000 2.000000 10.034000 6.541000
150.000000 2.000000 10.784500 6.212500
160.000000 2.000000 11.535000 5.884000
170.000000 2.000000 12.285500 5.555500
180.000000 2.000000 13.036000 5.227000
190.000000 2.000000 13.786500 4.898500
200.000000 2.000000 14.537000 4.570000
230.000000 4.000000 15.294000 9.097000
240.000000 4.000000 14.615000 9.162000
250.000000 4.000000 13.936000 9.228000
260.000000 4.000000 13.240000 9.338000
270.000000 4.000000 12.529000 9.495000
280.000000 4.000000 11.818000 9.651000
290.000000 4.000000 11.139000 9.851000
300.000000 4.000000 10.483000 10.080000
310.000000 4.000000 9.772000 10.361700
320.000000 4.000000 9.061000 10.643400
330.000000 4.000000 8.350000 10.925100
340.000000 4.000000 7.639000 11.206800
350.000000 4.000000 6.928000 11.488500
360.000000 4.000000 6.217000 11.770200
370.000000 4.000000 5.506000 12.051900
380.000000 4.000000 4.795000 12.333600
390.000000 4.000000 4.084000 12.615300
400.000000 4.000000 3.373000 12.897000
410.000000 4.000000 2.662000 13.178700
420.000000 4.000000 1.951000 13.460400
240.000000 5.000000 15.042000 8.569000
250.000000 5.000000 14.351000 8.580000
260.000000 5.000000 13.659000 8.592000
270.000000 5.000000 12.948000 8.773000
280.000000 5.000000 12.237000 8.954000
290.000000 5.000000 11.525000 9.134000
300.000000 5.000000 10.804000 9.309000
310.000000 5.000000 10.084000 9.483000
320.000000 5.000000 9.372500 9.807900
330.000000 5.000000 8.661000 10.132800
340.000000 5.000000 7.949500 10.457700
350.000000 5.000000 7.238000 10.782600
360.000000 5.000000 6.526500 11.107500
370.000000 5.000000 5.815000 11.432400
380.000000 5.000000 5.103500 11.757300
390.000000 5.000000 4.392000 12.082200
400.000000 5.000000 3.680500 12.407100
410.000000 5.000000 2.969000 12.732000
420.000000 5.000000 2.257500 13.056900
430.000000 5.000000 1.546000 13.381800
500.000000 6.000000 15.005000 9.014000
510.000000 6.000000 14.576000 8.981000
520.000000 6.000000 14.148000 8.946000
530.000000 6.000000 13.712000 8.922000
540.000000 6.000000 13.265000 8.912000
550.000000 6.000000 12.817000 8.902000
560.000000 6.000000 12.329000 9.004000
570.000000 6.000000 11.840000 9.107000
580.000000 6.000000 11.392500 9.089000
590.000000 6.000000 10.945000 9.071000
600.000000 6.000000 10.497500 9.053000
610.000000 6.000000 10.050000 9.035000
620.000000 6.000000 9.602500 9.017000
630.000000 6.000000 9.155000 8.999000
640.000000 6.000000 8.707500 8.981000
650.000000 6.000000 8.260000 8.963000
660.000000 6.000000 7.812500 8.945000
670.000000 6.000000 7.365000 8.927000
680.000000 6.000000 6.917500 8.909000
690.000000 6.000000 6.470000 8.891000
610.000000 7.000000 11.282000 8.098000
620.000000 7.000000 10.821000 8.258000
630.000000 7.000000 10.393000 8.445000
640.000000 7.000000 10.014000 8.676000
650.000000 7.000000 9.635000 8.907000
660.000000 7.000000 9.253000 9.150000
670.000000 7.000000 8.865000 9.411000
680.000000 7.000000 8.476000 9.672000
690.000000 7.000000 8.095500 10.098600
700.000000 7.000000 7.715000 10.525200
710.000000 7.000000 7.334500 10.951800
720.000000 7.000000 6.954000 11.378400
730.000000 7.000000 6.573500 11.805000
740.000000 7.000000 6.193000 12.231600
750.000000 7.000000 5.812500 12.658200
760.000000 7.000000 5.432000 13.084800
770.000000 7.000000 5.051500 13.511400
780.000000 7.000000 4.671000 13.938000
790.000000 7.000000 4.290500 14.364600
800.000000 7.000000 3.910000 14.791200
610.000000 8.000000 0.183000 11.741000
620.000000 8.000000 0.780000 11.617000
630.000000 8.000000 1.378000 11.493000
640.000000 8.000000 1.969000 11.410000
650.000000 8.000000 2.557000 11.344000
660.000000 8.000000 3.145000 11.278000
670.000000 8.000000 3.740000 11.234000
680.000000 8.000000 4.338000 11.196000
690.000000 8.000000 4.926000 11.077200
700.000000 8.000000 5.514000 10.958400
710.000000 8.000000 6.102000 10.839600
720.000000 8.000000 6.690000 10.720800
730.000000 8.000000 7.278000 10.602000
740.000000 8.000000 7.866000 10.483200
750.000000 8.000000 8.454000 10.364400
760.000000 8.000000 9.042000 10.245600
770.000000 8.000000 9.630000 10.126800
780.000000 8.000000 10.218000 10.008000
790.000000 8.000000 10.806000 9.889200
800.000000 8.000000 11.394000 9.770400
680.000000 9.000000 15.115000 9.127000
690.000000 9.000000 14.450000 9.261000
700.000000 9.000000 13.785000 9.395000
710.000000 9.000000 13.126000 9.534000
720.000000 9.000000 12.479000 9.681000
730.000000 9.000000 11.831000 9.827000
740.000000 9.000000 11.164000 9.893000
750.000000 9.000000 10.493000 9.939000
760.000000 9.000000 9.845500 10.202700
770.000000 9.000000 9.198000 10.466400
780.000000 9.000000 8.550500 10.730100
790.000000 9.000000 7.903000 10.993800
800.000000 9.000000 7.255500 11.257500
810.000000 9.000000 6.608000 11.521200
820.000000 9.000000 5.960500 11.784900
830.000000 9.000000 5.313000 12.048600
840.000000 9.000000 4.665500 12.312300
850.000000 9.000000 4.018000 12.576000
860.000000 9.000000 3.370500 12.839700
870.000000 9.000000 2.723000 13.103400
680.000000 10.000000 15.159000 8.389000
690.000000 10.000000 14.472000 8.508000
700.000000 10.000000 13.784000 8.628000
710.000000 10.000000 13.097000 8.747000
720.000000 10.000000 12.438000 8.846000
730.000000 10.000000 11.784000 8.944000
740.000000 10.000000 11.122000 9.037000
750.000000 10.000000 10.435000 9.117000
760.000000 10.000000 9.778500 9.294300
770.000000 10.000000 9.122000 9.471600
780.000000 10.000000 8.465500 9.648900
790.000000 10.000000 7.809000 9.826200
800.000000 10.000000 7.152500 10.003500
810.000000 10.000000 6.496000 10.180800
820.000000 10.000000 5.839500 10.358100
830.000000 10.000000 5.183000 10.535400
840.000000 10.000000 4.526500 10.712700
850.000000 10.000000 3.870000 10.890000
860.000000 10.000000 3.213500 11.067300
870.000000 10.000000 2.557000 11.244600
680.000000 12.000000 10.430000 6.345000
690.000000 12.000000 10.264000 6.005000
700.000000 12.000000 10.099000 5.665000
710.000000 12.000000 9.933000 5.325000
720.000000 12.000000 9.741000 4.920000
730.000000 12.000000 9.524000 4.451000
740.000000 12.000000 9.306000 3.982000
750.000000 12.000000 9.122000 3.556000
760.000000 12.000000 8.917500 2.769400
770.000000 12.000000 8.713000 1.982800
780.000000 12.000000 8.508500 1.196200
790.000000 12.000000 8.304000 0.409600
800.000000 12.000000 8.099500 -0.377000
810.000000 12.000000 7.895000 -1.163600
820.000000 12.000000 7.690500 -1.950200
830.000000 12.000000 7.486000 -2.736800
840.000000 12.000000 7.281500 -3.523400
850.000000 12.000000 7.077000 -4.310000
860.000000 12.000000 6.872500 -5.096600
870.000000 12.000000 6.668000 -5.883200
750.000000 11.000000 0.088000 7.704000
760.000000 11.000000 0.636000 7.441000
770.000000 11.000000 1.183000 7.179000
780.000000 11.000000 1.733000 6.910000
790.000000 11.000000 2.297000 6.618000
800.000000 11.000000 2.860000 6.325000
810.000000 11.000000 3.427000 6.039000
820.000000 11.000000 4.023000 5.807000
830.000000 11.000000 4.586500 5.280500
840.000000 11.000000 5.150000 4.754000
850.000000 11.000000 5.713500 4.227500
860.000000 11.000000 6.277000 3.701000
870.000000 11.000000 6.840500 3.174500
880.000000 11.000000 7.404000 2.648000
890.000000 11.000000 7.967500 2.121500
900.000000 11.000000 8.531000 1.595000
910.000000 11.000000 9.094500 1.068500
920.000000 11.000000 9.658000 0.542000
930.000000 11.000000 10.221500 0.015500
940.000000 11.000000 10.785000 -0.511000
890.000000 13.000000 15.111000 8.759000
900.000000 13.000000 14.495000 8.776000
910.000000 13.000000 13.879000 8.793000
920.000000 13.000000 13.255000 8.833000
930.000000 13.000000 12.602000 8.965000
940.000000 13.000000 11.949000 9.096000
950.000000 13.000000 11.298000 9.246000
960.000000 13.000000 10.653000 9.439000
970.000000 13.000000 10.000000 9.675700
980.000000 13.000000 9.347000 9.912400
990.000000 13.000000 8.694000 10.149100
1000.000000 13.000000 8.041000 10.385800
1010.000000 13.000000 7.388000 10.622500
1020.000000 13.000000 6.735000 10.859200
1030.000000 13.000000 6.082000 11.095900
1040.000000 13.000000 5.429000 11.332600
1050.000000 13.000000 4.776000 11.569300
1060.000000 13.000000 4.123000 11.806000
1070.000000 13.000000 3.470000 12.042700
1080.000000 13.000000 2.817000 12.279400
1130.000000 18.000000 15.426000 8.393000
1140.000000 18.000000 14.639000 8.472000
1150.000000 18.000000 13.852000 8.552000
1160.000000 18.000000 13.064000 8.632000
1170.000000 18.000000 12.270000 8.799000
1180.000000 18.000000 11.475000 8.975000
1190.000000 18.000000 10.682000 9.135000
1200.000000 18.000000 9.898000 9.225000
1210.000000 18.000000 9.103500 9.533700
1220.000000 18.000000 8.309000 9.842400
1230.000000 18.000000 7.514500 10.151100
1240.000000 18.000000 6.720000 10.459800
1250.000000 18.000000 5.925500 10.768500
1260.000000 18.000000 5.131000 11.077200
1270.000000 18.000000 4.336500 11.385900
1280.000000 18.000000 3.542000 11.694600
1290.000000 18.000000 2.747500 12.003300
1300.000000 18.000000 1.953000 12.312000
1310.000000 18.000000 1.158500 12.620700
1320.000000 18.000000 0.364000 12.929400
1140.000000 21.000000 1.136000 7.652000
1150.000000 21.000000 1.552000 7.805000
1160.000000 21.000000 1.967000 7.958000
1170.000000 21.000000 2.383000 8.111000
1180.000000 21.000000 2.813000 8.267000
1190.000000 21.000000 3.304000 8.434000
1200.000000 21.000000 3.795000 8.601000
1210.000000 21.000000 4.281000 8.754000
1220.000000 21.000000 4.741500 9.044700
1230.000000 21.000000 5.202000 9.335400
1240.000000 21.000000 5.662500 9.626100
1250.000000 21.000000 6.123000 9.916800
1260.000000 21.000000 6.583500 10.207500
1270.000000 21.000000 7.044000 10.498200
1280.000000 21.000000 7.504500 10.788900
1290.000000 21.000000 7.965000 11.079600
1300.000000 21.000000 8.425500 11.370300
1310.000000 21.000000 8.886000 11.661000
1320.000000 21.000000 9.346500 11.951700
1330.000000 21.000000 9.807000 12.242400
1160.000000 19.000000 12.242000 7.491000
1170.000000 19.000000 11.891000 7.520000
1180.000000 19.000000 11.540000 7.549000
1190.000000 19.000000 11.190000 7.578000
1200.000000 19.000000 10.763000 7.634000
1210.000000 19.000000 10.285000 7.707000
1220.000000 19.000000 9.808000 7.780000
1230.000000 19.000000 9.168000 7.962000
1240.000000 19.000000 8.715500 8.078100
1250.000000 19.000000 8.263000 8.194200
1260.000000 19.000000 7.810500 8.310300
1270.000000 19.000000 7.358000 8.426400
1280.000000 19.000000 6.905500 8.542500
1290.000000 19.000000 6.453000 8.658600
1300.000000 19.000000 6.000500 8.774700
1310.000000 19.000000 5.548000 8.890800
1320.000000 19.000000 5.095500 9.006900
1330.000000 19.000000 4.643000 9.123000
1340.000000 19.000000 4.190500 9.239100
1350.000000 19.000000 3.738000 9.355200
1200.000000 20.000000 11.991000 8.161000
1210.000000 20.000000 11.435000 8.276000
1220.000000 20.000000 10.879000 8.390000
1230.000000 20.000000 10.358000 8.493000
1240.000000 20.000000 9.851000 8.590000
1250.000000 20.000000 9.345000 8.687000
1260.000000 20.000000 8.766000 8.735000
1270.000000 20.000000 8.187000 8.783000
1280.000000 20.000000 7.680500 8.957600
1290.000000 20.000000 7.174000 9.132200
1300.000000 20.000000 6.667500 9.306800
1310.000000 20.000000 6.161000 9.481400
1320.000000 20.000000 5.654500 9.656000
1330.000000 20.000000 5.148000 9.830600
1340.000000 20.000000 4.641500 10.005200
1350.000000 20.000000 4.135000 10.179800
1360.000000 20.000000 3.628500 10.354400
1370.000000 20.000000 3.122000 10.529000
1380.000000 20.000000 2.615500 10.703600
1390.000000 20.000000 2.109000 10.878200
1230.000000 25.000000 3.849000 4.590000
1240.000000 25.000000 4.039000 4.668000
1250.000000 25.000000 4.229000 4.747000
1260.000000 25.000000 4.419000 4.825000
1270.000000 25.000000 4.609000 4.903000
1280.000000 25.000000 4.798000 4.981000
1290.000000 25.000000 4.988000 5.060000
1300.000000 25.000000 5.225000 5.100000
1310.000000 25.000000 5.414500 5.240400
1320.000000 25.000000 5.604000 5.380800
1330.000000 25.000000 5.793500 5.521200
1340.000000 25.000000 5.983000 5.661600
1350.000000 25.000000 6.172500 5.802000
1360.000000 25.000000 6.362000 5.942400
1370.000000 25.000000 6.551500 6.082800
1380.000000 25.000000 6.741000 6.223200
1390.000000 25.000000 6.930500 6.363600
1400.000000 25.000000 7.120000 6.504000
1410.000000 25.000000 7.309500 6.644400
1420.000000 25.000000 7.499000 6.784800
1310.000000 22.000000 14.781000 5.883000
1320.000000 22.000000 14.322000 5.852000
1330.000000 22.000000 13.863000 5.821000
1340.000000 22.000000 13.405000 5.791000
1350.000000 22.000000 12.965000 5.789000
1360.000000 22.000000 12.544000 5.817000
1370.000000 22.000000 12.123000 5.845000
1380.000000 22.000000 11.702000 5.873000
1390.000000 22.000000 11.271500 5.896400
1400.000000 22.000000 10.841000 5.919800
1410.000000 22.000000 10.410500 5.943200
1420.000000 22.000000 9.980000 5.966600
1430.000000 22.000000 9.549500 5.990000
1440.000000 22.000000 9.119000 6.013400
1450.000000 22.000000 8.688500 6.036800
1460.000000 22.000000 8.258000 6.060200
1470.000000 22.000000 7.827500 6.083600
1480.000000 22.000000 7.397000 6.107000
1490.000000 22.000000 6.966500 6.130400
1500.000000 22.000000 6.536000 6.153800
1310.000000 23.000000 14.939000 5.155000
1320.000000 23.000000 14.500000 5.155000
1330.000000 23.000000 14.060000 5.155000
1340.000000 23.000000 13.621000 5.155000
1350.000000 23.000000 13.176000 5.166000
1360.000000 23.000000 12.731000 5.180000
1370.000000 23.000000 12.285000 5.194000
1380.000000 23.000000 11.849000 5.189000
1390.000000 23.000000 11.404000 5.211500
1400.000000 23.000000 10.959000 5.234000
1410.000000 23.000000 10.514000 5.256500
1420.000000 23.000000 10.069000 5.279000
1430.000000 23.000000 9.624000 5.301500
1440.000000 23.000000 9.179000 5.324000
1450.000000 23.000000 8.734000 5.346500
1460.000000 23.000000 8.289000 5.369000
1470.000000 23.000000 7.844000 5.391500
1480.000000 23.000000 7.399000 5.414000
1490.000000 23.000000 6.954000 5.436500
1500.000000 23.000000 6.509000 5.459000
1310.000000 24.000000 14.936000 4.413000
1320.000000 24.000000 14.479000 4.399000
1330.000000 24.000000 14.022000 4.385000
1340.000000 24.000000 13.565000 4.372000
1350.000000 24.000000 13.126000 4.347000
1360.000000 24.000000 12.695000 4.318000
1370.000000 24.000000 12.263000 4.289000
1380.000000 24.000000 11.832000 4.260000
1390.000000 24.000000 11.397000 4.211400
1400.000000 24.000000 10.962000 4.162800
1410.000000 24.000000 10.527000 4.114200
1420.000000 24.000000 10.092000 4.065600
1430.000000 24.000000 9.657000 4.017000
1440.000000 24.000000 9.222000 3.968400
1450.000000 24.000000 8.787000 3.919800
1460.000000 24.000000 8.352000 3.871200
1470.000000 24.000000 7.917000 3.822600
1480.000000 24.000000 7.482000 3.774000
1490.000000 24.000000 7.047000 3.725400
1500.000000 24.000000 6.612000 3.676800
1370.000000 27.000000 6.367000 0.491000
1380.000000 27.000000 6.390000 1.139000
1390.000000 27.000000 6.412000 1.787000
1400.000000 27.000000 6.428000 2.382000
1410.000000 27.000000 6.440000 2.955000
1420.000000 27.000000 6.452000 3.527000
1430.000000 27.000000 6.461000 4.085000
1440.000000 27.000000 6.461000 4.580000
1450.000000 27.000000 6.473000 5.610500
1460.000000 27.000000 6.485000 6.641000
1470.000000 27.000000 6.497000 7.671500
1480.000000 27.000000 6.509000 8.702000
1490.000000 27.000000 6.521000 9.732500
1500.000000 27.000000 6.533000 10.763000
1510.000000 27.000000 6.545000 11.793500
1520.000000 27.000000 6.557000 12.824000
1530.000000 27.000000 6.569000 13.854500
1540.000000 27.000000 6.581000 14.885000
1550.000000 27.000000 6.593000 15.915500
1560.000000 27.000000 6.605000 16.946000
1430.000000 26.000000 8.171000 6.327000
1440.000000 26.000000 8.321000 6.402000
1450.000000 26.000000 8.470000 6.478000
1460.000000 26.000000 8.611000 6.546000
1470.000000 26.000000 8.743000 6.607000
1480.000000 26.000000 8.875000 6.668000
1490.000000 26.000000 9.007000 6.729000
1500.000000 26.000000 9.101000 6.781000
1510.000000 26.000000 9.233000 6.890800
1520.000000 26.000000 9.365000 7.000600
1530.000000 26.000000 9.497000 7.110400
1540.000000 26.000000 9.629000 7.220200
1550.000000 26.000000 9.761000 7.330000
1560.000000 26.000000 9.893000 7.439800
1570.000000 26.000000 10.025000 7.549600
1580.000000 26.000000 10.157000 7.659400
1590.000000 26.000000 10.289000 7.769200
1600.000000 26.000000 10.421000 7.879000
1610.000000 26.000000 10.553000 7.988800
1620.000000 26.000000 10.685000 8.098600
1560.000000 28.000000 9.766000 9.217000
1570.000000 28.000000 9.769000 9.169000
1580.000000 28.000000 9.771000 9.120000
1590.000000 28.000000 9.774000 9.072000
1600.000000 28.000000 9.776000 9.024000
1610.000000 28.000000 9.778000 8.976000
1620.000000 28.000000 9.781000 8.927000
1630.000000 28.000000 9.783000 8.879000
1640.000000 28.000000 9.785000 8.792600
1650.000000 28.000000 9.787000 8.706200
1660.000000 28.000000 9.789000 8.619800
1670.000000 28.000000 9.791000 8.533400
1680.000000 28.000000 9.793000 8.447000
1690.000000 28.000000 9.795000 8.360600
1700.000000 28.000000 9.797000 8.274200
1710.000000 28.000000 9.799000 8.187800
1720.000000 28.000000 9.801000 8.101400
1730.000000 28.000000 9.803000 8.015000
1740.000000 28.000000 9.805000 7.928600
1750.000000 28.000000 9.807000 7.842200
1560.000000 29.000000 0.844000 7.509000
1570.000000 29.000000 1.049000 7.352000
1580.000000 29.000000 1.254000 7.195000
1590.000000 29.000000 1.459000 7.038000
1600.000000 29.000000 1.664000 6.881000
1610.000000 29.000000 1.967000 6.760000
1620.000000 29.000000 2.295000 6.647000
1630.000000 29.000000 2.623000 6.535000
1640.000000 29.000000 2.877000 6.284800
1650.000000 29.000000 3.131000 6.034600
1660.000000 29.000000 3.385000 5.784400
1670.000000 29.000000 3.639000 5.534200
1680.000000 29.000000 3.893000 5.284000
1690.000000 29.000000 4.147000 5.033800
1700.000000 29.000000 4.401000 4.783600
1710.000000 29.000000 4.655000 4.533400
1720.000000 29.000000 4.909000 4.283200
1730.000000 29.000000 5.163000 4.033000
1740.000000 29.000000 5.417000 3.782800
1750.000000 29.000000 5.671000 3.532600
1780.000000 30.000000 12.813000 9.162000
1790.000000 30.000000 12.238000 9.393000
1800.000000 30.000000 11.663000 9.623000
1810.000000 30.000000 11.091000 9.861000
1820.000000 30.000000 10.527000 10.115000
1830.000000 30.000000 9.964000 10.369000
1840.000000 30.000000 9.398000 10.622000
1850.000000 30.000000 8.823000 10.869000
1860.000000 30.000000 8.259500 11.326200
1870.000000 30.000000 7.696000 11.783400
1880.000000 30.000000 7.132500 12.240600
1890.000000 30.000000 6.569000 12.697800
1900.000000 30.000000 6.005500 13.155000
1910.000000 30.000000 5.442000 13.612200
1920.000000 30.000000 4.878500 14.069400
1930.000000 30.000000 4.315000 14.526600
1940.000000 30.000000 3.751500 14.983800
1950.000000 30.000000 3.188000 15.441000
1960.000000 30.000000 2.624500 15.898200
1970.000000 30.000000 2.061000 16.355400
1780.000000 31.000000 1.784000 11.060000
1790.000000 31.000000 2.400000 10.857000
1800.000000 31.000000 3.016000 10.654000
1810.000000 31.000000 3.591000 10.450000
1820.000000 31.000000 4.140000 10.245000
1830.000000 31.000000 4.689000 10.041000
1840.000000 31.000000 5.321000 9.899000
1850.000000 31.000000 5.975000 9.774000
1860.000000 31.000000 6.524000 9.405900
1870.000000 31.000000 7.073000 9.037800
1880.000000 31.000000 7.622000 8.669700
1890.000000 31.000000 8.171000 8.301600
1900.000000 31.000000 8.720000 7.933500
1910.000000 31.000000 9.269000 7.565400
1920.000000 31.000000 9.818000 7.197300
1930.000000 31.000000 10.367000 6.829200
1940.000000 31.000000 10.916000 6.461100
1950.000000 31.000000 11.465000 6.093000
1960.000000 31.000000 12.014000 5.724900
1970.000000 31.000000 12.563000 5.356800
2040.000000 33.000000 0.146000 10.352000
2050.000000 33.000000 0.763000 10.294000
2060.000000 33.000000 1.380000 10.237000
2070.000000 33.000000 1.996000 10.154000
2080.000000 33.000000 2.613000 9.974000
2090.000000 33.000000 3.230000 9.792000
2100.000000 33.000000 3.825000 9.619000
2110.000000 33.000000 4.370000 9.462000
2120.000000 33.000000 4.987000 9.136200
2130.000000 33.000000 5.604000 8.810400
2140.000000 33.000000 6.221000 8.484600
2150.000000 33.000000 6.838000 8.158800
2160.000000 33.000000 7.455000 7.833000
2170.000000 33.000000 8.072000 7.507200
2180.000000 33.000000 8.689000 7.181400
2190.000000 33.000000 9.306000 6.855600
2200.000000 33.000000 9.923000 6.529800
2210.000000 33.000000 10.540000 6.204000
2220.000000 33.000000 11.157000 5.878200
2230.000000 33.000000 11.774000 5.552400
2110.000000 35.000000 0.182000 8.361000
2120.000000 35.000000 0.638000 8.321000
2130.000000 35.000000 1.094000 8.281000
2140.000000 35.000000 1.560000 8.228000
2150.000000 35.000000 2.040000 8.153000
2160.000000 35.000000 2.520000 8.079000
2170.000000 35.000000 2.993000 8.024000
2180.000000 35.000000 3.437000 8.050000
2190.000000 35.000000 3.917000 7.915900
2200.000000 35.000000 4.397000 7.781800
2210.000000 35.000000 4.877000 7.647700
2220.000000 35.000000 5.357000 7.513600
2230.000000 35.000000 5.837000 7.379500
2240.000000 35.000000 6.317000 7.245400
2250.000000 35.000000 6.797000 7.111300
2260.000000 35.000000 7.277000 6.977200
2270.000000 35.000000 7.757000 6.843100
2280.000000 35.000000 8.237000 6.709000
2290.000000 35.000000 8.717000 6.574900
2300.000000 35.000000 9.197000 6.440800
2150.000000 36.000000 14.859000 6.125000
2160.000000 36.000000 14.227000 6.202000
2170.000000 36.000000 13.596000 6.278000
2180.000000 36.000000 12.975000 6.344000
2190.000000 36.000000 12.369000 6.391000
2200.000000 36.000000 11.762000 6.439000
2210.000000 36.000000 11.103000 6.487000
2220.000000 36.000000 10.438000 6.535000
2230.000000 36.000000 9.831500 6.620500
2240.000000 36.000000 9.225000 6.706000
2250.000000 36.000000 8.618500 6.791500
2260.000000 36.000000 8.012000 6.877000
2270.000000 36.000000 7.405500 6.962500
2280.000000 36.000000 6.799000 7.048000
2290.000000 36.000000 6.192500 7.133500
2300.000000 36.000000 5.586000 7.219000
2310.000000 36.000000 4.979500 7.304500
2320.000000 36.000000 4.373000 7.390000
2330.000000 36.000000 3.766500 7.475500
2340.000000 36.000000 3.160000 7.561000
2200.000000 37.000000 6.003000 12.440000
2210.000000 37.000000 6.024000 12.111000
2220.000000 37.000000 6.046000 11.782000
2230.000000 37.000000 6.072000 11.445000
2240.000000 37.000000 6.109000 11.091000
2250.000000 37.000000 6.145000 10.737000
2260.000000 37.000000 6.175000 10.379000
2270.000000 37.000000 6.196000 10.012000
2280.000000 37.000000 6.232500 9.374800
2290.000000 37.000000 6.269000 8.737600
2300.000000 37.000000 6.305500 8.100400
2310.000000 37.000000 6.342000 7.463200
2320.000000 37.000000 6.378500 6.826000
2330.000000 37.000000 6.415000 6.188800
2340.000000 37.000000 6.451500 5.551600
2350.000000 37.000000 6.488000 4.914400
2360.000000 37.000000 6.524500 4.277200
2370.000000 37.000000 6.561000 3.640000
2380.000000 37.000000 6.597500 3.002800
2390.000000 37.000000 6.634000 2.365600
2440.000000 40.000000 14.886000 6.563000
2450.000000 40.000000 14.182000 6.802000
2460.000000 40.000000 13.477000 7.040000
2470.000000 40.000000 12.735000 7.240000
2480.000000 40.000000 11.989000 7.435000
2490.000000 40.000000 11.280000 7.612000
2500.000000 40.000000 10.587000 7.781000
2510.000000 40.000000 9.893000 7.934000
2520.000000 40.000000 9.165500 8.268800
2530.000000 40.000000 8.438000 8.603600
2540.000000 40.000000 7.710500 8.938400
2550.000000 40.000000 6.983000 9.273200
2560.000000 40.000000 6.255500 9.608000
2570.000000 40.000000 5.528000 9.942800
2580.000000 40.000000 4.800500 10.277600
2590.000000 40.000000 4.073000 10.612400
2600.000000 40.000000 3.345500 10.947200
2610.000000 40.000000 2.618000 11.282000
2620.000000 40.000000 1.890500 11.616800
2630.000000 40.000000 1.163000 11.951600
2440.000000 41.000000 15.281000 9.021000
2450.000000 41.000000 14.506000 9.021000
2460.000000 41.000000 13.732000 9.021000
2470.000000 41.000000 12.958000 9.021000
2480.000000 41.000000 12.151000 9.196000
2490.000000 41.000000 11.340000 9.391000
2500.000000 41.000000 10.535000 9.598000
2510.000000 41.000000 9.755000 9.857000
2520.000000 41.000000 8.946000 10.190000
2530.000000 41.000000 8.137000 10.523000
2540.000000 41.000000 7.328000 10.856000
2550.000000 41.000000 6.519000 11.189000
2560.000000 41.000000 5.710000 11.522000
2570.000000 41.000000 4.901000 11.855000
2580.000000 41.000000 4.092000 12.188000
2590.000000 41.000000 3.283000 12.521000
2600.000000 41.000000 2.474000 12.854000
2610.000000 41.000000 1.665000 13.187000
2620.000000 41.000000 0.856000 13.520000
2630.000000 41.000000 0.047000 13.853000
2730.000000 43.000000 15.235000 9.047000
2740.000000 43.000000 14.514000 9.038000
2750.000000 43.000000 13.793000 9.029000
2760.000000 43.000000 13.083000 9.050000
2770.000000 43.000000 12.409000 9.193000
2780.000000 43.000000 11.736000 9.336000
2790.000000 43.000000 11.073000 9.602000
2800.000000 43.000000 10.415000 9.920000
2810.000000 43.000000 9.741500 10.177400
2820.000000 43.000000 9.068000 10.434800
2830.000000 43.000000 8.394500 10.692200
2840.000000 43.000000 7.721000 10.949600
2850.000000 43.000000 7.047500 11.207000
2860.000000 43.000000 6.374000 11.464400
2870.000000 43.000000 5.700500 11.721800
2880.000000 43.000000 5.027000 11.979200
2890.000000 43.000000 4.353500 12.236600
2900.000000 43.000000 3.680000 12.494000
2910.000000 43.000000 3.006500 12.751400
2920.000000 43.000000 2.333000 13.008800
2730.000000 44.000000 10.049000 6.892000
2740.000000 44.000000 10.000000 7.155000
2750.000000 44.000000 9.951000 7.418000
2760.000000 44.000000 9.902000 7.680000
2770.000000 44.000000 9.841000 7.998000
2780.000000 44.000000 9.777000 8.330000
2790.000000 44.000000 9.706000 8.588000
2800.000000 44.000000 9.629000 8.771000
2810.000000 44.000000 9.566500 9.356000
2820.000000 44.000000 9.504000 9.941000
2830.000000 44.000000 9.441500 10.526000
2840.000000 44.000000 9.379000 11.111000
2850.000000 44.000000 9.316500 11.696000
2860.000000 44.000000 9.254000 12.281000
2870.000000 44.000000 9.191500 12.866000
2880.000000 44.000000 9.129000 13.451000
2890.000000 44.000000 9.066500 14.036000
2900.000000 44.000000 9.004000 14.621000
2910.000000 44.000000 8.941500 15.206000
2920.000000 44.000000 8.879000 15.791000
2950.000000 46.000000 15.113000 7.655000
2960.000000 46.000000 14.465000 7.711000
2970.000000 46.000000 13.818000 7.766000
2980.000000 46.000000 13.166000 7.844000
2990.000000 46.000000 12.503000 7.976000
3000.000000 46.000000 11.841000 8.109000
3010.000000 46.000000 11.213000 8.249000
3020.000000 46.000000 10.609000 8.395000
3030.000000 46.000000 9.946500 8.633500
3040.000000 46.000000 9.284000 8.872000
3050.000000 46.000000 8.621500 9.110500
3060.000000 46.000000 7.959000 9.349000
3070.000000 46.000000 7.296500 9.587500
3080.000000 46.000000 6.634000 9.826000
3090.000000 46.000000 5.971500 10.064500
3100.000000 46.000000 5.309000 10.303000
3110.000000 46.000000 4.646500 10.541500
3120.000000 46.000000 3.984000 10.780000
3130.000000 46.000000 3.321500 11.018500
3140.000000 46.000000 2.659000 11.257000
2960.000000 47.000000 14.691000 8.306000
2970.000000 47.000000 14.104000 8.356000
2980.000000 47.000000 13.515000 8.413000
2990.000000 47.000000 12.912000 8.532000
3000.000000 47.000000 12.309000 8.651000
3010.000000 47.000000 11.697000 8.831000
3020.000000 47.000000 11.084000 9.018000
3030.000000 47.000000 10.435000 9.207000
3040.000000 47.000000 9.827500 9.476100
3050.000000 47.000000 9.220000 9.745200
3060.000000 47.000000 8.612500 10.014300
3070.000000 47.000000 8.005000 10.283400
3080.000000 47.000000 7.397500 10.552500
3090.000000 47.000000 6.790000 10.821600
3100.000000 47.000000 6.182500 11.090700
3110.000000 47.000000 5.575000 11.359800
3120.000000 47.000000 4.967500 11.628900
3130.000000 47.000000 4.360000 11.898000
3140.000000 47.000000 3.752500 12.167100
3150.000000 47.000000 3.145000 12.436200
2960.000000 48.000000 14.707000 9.007000
2970.000000 48.000000 14.110000 8.978000
2980.000000 48.000000 13.512000 8.950000
2990.000000 48.000000 12.990000 9.065000
3000.000000 48.000000 12.467000 9.180000
3010.000000 48.000000 11.920000 9.338000
3020.000000 48.000000 11.315000 9.596000
3030.000000 48.000000 10.710000 9.855000
3040.000000 48.000000 10.175000 10.100700
3050.000000 48.000000 9.640000 10.346400
3060.000000 48.000000 9.105000 10.592100
3070.000000 48.000000 8.570000 10.837800
3080.000000 48.000000 8.035000 11.083500
3090.000000 48.000000 7.500000 11.329200
3100.000000 48.000000 6.965000 11.574900
3110.000000 48.000000 6.430000 11.820600
3120.000000 48.000000 5.895000 12.066300
3130.000000 48.000000 5.360000 12.312000
3140.000000 48.000000 4.825000 12.557700
3150.000000 48.000000 4.290000 12.803400
3010.000000 49.000000 8.891000 8.481000
3020.000000 49.000000 9.199000 8.335000
3030.000000 49.000000 9.506000 8.188000
3040.000000 49.000000 9.862000 8.120000
3050.000000 49.000000 10.264000 8.130000
3060.000000 49.000000 10.662000 8.137000
3070.000000 49.000000 11.037000 8.128000
3080.000000 49.000000 11.413000 8.119000
3090.000000 49.000000 11.813000 8.134300
3100.000000 49.000000 12.213000 8.149600
3110.000000 49.000000 12.613000 8.164900
3120.000000 49.000000 13.013000 8.180200
3130.000000 49.000000 13.413000 8.195500
3140.000000 49.000000 13.813000 8.210800
3150.000000 49.000000 14.213000 8.226100
3160.000000 49.000000 14.613000 8.241400
3170.000000 49.000000 15.013000 8.256700
3180.000000 49.000000 15.413000 8.272000
3190.000000 49.000000 15.813000 8.287300
3200.000000 49.000000 16.213000 8.302600
3040.000000 50.000000 0.112000 10.188000
3050.000000 50.000000 0.469000 9.974000
3060.000000 50.000000 0.827000 9.759000
3070.000000 50.000000 1.185000 9.544000
3080.000000 50.000000 1.547000 9.360000
3090.000000 50.000000 1.910000 9.179000
3100.000000 50.000000 2.273000 8.997000
3110.000000 50.000000 2.592000 8.891000
3120.000000 50.000000 2.954500 8.562500
3130.000000 50.000000 3.317000 8.234000
3140.000000 50.000000 3.679500 7.905500
3150.000000 50.000000 4.042000 7.577000
3160.000000 50.000000 4.404500 7.248500
3170.000000 50.000000 4.767000 6.920000
3180.000000 50.000000 5.129500 6.591500
3190.000000 50.000000 5.492000 6.263000
3200.000000 50.000000 5.854500 5.934500
3210.000000 50.000000 6.217000 5.606000
3220.000000 50.000000 6.579500 5.277500
3230.000000 50.000000 6.942000 4.949000
3100.000000 52.000000 0.118000 12.916000
3110.000000 52.000000 0.442000 12.852000
3120.000000 52.000000 0.766000 12.788000
3130.000000 52.000000 1.077000 12.747000
3140.000000 52.000000 1.382000 12.716000
3150.000000 52.000000 1.688000 12.685000
3160.000000 52.000000 1.940000 12.641000
3170.000000 52.000000 2.156000 12.588000
3180.000000 52.000000 2.461500 12.532200
3190.000000 52.000000 2.767000 12.476400
3200.000000 52.000000 3.072500 12.420600
3210.000000 52.000000 3.378000 12.364800
3220.000000 52.000000 3.683500 12.309000
3230.000000 52.000000 3.989000 12.253200
3240.000000 52.000000 4.294500 12.197400
3250.000000 52.000000 4.600000 12.141600
3260.000000 52.000000 4.905500 12.085800
3270.000000 52.000000 5.211000 12.030000
3280.000000 52.000000 5.516500 11.974200
3290.000000 52.000000 5.822000 11.918400
3200.000000 54.000000 14.702000 9.063000
3210.000000 54.000000 14.045000 9.050000
3220.000000 54.000000 13.343000 9.157000
3230.000000 54.000000 12.622000 9.316000
3240.000000 54.000000 11.954000 9.510000
3250.000000 54.000000 11.323000 9.728000
3260.000000 54.000000 10.689000 9.946000
3270.000000 54.000000 10.049000 10.166000
3280.000000 54.000000 9.399500 10.536800
3290.000000 54.000000 8.750000 10.907600
3300.000000 54.000000 8.100500 11.278400
3310.000000 54.000000 7.451000 11.649200
3320.000000 54.000000 6.801500 12.020000
3330.000000 54.000000 6.152000 12.390800
3340.000000 54.000000 5.502500 12.761600
3350.000000 54.000000 4.853000 13.132400
3360.000000 54.000000 4.203500 13.503200
3370.000000 54.000000 3.554000 13.874000
3380.000000 54.000000 2.904500 14.244800
3390.000000 54.000000 2.255000 14.615600
3240.000000 51.000000 4.206000 8.429000
3250.000000 51.000000 4.399000 8.380000
3260.000000 51.000000 4.735000 8.292000
3270.000000 51.000000 5.072000 8.203000
3280.000000 51.000000 5.409000 8.114000
3290.000000 51.000000 5.842000 7.995000
3300.000000 51.000000 6.274000 7.876000
3310.000000 51.000000 6.707000 7.756000
3320.000000 51.000000 7.092000 7.568800
3330.000000 51.000000 7.477000 7.381600
3340.000000 51.000000 7.862000 7.194400
3350.000000 51.000000 8.247000 7.007200
3360.000000 51.000000 8.632000 6.820000
3370.000000 51.000000 9.017000 6.632800
3380.000000 51.000000 9.402000 6.445600
3390.000000 51.000000 9.787000 6.258400
3400.000000 51.000000 10.172000 6.071200
3410.000000 51.000000 10.557000 5.884000
3420.000000 51.000000 10.942000 5.696800
3430.000000 51.000000 11.327000 5.509600
3300.000000 53.000000 3.967000 10.755000
3310.000000 53.000000 4.099000 10.568000
3320.000000 53.000000 4.230000 10.382000
3330.000000 53.000000 4.415000 10.223000
3340.000000 53.000000 4.600000 10.064000
3350.000000 53.000000 4.785000 9.904000
3360.000000 53.000000 4.984000 9.729000
3370.000000 53.000000 5.188000 9.546000
3380.000000 53.000000 5.373000 9.258900
3390.000000 53.000000 5.558000 8.971800
3400.000000 53.000000 5.743000 8.684700
3410.000000 53.000000 5.928000 8.397600
3420.000000 53.000000 6.113000 8.110500
3430.000000 53.000000 6.298000 7.823400
3440.000000 53.000000 6.483000 7.536300
3450.000000 53.000000 6.668000 7.249200
3460.000000 53.000000 6.853000 6.962100
3470.000000 53.000000 7.038000 6.675000
3480.000000 53.000000 7.223000 6.387900
3490.000000 53.000000 7.408000 6.100800
3460.000000 55.000000 -0.162000 11.055000
3470.000000 55.000000 0.728000 10.958000
3480.000000 55.000000 1.618000 10.860000
3490.000000 55.000000 2.498000 10.782000
3500.000000 55.000000 3.369000 10.725000
3510.000000 55.000000 4.240000 10.667000
3520.000000 55.000000 5.077000 10.617000
3530.000000 55.000000 5.893000 10.573000
3540.000000 55.000000 6.764000 10.469500
3550.000000 55.000000 7.635000 10.366000
3560.000000 55.000000 8.506000 10.262500
3570.000000 55.000000 9.377000 10.159000
3580.000000 55.000000 10.248000 10.055500
3590.000000 55.000000 11.119000 9.952000
3600.000000 55.000000 11.990000 9.848500
3610.000000 55.000000 12.861000 9.745000
3620.000000 55.000000 13.732000 9.641500
3630.000000 55.000000 14.603000 9.538000
3640.000000 55.000000 15.474000 9.434500
3650.000000 55.000000 16.345000 9.331000
3520.000000 56.000000 0.132000 11.040000
3530.000000 56.000000 0.816000 10.938000
3540.000000 56.000000 1.500000 10.835000
3550.000000 56.000000 2.181000 10.742000
3560.000000 56.000000 2.857000 10.670000
3570.000000 56.000000 3.533000 10.597000
3580.000000 56.000000 4.209000 10.525000
3590.000000 56.000000 4.888000 10.440000
3600.000000 56.000000 5.564000 10.309500
3610.000000 56.000000 6.240000 10.179000
3620.000000 56.000000 6.916000 10.048500
3630.000000 56.000000 7.592000 9.918000
3640.000000 56.000000 8.268000 9.787500
3650.000000 56.000000 8.944000 9.657000
3660.000000 56.000000 9.620000 9.526500
3670.000000 56.000000 10.296000 9.396000
3680.000000 56.000000 10.972000 9.265500
3690.000000 56.000000 11.648000 9.135000
3700.000000 56.000000 12.324000 9.004500
3710.000000 56.000000 13.000000 8.874000
3970.000000 60.000000 14.764000 8.080000
3980.000000 60.000000 14.000000 8.292000
3990.000000 60.000000 13.236000 8.504000
4000.000000 60.000000 12.553000 8.806000
4010.000000 60.000000 11.906000 9.145000
4020.000000 60.000000 11.256000 9.497000
4030.000000 60.000000 10.582000 9.955000
4040.000000 60.000000 9.909000 10.413000
4050.000000 60.000000 9.260500 11.034900
4060.000000 60.000000 8.612000 11.656800
4070.000000 60.000000 7.963500 12.278700
4080.000000 60.000000 7.315000 12.900600
4090.000000 60.000000 6.666500 13.522500
4100.000000 60.000000 6.018000 14.144400
4110.000000 60.000000 5.369500 14.766300
4120.000000 60.000000 4.721000 15.388200
4130.000000 60.000000 4.072500 16.010100
4140.000000 60.000000 3.424000 16.632000
4150.000000 60.000000 2.775500 17.253900
4160.000000 60.000000 2.127000 17.875800
3990.000000 62.000000 3.379000 7.155000
4000.000000 62.000000 3.688000 7.436000
4010.000000 62.000000 3.998000 7.717000
4020.000000 62.000000 4.307000 7.998000
4030.000000 62.000000 4.736000 8.278000
4040.000000 62.000000 5.285000 8.559000
4050.000000 62.000000 5.829000 8.830000
4060.000000 62.000000 6.352000 9.069000
4070.000000 62.000000 6.841000 9.573900
4080.000000 62.000000 7.330000 10.078800
4090.000000 62.000000 7.819000 10.583700
4100.000000 62.000000 8.308000 11.088600
4110.000000 62.000000 8.797000 11.593500
4120.000000 62.000000 9.286000 12.098400
4130.000000 62.000000 9.775000 12.603300
4140.000000 62.000000 10.264000 13.108200
4150.000000 62.000000 10.753000 13.613100
4160.000000 62.000000 11.242000 14.118000
4170.000000 62.000000 11.731000 14.622900
4180.000000 62.000000 12.220000 15.127800
4220.000000 64.000000 2.294000 11.340000
4230.000000 64.000000 2.925000 11.140000
4240.000000 64.000000 3.557000 10.939000
4250.000000 64.000000 4.180000 10.707000
4260.000000 64.000000 4.799000 10.453000
4270.000000 64.000000 5.417000 10.200000
4280.000000 64.000000 6.031000 9.908000
4290.000000 64.000000 6.640000 9.558000
4300.000000 64.000000 7.258500 9.101700
4310.000000 64.000000 7.877000 8.645400
4320.000000 64.000000 8.495500 8.189100
4330.000000 64.000000 9.114000 7.732800
4340.000000 64.000000 9.732500 7.276500
4350.000000 64.000000 10.351000 6.820200
4360.000000 64.000000 10.969500 6.363900
4370.000000 64.000000 11.588000 5.907600
4380.000000 64.000000 12.206500 5.451300
4390.000000 64.000000 12.825000 4.995000
4400.000000 64.000000 13.443500 4.538700
4410.000000 64.000000 14.062000 4.082400
4220.000000 65.000000 6.877000 9.056000
4230.000000 65.000000 6.742000 9.588000
4240.000000 65.000000 6.609000 10.119000
4250.000000 65.000000 6.417000 10.683000
4260.000000 65.000000 6.226000 11.247000
4270.000000 65.000000 6.044000 11.685000
4280.000000 65.000000 5.865000 12.092000
4290.000000 65.000000 5.680000 12.478000
4300.000000 65.000000 5.493500 13.379800
4310.000000 65.000000 5.307000 14.281600
4320.000000 65.000000 5.120500 15.183400
4330.000000 65.000000 4.934000 16.085200
4340.000000 65.000000 4.747500 16.987000
4350.000000 65.000000 4.561000 17.888800
4360.000000 65.000000 4.374500 18.790600
4370.000000 65.000000 4.188000 19.692400
4380.000000 65.000000 4.001500 20.594200
4390.000000 65.000000 3.815000 21.496000
4400.000000 65.000000 3.628500 22.397800
4410.000000 65.000000 3.442000 23.299600
4270.000000 66.000000 11.245000 7.967000
4280.000000 66.000000 10.843000 8.112000
4290.000000 66.000000 10.441000 8.256000
4300.000000 66.000000 10.039000 8.401000
4310.000000 66.000000 9.481000 8.750000
4320.000000 66.000000 8.922000 9.098000
4330.000000 66.000000 8.331000 9.327000
4340.000000 66.000000 7.691000 9.375000
4350.000000 66.000000 7.132500 10.002300
4360.000000 66.000000 6.574000 10.629600
4370.000000 66.000000 6.015500 11.256900
4380.000000 66.000000 5.457000 11.884200
4390.000000 66.000000 4.898500 12.511500
4400.000000 66.000000 4.340000 13.138800
4410.000000 66.000000 3.781500 13.766100
4420.000000 66.000000 3.223000 14.393400
4430.000000 66.000000 2.664500 15.020700
4440.000000 66.000000 2.106000 15.648000
4450.000000 66.000000 1.547500 16.275300
4460.000000 66.000000 0.989000 16.902600
4280.000000 67.000000 15.224000 7.173000
4290.000000 67.000000 14.450000 7.106000
4300.000000 67.000000 13.675000 7.040000
4310.000000 67.000000 12.888000 6.993000
4320.000000 67.000000 12.070000 6.993000
4330.000000 67.000000 11.253000 6.993000
4340.000000 67.000000 10.467000 7.062000
4350.000000 67.000000 9.695000 7.162000
4360.000000 67.000000 8.877500 7.162000
4370.000000 67.000000 8.060000 7.162000
4380.000000 67.000000 7.242500 7.162000
4390.000000 67.000000 6.425000 7.162000
4400.000000 67.000000 5.607500 7.162000
4410.000000 67.000000 4.790000 7.162000
4420.000000 67.000000 3.972500 7.162000
4430.000000 67.000000 3.155000 7.162000
4440.000000 67.000000 2.337500 7.162000
4450.000000 67.000000 1.520000 7.162000
4460.000000 67.000000 0.702500 7.162000
4470.000000 67.000000 -0.115000 7.162000
4310.000000 68.000000 10.313000 9.618000
4320.000000 68.000000 9.892000 9.484000
4330.000000 68.000000 9.408000 9.272000
4340.000000 68.000000 8.829000 8.944000
4350.000000 68.000000 8.261000 8.699000
4360.000000 68.000000 7.698000 8.478000
4370.000000 68.000000 7.145000 8.270000
4380.000000 68.000000 6.609000 8.067000
4390.000000 68.000000 6.043500 7.647600
4400.000000 68.000000 5.478000 7.228200
4410.000000 68.000000 4.912500 6.808800
4420.000000 68.000000 4.347000 6.389400
4430.000000 68.000000 3.781500 5.970000
4440.000000 68.000000 3.216000 5.550600
4450.000000 68.000000 2.650500 5.131200
4460.000000 68.000000 2.085000 4.711800
4470.000000 68.000000 1.519500 4.292400
4480.000000 68.000000 0.954000 3.873000
4490.000000 68.000000 0.388500 3.453600
4500.000000 68.000000 -0.177000 3.034200
4510.000000 69.000000 9.428000 13.047000
4520.000000 69.000000 9.374000 12.790000
4530.000000 69.000000 9.320000 12.533000
4540.000000 69.000000 9.266000 12.276000
4550.000000 69.000000 9.239000 11.989000
4560.000000 69.000000 9.239000 11.670000
4570.000000 69.000000 9.239000 11.352000
4580.000000 69.000000 9.245000 11.037000
4590.000000 69.000000 9.231500 10.491600
4600.000000 69.000000 9.218000 9.946200
4610.000000 69.000000 9.204500 9.400800
4620.000000 69.000000 9.191000 8.855400
4630.000000 69.000000 9.177500 8.310000
4640.000000 69.000000 9.164000 7.764600
4650.000000 69.000000 9.150500 7.219200
4660.000000 69.000000 9.137000 6.673800
4670.000000 69.000000 9.123500 6.128400
4680.000000 69.000000 9.110000 5.583000
4690.000000 69.000000 9.096500 5.037600
4700.000000 69.000000 9.083000 4.492200
4510.000000 70.000000 10.198000 13.383000
4520.000000 70.000000 10.227000 13.070000
4530.000000 70.000000 10.256000 12.758000
4540.000000 70.000000 10.268000 12.460000
4550.000000 70.000000 10.263000 12.179000
4560.000000 70.000000 10.257000 11.897000
4570.000000 70.000000 10.252000 11.616000
4580.000000 70.000000 10.273000 11.304000
4590.000000 70.000000 10.267500 10.797300
4600.000000 70.000000 10.262000 10.290600
4610.000000 70.000000 10.256500 9.783900
4620.000000 70.000000 10.251000 9.277200
4630.000000 70.000000 10.245500 8.770500
4640.000000 70.000000 10.240000 8.263800
4650.000000 70.000000 10.234500 7.757100
4660.000000 70.000000 10.229000 7.250400
4670.000000 70.000000 10.223500 6.743700
4680.000000 70.000000 10.218000 6.237000
4690.000000 70.000000 10.212500 5.730300
4700.000000 70.000000 10.207000 5.223600
4600.000000 73.000000 0.170000 9.853000
4610.000000 73.000000 0.818000 9.816000
4620.000000 73.000000 1.465000 9.780000
4630.000000 73.000000 2.099000 9.725000
4640.000000 73.000000 2.720000 9.654000
4650.000000 73.000000 3.342000 9.558000
4660.000000 73.000000 3.963000 9.439000
4670.000000 73.000000 4.583000 9.318000
4680.000000 73.000000 5.204500 9.167700
4690.000000 73.000000 5.826000 9.017400
4700.000000 73.000000 6.447500 8.867100
4710.000000 73.000000 7.069000 8.716800
4720.000000 73.000000 7.690500 8.566500
4730.000000 73.000000 8.312000 8.416200
4740.000000 73.000000 8.933500 8.265900
4750.000000 73.000000 9.555000 8.115600
4760.000000 73.000000 10.176500 7.965300
4770.000000 73.000000 10.798000 7.815000
4780.000000 73.000000 11.419500 7.664700
4790.000000 73.000000 12.041000 7.514400
4610.000000 74.000000 0.449000 10.200000
4620.000000 74.000000 1.178000 10.123000
4630.000000 74.000000 1.907000 10.047000
4640.000000 74.000000 2.593000 10.002000
4650.000000 74.000000 3.261000 9.971000
4660.000000 74.000000 3.919000 9.920000
4670.000000 74.000000 4.560000 9.841000
4680.000000 74.000000 5.214000 9.762000
4690.000000 74.000000 5.877000 9.688200
4700.000000 74.000000 6.540000 9.614400
4710.000000 74.000000 7.203000 9.540600
4720.000000 74.000000 7.866000 9.466800
4730.000000 74.000000 8.529000 9.393000
4740.000000 74.000000 9.192000 9.319200
4750.000000 74.000000 9.855000 9.245400
4760.000000 74.000000 10.518000 9.171600
4770.000000 74.000000 11.181000 9.097800
4780.000000 74.000000 11.844000 9.024000
4790.000000 74.000000 12.507000 8.950200
4800.000000 74.000000 13.170000 8.876400
4640.000000 75.000000 -0.100000 11.481000
4650.000000 75.000000 0.466000 11.298000
4660.000000 75.000000 1.033000 11.114000
4670.000000 75.000000 1.600000 10.931000
4680.000000 75.000000 2.176000 11.006000
4690.000000 75.000000 2.765000 11.047000
4700.000000 75.000000 3.458000 10.859000
4710.000000 75.000000 4.109000 10.859000
4720.000000 75.000000 4.691500 10.963400
4730.000000 75.000000 5.274000 11.067800
4740.000000 75.000000 5.856500 11.172200
4750.000000 75.000000 6.439000 11.276600
4760.000000 75.000000 7.021500 11.381000
4770.000000 75.000000 7.604000 11.485400
4780.000000 75.000000 8.186500 11.589800
4790.000000 75.000000 8.769000 11.694200
4800.000000 75.000000 9.351500 11.798600
4810.000000 75.000000 9.934000 11.903000
4820.000000 75.000000 10.516500 12.007400
4830.000000 75.000000 11.099000 12.111800
4680.000000 76.000000 0.328000 7.055000
4690.000000 76.000000 0.899000 7.370000
4700.000000 76.000000 1.470000 7.686000
4710.000000 76.000000 1.929000 8.114000
4720.000000 76.000000 2.340000 8.592000
4730.000000 76.000000 2.668000 9.063000
4740.000000 76.000000 2.940000 9.530000
4750.000000 76.000000 3.241000 9.967000
4760.000000 76.000000 3.610500 10.821100
4770.000000 76.000000 3.980000 11.675200
4780.000000 76.000000 4.349500 12.529300
4790.000000 76.000000 4.719000 13.383400
4800.000000 76.000000 5.088500 14.237500
4810.000000 76.000000 5.458000 15.091600
4820.000000 76.000000 5.827500 15.945700
4830.000000 76.000000 6.197000 16.799800
4840.000000 76.000000 6.566500 17.653900
4850.000000 76.000000 6.936000 18.508000
4860.000000 76.000000 7.305500 19.362100
4870.000000 76.000000 7.675000 20.216200
4690.000000 77.000000 -0.015000 9.260000
4700.000000 77.000000 0.584000 9.021000
4710.000000 77.000000 1.142000 8.696000
4720.000000 77.000000 1.660000 8.289000
4730.000000 77.000000 2.179000 7.892000
4740.000000 77.000000 2.789000 7.542000
4750.000000 77.000000 3.412000 7.209000
4760.000000 77.000000 4.067000 6.983000
4770.000000 77.000000 4.631500 6.310700
4780.000000 77.000000 5.196000 5.638400
4790.000000 77.000000 5.760500 4.966100
4800.000000 77.000000 6.325000 4.293800
4810.000000 77.000000 6.889500 3.621500
4820.000000 77.000000 7.454000 2.949200
4830.000000 77.000000 8.018500 2.276900
4840.000000 77.000000 8.583000 1.604600
4850.000000 77.000000 9.147500 0.932300
4860.000000 77.000000 9.712000 0.260000
4870.000000 77.000000 10.276500 -0.412300
4880.000000 77.000000 10.841000 -1.084600
4910.000000 79.000000 0.084000 8.329000
4920.000000 79.000000 0.538000 8.329000
4930.000000 79.000000 1.000000 8.325000
4940.000000 79.000000 1.530000 8.281000
4950.000000 79.000000 2.060000 8.236000
4960.000000 79.000000 2.582000 8.178000
4970.000000 79.000000 3.090000 8.098000
4980.000000 79.000000 3.599000 8.019000
4990.000000 79.000000 4.125000 7.926300
5000.000000 79.000000 4.651000 7.833600
5010.000000 79.000000 5.177000 7.740900
5020.000000 79.000000 5.703000 7.648200
5030.000000 79.000000 6.229000 7.555500
5040.000000 79.000000 6.755000 7.462800
5050.000000 79.000000 7.281000 7.370100
5060.000000 79.000000 7.807000 7.277400
5070.000000 79.000000 8.333000 7.184700
5080.000000 79.000000 8.859000 7.092000
5090.000000 79.000000 9.385000 6.999300
5100.000000 79.000000 9.911000 6.906600
4910.000000 80.000000 -0.039000 8.821000
4920.000000 80.000000 0.472000 8.867000
4930.000000 80.000000 0.983000 8.912000
4940.000000 80.000000 1.496000 8.946000
4950.000000 80.000000 2.010000 8.975000
4960.000000 80.000000 2.523000 8.974000
4970.000000 80.000000 3.034000 8.854000
4980.000000 80.000000 3.545000 8.735000
4990.000000 80.000000 4.058500 8.760200
5000.000000 80.000000 4.572000 8.785400
5010.000000 80.000000 5.085500 8.810600
5020.000000 80.000000 5.599000 8.835800
5030.000000 80.000000 6.112500 8.861000
5040.000000 80.000000 6.626000 8.886200
5050.000000 80.000000 7.139500 8.911400
5060.000000 80.000000 7.653000 8.936600
5070.000000 80.000000 8.166500 8.961800
5080.000000 80.000000 8.680000 8.987000
5090.000000 80.000000 9.193500 9.012200
5100.000000 80.000000 9.707000 9.037400
4960.000000 82.000000 14.943000 9.930000
4970.000000 82.000000 14.312000 10.060000
4980.000000 82.000000 13.680000 10.189000
4990.000000 82.000000 13.049000 10.319000
5000.000000 82.000000 12.449000 10.435000
5010.000000 82.000000 11.863000 10.546000
5020.000000 82.000000 11.277000 10.657000
5030.000000 82.000000 10.656000 10.764000
5040.000000 82.000000 10.063000 10.968300
5050.000000 82.000000 9.470000 11.172600
5060.000000 82.000000 8.877000 11.376900
5070.000000 82.000000 8.284000 11.581200
5080.000000 82.000000 7.691000 11.785500
5090.000000 82.000000 7.098000 11.989800
5100.000000 82.000000 6.505000 12.194100
5110.000000 82.000000 5.912000 12.398400
5120.000000 82.000000 5.319000 12.602700
5130.000000 82.000000 4.726000 12.807000
5140.000000 82.000000 4.133000 13.011300
5150.000000 82.000000 3.540000 13.215600
4960.000000 83.000000 15.153000 8.933000
4970.000000 83.000000 14.522000 9.018000
4980.000000 83.000000 13.891000 9.103000
4990.000000 83.000000 13.259000 9.188000
5000.000000 83.000000 12.598000 9.299000
5010.000000 83.000000 11.936000 9.410000
5020.000000 83.000000 11.282000 9.541000
5030.000000 83.000000 10.658000 9.755000
5040.000000 83.000000 9.996500 9.954800
5050.000000 83.000000 9.335000 10.154600
5060.000000 83.000000 8.673500 10.354400
5070.000000 83.000000 8.012000 10.554200
5080.000000 83.000000 7.350500 10.754000
5090.000000 83.000000 6.689000 10.953800
5100.000000 83.000000 6.027500 11.153600
5110.000000 83.000000 5.366000 11.353400
5120.000000 83.000000 4.704500 11.553200
5130.000000 83.000000 4.043000 11.753000
5140.000000 83.000000 3.381500 11.952800
5150.000000 83.000000 2.720000 12.152600
5010.000000 84.000000 0.180000 11.602000
5020.000000 84.000000 0.925000 11.393000
5030.000000 84.000000 1.670000 11.184000
5040.000000 84.000000 2.405000 10.949000
5050.000000 84.000000 3.134000 10.701000
5060.000000 84.000000 3.863000 10.454000
5070.000000 84.000000 4.609000 10.200000
5080.000000 84.000000 5.356000 9.945000
5090.000000 84.000000 6.085000 9.499500
5100.000000 84.000000 6.814000 9.054000
5110.000000 84.000000 7.543000 8.608500
5120.000000 84.000000 8.272000 8.163000
5130.000000 84.000000 9.001000 7.717500
5140.000000 84.000000 9.730000 7.272000
5150.000000 84.000000 10.459000 6.826500
5160.000000 84.000000 11.188000 6.381000
5170.000000 84.000000 11.917000 5.935500
5180.000000 84.000000 12.646000 5.490000
5190.000000 84.000000 13.375000 5.044500
5200.000000 84.000000 14.104000 4.599000
5230.000000 87.000000 5.098000 11.218000
5240.000000 87.000000 5.612000 11.156000
5250.000000 87.000000 6.127000 11.094000
5260.000000 87.000000 6.641000 11.032000
5270.000000 87.000000 7.149000 10.932000
5280.000000 87.000000 7.655000 10.828000
5290.000000 87.000000 8.161000 10.723000
5300.000000 87.000000 8.684000 10.636000
5310.000000 87.000000 9.191000 10.452400
5320.000000 87.000000 9.698000 10.268800
5330.000000 87.000000 10.205000 10.085200
5340.000000 87.000000 10.712000 9.901600
5350.000000 87.000000 11.219000 9.718000
5360.000000 87.000000 11.726000 9.534400
5370.000000 87.000000 12.233000 9.350800
5380.000000 87.000000 12.740000 9.167200
5390.000000 87.000000 13.247000 8.983600
5400.000000 87.000000 13.754000 8.800000
5410.000000 87.000000 14.261000 8.616400
5420.000000 87.000000 14.768000 8.432800
5240.000000 88.000000 14.842000 8.292000
5250.000000 88.000000 14.346000 8.360000
5260.000000 88.000000 13.850000 8.428000
5270.000000 88.000000 13.346000 8.547000
5280.000000 88.000000 12.839000 8.688000
5290.000000 88.000000 12.353000 8.774000
5300.000000 88.000000 11.889000 8.804000
5310.000000 88.000000 11.421000 8.844000
5320.000000 88.000000 10.924500 9.048300
5330.000000 88.000000 10.428000 9.252600
5340.000000 88.000000 9.931500 9.456900
5350.000000 88.000000 9.435000 9.661200
5360.000000 88.000000 8.938500 9.865500
5370.000000 88.000000 8.442000 10.069800
5380.000000 88.000000 7.945500 10.274100
5390.000000 88.000000 7.449000 10.478400
5400.000000 88.000000 6.952500 10.682700
5410.000000 88.000000 6.456000 10.887000
5420.000000 88.000000 5.959500 11.091300
5430.000000 88.000000 5.463000 11.295600
5240.000000 89.000000 14.810000 8.876000
5250.000000 89.000000 14.377000 8.919000
5260.000000 89.000000 13.943000 8.963000
5270.000000 89.000000 13.490000 9.026000
5280.000000 89.000000 12.961000 9.171000
5290.000000 89.000000 12.432000 9.316000
5300.000000 89.000000 11.902000 9.460000
5310.000000 89.000000 11.442000 9.626000
5320.000000 89.000000 10.913000 9.887000
5330.000000 89.000000 10.384000 10.148000
5340.000000 89.000000 9.855000 10.409000
5350.000000 89.000000 9.326000 10.670000
5360.000000 89.000000 8.797000 10.931000
5370.000000 89.000000 8.268000 11.192000
5380.000000 89.000000 7.739000 11.453000
5390.000000 89.000000 7.210000 11.714000
5400.000000 89.000000 6.681000 11.975000
5410.000000 89.000000 6.152000 12.236000
5420.000000 89.000000 5.623000 12.497000
5430.000000 89.000000 5.094000 12.758000
5270.000000 90.000000 15.242000 7.443000
5280.000000 90.000000 14.484000 7.577000
5290.000000 90.000000 13.727000 7.711000
5300.000000 90.000000 12.981000 7.850000
5310.000000 90.000000 12.266000 8.003000
5320.000000 90.000000 11.550000 8.155000
5330.000000 90.000000 10.863000 8.333000
5340.000000 90.000000 10.183000 8.517000
5350.000000 90.000000 9.467500 8.791500
5360.000000 90.000000 8.752000 9.066000
5370.000000 90.000000 8.036500 9.340500
5380.000000 90.000000 7.321000 9.615000
5390.000000 90.000000 6.605500 9.889500
5400.000000 90.000000 5.890000 10.164000
5410.000000 90.000000 5.174500 10.438500
5420.000000 90.000000 4.459000 10.713000
5430.000000 90.000000 3.743500 10.987500
5440.000000 90.000000 3.028000 11.262000
5450.000000 90.000000 2.312500 11.536500
5460.000000 90.000000 1.597000 11.811000
5300.000000 91.000000 2.649000 8.875000
5310.000000 91.000000 3.189000 9.009000
5320.000000 91.000000 3.728000 9.144000
5330.000000 91.000000 4.267000 9.278000
5340.000000 91.000000 4.821000 9.395000
5350.000000 91.000000 5.385000 9.500000
5360.000000 91.000000 5.959000 9.599000
5370.000000 91.000000 6.621000 9.650000
5380.000000 91.000000 7.180000 9.849800
5390.000000 91.000000 7.739000 10.049600
5400.000000 91.000000 8.298000 10.249400
5410.000000 91.000000 8.857000 10.449200
5420.000000 91.000000 9.416000 10.649000
5430.000000 91.000000 9.975000 10.848800
5440.000000 91.000000 10.534000 11.048600
5450.000000 91.000000 11.093000 11.248400
5460.000000 91.000000 11.652000 11.448200
5470.000000 91.000000 12.211000 11.648000
5480.000000 91.000000 12.770000 11.847800
5490.000000 91.000000 13.329000 12.047600
5410.000000 92.000000 0.360000 12.524000
5420.000000 92.000000 1.071000 12.424000
5430.000000 92.000000 1.781000 12.325000
5440.000000 92.000000 2.564000 12.144000
5450.000000 92.000000 3.355000 11.955000
5460.000000 92.000000 4.146000 11.766000
5470.000000 92.000000 4.778000 11.570000
5480.000000 92.000000 5.409000 11.374000
5490.000000 92.000000 6.200000 11.033800
5500.000000 92.000000 6.991000 10.693600
5510.000000 92.000000 7.782000 10.353400
5520.000000 92.000000 8.573000 10.013200
5530.000000 92.000000 9.364000 9.673000
5540.000000 92.000000 10.155000 9.332800
5550.000000 92.000000 10.946000 8.992600
5560.000000 92.000000 11.737000 8.652400
5570.000000 92.000000 12.528000 8.312200
5580.000000 92.000000 13.319000 7.972000
5590.000000 92.000000 14.110000 7.631800
5600.000000 92.000000 14.901000 7.291600
5410.000000 93.000000 0.511000 13.619000
5420.000000 93.000000 1.022000 13.432000
5430.000000 93.000000 1.533000 13.244000
5440.000000 93.000000 2.014000 13.107000
5450.000000 93.000000 2.465000 13.022000
5460.000000 93.000000 2.916000 12.937000
5470.000000 93.000000 3.450000 12.828000
5480.000000 93.000000 4.018000 12.709000
5490.000000 93.000000 4.469000 12.556000
5500.000000 93.000000 4.920000 12.403000
5510.000000 93.000000 5.371000 12.250000
5520.000000 93.000000 5.822000 12.097000
5530.000000 93.000000 6.273000 11.944000
5540.000000 93.000000 6.724000 11.791000
5550.000000 93.000000 7.175000 11.638000
5560.000000 93.000000 7.626000 11.485000
5570.000000 93.000000 8.077000 11.332000
5580.000000 93.000000 8.528000 11.179000
5590.000000 93.000000 8.979000 11.026000
5600.000000 93.000000 9.430000 10.873000
5480.000000 94.000000 0.358000 11.885000
5490.000000 94.000000 0.989000 11.838000
5500.000000 94.000000 1.621000 11.790000
5510.000000 94.000000 2.163000 11.739000
5520.000000 94.000000 2.705000 11.679000
5530.000000 94.000000 3.235000 11.526000
5540.000000 94.000000 3.766000 11.374000
5550.000000 94.000000 4.351000 11.232000
5560.000000 94.000000 4.887000 11.040300
5570.000000 94.000000 5.423000 10.848600
5580.000000 94.000000 5.959000 10.656900
5590.000000 94.000000 6.495000 10.465200
5600.000000 94.000000 7.031000 10.273500
5610.000000 94.000000 7.567000 10.081800
5620.000000 94.000000 8.103000 9.890100
5630.000000 94.000000 8.639000 9.698400
5640.000000 94.000000 9.175000 9.506700
5650.000000 94.000000 9.711000 9.315000
5660.000000 94.000000 10.247000 9.123300
5670.000000 94.000000 10.783000 8.931600
5660.000000 95.000000 0.031000 12.330000
5670.000000 95.000000 0.507000 12.135000
5680.000000 95.000000 0.982000 11.941000
5690.000000 95.000000 1.459000 11.752000
5700.000000 95.000000 1.942000 11.610000
5710.000000 95.000000 2.425000 11.469000
5720.000000 95.000000 2.937000 11.326000
5730.000000 95.000000 3.494000 11.181000
5740.000000 95.000000 3.977000 10.926300
5750.000000 95.000000 4.460000 10.671600
5760.000000 95.000000 4.943000 10.416900
5770.000000 95.000000 5.426000 10.162200
5780.000000 95.000000 5.909000 9.907500
5790.000000 95.000000 6.392000 9.652800
5800.000000 95.000000 6.875000 9.398100
5810.000000 95.000000 7.358000 9.143400
5820.000000 95.000000 7.841000 8.888700
5830.000000 95.000000 8.324000 8.634000
5840.000000 95.000000 8.807000 8.379300
5850.000000 95.000000 9.290000 8.124600
5670.000000 96.000000 0.229000 11.467000
5680.000000 96.000000 0.743000 11.286000
5690.000000 96.000000 1.256000 11.104000
5700.000000 96.000000 1.737000 10.927000
5710.000000 96.000000 2.204000 10.750000
5720.000000 96.000000 2.694000 10.593000
5730.000000 96.000000 3.220000 10.466000
5740.000000 96.000000 3.746000 10.339000
5750.000000 96.000000 4.224500 10.038400
5760.000000 96.000000 4.703000 9.737800
5770.000000 96.000000 5.181500 9.437200
5780.000000 96.000000 5.660000 9.136600
5790.000000 96.000000 6.138500 8.836000
5800.000000 96.000000 6.617000 8.535400
5810.000000 96.000000 7.095500 8.234800
5820.000000 96.000000 7.574000 7.934200
5830.000000 96.000000 8.052500 7.633600
5840.000000 96.000000 8.531000 7.333000
5850.000000 96.000000 9.009500 7.032400
5860.000000 96.000000 9.488000 6.731800
5970.000000 97.000000 14.796000 8.119000
5980.000000 97.000000 14.250000 8.223000
5990.000000 97.000000 13.705000 8.328000
6000.000000 97.000000 13.160000 8.426000
6010.000000 97.000000 12.616000 8.511000
6020.000000 97.000000 12.073000 8.596000
6030.000000 97.000000 11.520000 8.698000
6040.000000 97.000000 10.928000 8.869000
6050.000000 97.000000 10.384500 9.022000
6060.000000 97.000000 9.841000 9.175000
6070.000000 97.000000 9.297500 9.328000
6080.000000 97.000000 8.754000 9.481000
6090.000000 97.000000 8.210500 9.634000
6100.000000 97.000000 7.667000 9.787000
6110.000000 97.000000 7.123500 9.940000
6120.000000 97.000000 6.580000 10.093000
6130.000000 97.000000 6.036500 10.246000
6140.000000 97.000000 5.493000 10.399000
6150.000000 97.000000 4.949500 10.552000
6160.000000 97.000000 4.406000 10.705000
5970.000000 98.000000 14.748000 8.769000
5980.000000 98.000000 14.275000 8.836000
5990.000000 98.000000 13.801000 8.903000
6000.000000 98.000000 13.304000 8.988000
6010.000000 98.000000 12.752000 9.115000
6020.000000 98.000000 12.199000 9.241000
6030.000000 98.000000 11.650000 9.369000
6040.000000 98.000000 11.134000 9.499000
6050.000000 98.000000 10.581500 9.726700
6060.000000 98.000000 10.029000 9.954400
6070.000000 98.000000 9.476500 10.182100
6080.000000 98.000000 8.924000 10.409800
6090.000000 98.000000 8.371500 10.637500
6100.000000 98.000000 7.819000 10.865200
6110.000000 98.000000 7.266500 11.092900
6120.000000 98.000000 6.714000 11.320600
6130.000000 98.000000 6.161500 11.548300
6140.000000 98.000000 5.609000 11.776000
6150.000000 98.000000 5.056500 12.003700
6160.000000 98.000000 4.504000 12.231400
6040.000000 99.000000 14.923000 8.732000
6050.000000 99.000000 14.300000 8.834000
6060.000000 99.000000 13.676000 8.936000
6070.000000 99.000000 13.055000 9.022000
6080.000000 99.000000 12.439000 9.084000
6090.000000 99.000000 11.824000 9.146000
6100.000000 99.000000 11.192000 9.235000
6110.000000 99.000000 10.554000 9.337000
6120.000000 99.000000 9.938500 9.448600
6130.000000 99.000000 9.323000 9.560200
6140.000000 99.000000 8.707500 9.671800
6150.000000 99.000000 8.092000 9.783400
6160.000000 99.000000 7.476500 9.895000
6170.000000 99.000000 6.861000 10.006600
6180.000000 99.000000 6.245500 10.118200
6190.000000 99.000000 5.630000 10.229800
6200.000000 99.000000 5.014500 10.341400
6210.000000 99.000000 4.399000 10.453000
6220.000000 99.000000 3.783500 10.564600
6230.000000 99.000000 3.168000 10.676200
6290.000000 104.000000 0.542000 13.766000
6300.000000 104.000000 1.198000 13.670000
6310.000000 104.000000 1.853000 13.575000
6320.000000 104.000000 2.509000 13.480000
6330.000000 104.000000 3.161000 13.386000
6340.000000 104.000000 3.807000 13.299000
6350.000000 104.000000 4.452000 13.211000
6360.000000 104.000000 5.120000 13.120000
6370.000000 104.000000 5.769000 12.957100
6380.000000 104.000000 6.418000 12.794200
6390.000000 104.000000 7.067000 12.631300
6400.000000 104.000000 7.716000 12.468400
6410.000000 104.000000 8.365000 12.305500
6420.000000 104.000000 9.014000 12.142600
6430.000000 104.000000 9.663000 11.979700
6440.000000 104.000000 10.312000 11.816800
6450.000000 104.000000 10.961000 11.653900
6460.000000 104.000000 11.610000 11.491000
6470.000000 104.000000 12.259000 11.328100
6480.000000 104.000000 12.908000 11.165200
6360.000000 105.000000 -0.063000 13.025000
6370.000000 105.000000 0.358000 12.964000
6380.000000 105.000000 0.779000 12.903000
6390.000000 105.000000 1.200000 12.842000
6400.000000 105.000000 1.621000 12.780000
6410.000000 105.000000 2.076000 12.719000
6420.000000 105.000000 2.540000 12.658000
6430.000000 105.000000 3.004000 12.597000
6440.000000 105.000000 3.442000 12.486300
6450.000000 105.000000 3.880000 12.375600
6460.000000 105.000000 4.318000 12.264900
6470.000000 105.000000 4.756000 12.154200
6480.000000 105.000000 5.194000 12.043500
6490.000000 105.000000 5.632000 11.932800
6500.000000 105.000000 6.070000 11.822100
6510.000000 105.000000 6.508000 11.711400
6520.000000 105.000000 6.946000 11.600700
6530.000000 105.000000 7.384000 11.490000
6540.000000 105.000000 7.822000 11.379300
6550.000000 105.000000 8.260000 11.268600
6430.000000 106.000000 14.985000 8.759000
6440.000000 106.000000 14.404000 8.768000
6450.000000 106.000000 13.823000 8.778000
6460.000000 106.000000 13.237000 8.847000
6470.000000 106.000000 12.646000 8.976000
6480.000000 106.000000 12.056000 9.104000
6490.000000 106.000000 11.515000 9.282000
6500.000000 106.000000 10.980000 9.467000
6510.000000 106.000000 10.389500 9.698300
6520.000000 106.000000 9.799000 9.929600
6530.000000 106.000000 9.208500 10.160900
6540.000000 106.000000 8.618000 10.392200
6550.000000 106.000000 8.027500 10.623500
6560.000000 106.000000 7.437000 10.854800
6570.000000 106.000000 6.846500 11.086100
6580.000000 106.000000 6.256000 11.317400
6590.000000 106.000000 5.665500 11.548700
6600.000000 106.000000 5.075000 11.780000
6610.000000 106.000000 4.484500 12.011300
6620.000000 106.000000 3.894000 12.242600
6430.000000 107.000000 15.256000 8.168000
6440.000000 107.000000 14.633000 8.228000
6450.000000 107.000000 14.011000 8.287000
6460.000000 107.000000 13.388000 8.354000
6470.000000 107.000000 12.764000 8.436000
6480.000000 107.000000 12.139000 8.518000
6490.000000 107.000000 11.526000 8.645000
6500.000000 107.000000 10.927000 8.839000
6510.000000 107.000000 10.302500 8.986600
6520.000000 107.000000 9.678000 9.134200
6530.000000 107.000000 9.053500 9.281800
6540.000000 107.000000 8.429000 9.429400
6550.000000 107.000000 7.804500 9.577000
6560.000000 107.000000 7.180000 9.724600
6570.000000 107.000000 6.555500 9.872200
6580.000000 107.000000 5.931000 10.019800
6590.000000 107.000000 5.306500 10.167400
6600.000000 107.000000 4.682000 10.315000
6610.000000 107.000000 4.057500 10.462600
6620.000000 107.000000 3.433000 10.610200
6890.000000 112.000000 14.822000 7.432000
6900.000000 112.000000 14.138000 7.575000
6910.000000 112.000000 13.454000 7.718000
6920.000000 112.000000 12.808000 7.883000
6930.000000 112.000000 12.166000 8.050000
6940.000000 112.000000 11.499000 8.203000
6950.000000 112.000000 10.829000 8.355000
6960.000000 112.000000 10.210000 8.506000
6970.000000 112.000000 9.555500 8.794000
6980.000000 112.000000 8.901000 9.082000
6990.000000 112.000000 8.246500 9.370000
7000.000000 112.000000 7.592000 9.658000
7010.000000 112.000000 6.937500 9.946000
7020.000000 112.000000 6.283000 10.234000
7030.000000 112.000000 5.628500 10.522000
7040.000000 112.000000 4.974000 10.810000
7050.000000 112.000000 4.319500 11.098000
7060.000000 112.000000 3.665000 11.386000
7070.000000 112.000000 3.010500 11.674000
7080.000000 112.000000 2.356000 11.962000
6890.000000 113.000000 15.008000 8.077000
6900.000000 113.000000 14.358000 8.208000
6910.000000 113.000000 13.707000 8.338000
6920.000000 113.000000 13.098000 8.473000
6930.000000 113.000000 12.507000 8.611000
6940.000000 113.000000 11.917000 8.748000
6950.000000 113.000000 11.329000 8.877000
6960.000000 113.000000 10.742000 9.007000
6970.000000 113.000000 10.151500 9.254500
6980.000000 113.000000 9.561000 9.502000
6990.000000 113.000000 8.970500 9.749500
7000.000000 113.000000 8.380000 9.997000
7010.000000 113.000000 7.789500 10.244500
7020.000000 113.000000 7.199000 10.492000
7030.000000 113.000000 6.608500 10.739500
7040.000000 113.000000 6.018000 10.987000
7050.000000 113.000000 5.427500 11.234500
7060.000000 113.000000 4.837000 11.482000
7070.000000 113.000000 4.246500 11.729500
7080.000000 113.000000 3.656000 11.977000
7170.000000 116.000000 0.084000 11.050000
7180.000000 116.000000 0.602000 10.967000
7190.000000 116.000000 1.120000 10.885000
7200.000000 116.000000 1.610000 10.795000
7210.000000 116.000000 2.056000 10.693000
7220.000000 116.000000 2.503000 10.592000
7230.000000 116.000000 2.956000 10.490000
7240.000000 116.000000 3.470000 10.375000
7250.000000 116.000000 3.916500 10.192300
7260.000000 116.000000 4.363000 10.009600
7270.000000 116.000000 4.809500 9.826900
7280.000000 116.000000 5.256000 9.644200
7290.000000 116.000000 5.702500 9.461500
7300.000000 116.000000 6.149000 9.278800
7310.000000 116.000000 6.595500 9.096100
7320.000000 116.000000 7.042000 8.913400
7330.000000 116.000000 7.488500 8.730700
7340.000000 116.000000 7.935000 8.548000
7350.000000 116.000000 8.381500 8.365300
7360.000000 116.000000 8.828000 8.182600
7180.000000 117.000000 0.255000 10.400000
7190.000000 117.000000 0.755000 10.300000
7200.000000 117.000000 1.255000 10.201000
7210.000000 117.000000 1.765000 10.106000
7220.000000 117.000000 2.276000 10.013000
7230.000000 117.000000 2.792000 9.914000
7240.000000 117.000000 3.347000 9.771000
7250.000000 117.000000 3.903000 9.628000
7260.000000 117.000000 4.416500 9.455200
7270.000000 117.000000 4.930000 9.282400
7280.000000 117.000000 5.443500 9.109600
7290.000000 117.000000 5.957000 8.936800
7300.000000 117.000000 6.470500 8.764000
7310.000000 117.000000 6.984000 8.591200
7320.000000 117.000000 7.497500 8.418400
7330.000000 117.000000 8.011000 8.245600
7340.000000 117.000000 8.524500 8.072800
7350.000000 117.000000 9.038000 7.900000
7360.000000 117.000000 9.551500 7.727200
7370.000000 117.000000 10.065000 7.554400