800.000000 2.000000 13.640000 5.800000
810.000000 2.000000 12.090000 5.750000
820.000000 2.000000 11.370000 5.800000
830.000000 2.000000 10.310000 5.970000
840.000000 2.000000 9.570000 6.240000
850.000000 2.000000 8.730000 6.340000
860.000000 2.000000 7.940000 6.500000
870.000000 2.000000 7.170000 6.620000
880.000000 2.000000 6.361250 6.722500
890.000000 2.000000 5.552500 6.825000
900.000000 2.000000 4.743750 6.927500
910.000000 2.000000 3.935000 7.030000
920.000000 2.000000 3.126250 7.132500
930.000000 2.000000 2.317500 7.235000
940.000000 2.000000 1.508750 7.337500
950.000000 2.000000 0.700000 7.440000
960.000000 2.000000 -0.108750 7.542500
970.000000 2.000000 -0.917500 7.645000
980.000000 2.000000 -1.726250 7.747500
990.000000 2.000000 -2.535000 7.850000
830.000000 3.000000 12.490000 6.600000
840.000000 3.000000 11.940000 6.770000
850.000000 3.000000 11.030000 6.840000
860.000000 3.000000 10.210000 6.810000
870.000000 3.000000 9.360000 6.850000
880.000000 3.000000 8.590000 6.850000
890.000000 3.000000 7.780000 6.840000
900.000000 3.000000 6.960000 6.840000
910.000000 3.000000 6.268750 6.870000
920.000000 3.000000 5.577500 6.900000
930.000000 3.000000 4.886250 6.930000
940.000000 3.000000 4.195000 6.960000
950.000000 3.000000 3.503750 6.990000
960.000000 3.000000 2.812500 7.020000
970.000000 3.000000 2.121250 7.050000
980.000000 3.000000 1.430000 7.080000
990.000000 3.000000 0.738750 7.110000
1000.000000 3.000000 0.047500 7.140000
1010.000000 3.000000 -0.643750 7.170000
1020.000000 3.000000 -1.335000 7.200000
1050.000000 11.000000 12.510000 6.190000
1060.000000 11.000000 11.540000 6.030000
1070.000000 11.000000 10.960000 5.970000
1080.000000 11.000000 10.290000 6.120000
1090.000000 11.000000 9.880000 6.210000
1100.000000 11.000000 9.540000 6.090000
1110.000000 11.000000 8.870000 5.990000
1120.000000 11.000000 8.040000 5.660000
1130.000000 11.000000 7.481250 5.593750
1140.000000 11.000000 6.922500 5.527500
1150.000000 11.000000 6.363750 5.461250
1160.000000 11.000000 5.805000 5.395000
1170.000000 11.000000 5.246250 5.328750
1180.000000 11.000000 4.687500 5.262500
1190.000000 11.000000 4.128750 5.196250
1200.000000 11.000000 3.570000 5.130000
1210.000000 11.000000 3.011250 5.063750
1220.000000 11.000000 2.452500 4.997500
1230.000000 11.000000 1.893750 4.931250
1240.000000 11.000000 1.335000 4.865000
1050.000000 12.000000 12.090000 6.950000
1060.000000 12.000000 11.400000 6.930000
1070.000000 12.000000 10.700000 6.870000
1080.000000 12.000000 10.070000 6.730000
1090.000000 12.000000 9.450000 6.510000
1100.000000 12.000000 8.900000 6.330000
1110.000000 12.000000 8.210000 6.230000
1120.000000 12.000000 7.490000 6.060000
1130.000000 12.000000 6.915000 5.948750
1140.000000 12.000000 6.340000 5.837500
1150.000000 12.000000 5.765000 5.726250
1160.000000 12.000000 5.190000 5.615000
1170.000000 12.000000 4.615000 5.503750
1180.000000 12.000000 4.040000 5.392500
1190.000000 12.000000 3.465000 5.281250
1200.000000 12.000000 2.890000 5.170000
1210.000000 12.000000 2.315000 5.058750
1220.000000 12.000000 1.740000 4.947500
1230.000000 12.000000 1.165000 4.836250
1240.000000 12.000000 0.590000 4.725000
2860.000000 51.000000 7.050000 8.440000
2870.000000 51.000000 7.050000 8.440000
2880.000000 51.000000 7.050000 8.440000
2890.000000 51.000000 7.050000 8.440000
2900.000000 51.000000 7.050000 8.440000
2910.000000 51.000000 7.050000 8.440000
2920.000000 51.000000 7.050000 8.440000
2930.000000 51.000000 7.050000 8.440000
2940.000000 51.000000 7.050000 8.440000
2950.000000 51.000000 7.050000 8.440000
2960.000000 51.000000 7.050000 8.440000
2970.000000 51.000000 7.050000 8.440000
2980.000000 51.000000 7.050000 8.440000
2990.000000 51.000000 7.050000 8.440000
3000.000000 51.000000 7.050000 8.440000
3010.000000 51.000000 7.050000 8.440000
3020.000000 51.000000 7.050000 8.440000
3030.000000 51.000000 7.050000 8.440000
3040.000000 51.000000 7.050000 8.440000
3050.000000 51.000000 7.050000 8.440000
2860.000000 52.000000 8.090000 8.840000
2870.000000 52.000000 8.090000 8.840000
2880.000000 52.000000 8.090000 8.840000
2890.000000 52.000000 8.090000 8.840000
2900.000000 52.000000 8.090000 8.840000
2910.000000 52.000000 8.090000 8.840000
2920.000000 52.000000 8.090000 8.840000
2930.000000 52.000000 8.090000 8.840000
2940.000000 52.000000 8.090000 8.840000
2950.000000 52.000000 8.090000 8.840000
2960.000000 52.000000 8.090000 8.840000
2970.000000 52.000000 8.090000 8.840000
2980.000000 52.000000 8.090000 8.840000
2990.000000 52.000000 8.090000 8.840000
3000.000000 52.000000 8.090000 8.840000
3010.000000 52.000000 8.090000 8.840000
3020.000000 52.000000 8.090000 8.840000
3030.000000 52.000000 8.090000 8.840000
3040.000000 52.000000 8.090000 8.840000
3050.000000 52.000000 8.090000 8.840000
2860.000000 56.000000 12.320000 3.350000
2870.000000 56.000000 12.420000 3.220000
2880.000000 56.000000 12.490000 3.210000
2890.000000 56.000000 12.650000 3.360000
2900.000000 56.000000 12.790000 3.450000
2910.000000 56.000000 12.790000 3.470000
2920.000000 56.000000 12.790000 3.380000
2930.000000 56.000000 12.780000 3.160000
2940.000000 56.000000 12.837500 3.136250
2950.000000 56.000000 12.895000 3.112500
2960.000000 56.000000 12.952500 3.088750
2970.000000 56.000000 13.010000 3.065000
2980.000000 56.000000 13.067500 3.041250
2990.000000 56.000000 13.125000 3.017500
3000.000000 56.000000 13.182500 2.993750
3010.000000 56.000000 13.240000 2.970000
3020.000000 56.000000 13.297500 2.946250
3030.000000 56.000000 13.355000 2.922500
3040.000000 56.000000 13.412500 2.898750
3050.000000 56.000000 13.470000 2.875000
4330.000000 79.000000 -3.780000 5.150000
4340.000000 79.000000 -3.090000 5.120000
4350.000000 79.000000 -2.340000 5.190000
4360.000000 79.000000 -1.610000 5.170000
4370.000000 79.000000 -0.840000 5.310000
4380.000000 79.000000 -0.130000 5.270000
4390.000000 79.000000 0.610000 5.360000
4400.000000 79.000000 1.380000 5.430000
4410.000000 79.000000 2.025000 5.465000
4420.000000 79.000000 2.670000 5.500000
4430.000000 79.000000 3.315000 5.535000
4440.000000 79.000000 3.960000 5.570000
4450.000000 79.000000 4.605000 5.605000
4460.000000 79.000000 5.250000 5.640000
4470.000000 79.000000 5.895000 5.675000
4480.000000 79.000000 6.540000 5.710000
4490.000000 79.000000 7.185000 5.745000
4500.000000 79.000000 7.830000 5.780000
4510.000000 79.000000 8.475000 5.815000
4520.000000 79.000000 9.120000 5.850000
6420.000000 126.000000 -5.190000 6.380000
6430.000000 126.000000 -4.300000 6.500000
6440.000000 126.000000 -3.360000 6.560000
6450.000000 126.000000 -2.420000 6.510000
6460.000000 126.000000 -1.390000 6.390000
6470.000000 126.000000 -0.560000 6.380000
6480.000000 126.000000 0.260000 6.180000
6490.000000 126.000000 1.270000 6.020000
6500.000000 126.000000 2.077500 5.975000
6510.000000 126.000000 2.885000 5.930000
6520.000000 126.000000 3.692500 5.885000
6530.000000 126.000000 4.500000 5.840000
6540.000000 126.000000 5.307500 5.795000
6550.000000 126.000000 6.115000 5.750000
6560.000000 126.000000 6.922500 5.705000
6570.000000 126.000000 7.730000 5.660000
6580.000000 126.000000 8.537500 5.615000
6590.000000 126.000000 9.345000 5.570000
6600.000000 126.000000 10.152500 5.525000
6610.000000 126.000000 10.960000 5.480000
6420.000000 127.000000 -5.450000 7.310000
6430.000000 127.000000 -4.560000 7.420000
6440.000000 127.000000 -3.660000 7.480000
6450.000000 127.000000 -2.720000 7.420000
6460.000000 127.000000 -1.590000 7.310000
6470.000000 127.000000 -0.590000 7.220000
6480.000000 127.000000 0.360000 7.140000
6490.000000 127.000000 1.320000 7.050000
6500.000000 127.000000 2.166250 7.017500
6510.000000 127.000000 3.012500 6.985000
6520.000000 127.000000 3.858750 6.952500
6530.000000 127.000000 4.705000 6.920000
6540.000000 127.000000 5.551250 6.887500
6550.000000 127.000000 6.397500 6.855000
6560.000000 127.000000 7.243750 6.822500
6570.000000 127.000000 8.090000 6.790000
6580.000000 127.000000 8.936250 6.757500
6590.000000 127.000000 9.782500 6.725000
6600.000000 127.000000 10.628750 6.692500
6610.000000 127.000000 11.475000 6.660000
8120.000000 171.000000 -0.680000 8.400000
8130.000000 171.000000 -0.710000 8.350000
8140.000000 171.000000 -0.910000 8.420000
8150.000000 171.000000 -1.080000 8.470000
8160.000000 171.000000 -1.240000 8.360000
8170.000000 171.000000 -1.530000 8.270000
8180.000000 171.000000 -1.870000 8.410000
8190.000000 171.000000 -1.910000 8.440000
8200.000000 171.000000 -2.063750 8.445000
8210.000000 171.000000 -2.217500 8.450000
8220.000000 171.000000 -2.371250 8.455000
8230.000000 171.000000 -2.525000 8.460000
8240.000000 171.000000 -2.678750 8.465000
8250.000000 171.000000 -2.832500 8.470000
8260.000000 171.000000 -2.986250 8.475000
8270.000000 171.000000 -3.140000 8.480000
8280.000000 171.000000 -3.293750 8.485000
8290.000000 171.000000 -3.447500 8.490000
8300.000000 171.000000 -3.601250 8.495000
8310.000000 171.000000 -3.755000 8.500000
8320.000000 172.000000 -1.520000 8.590000
8330.000000 172.000000 -1.520000 8.590000
8340.000000 172.000000 -1.520000 8.590000
8350.000000 172.000000 -1.520000 8.590000
8360.000000 172.000000 -1.520000 8.590000
8370.000000 172.000000 -1.970000 8.350000
8380.000000 172.000000 -2.040000 8.350000
8390.000000 172.000000 -2.410000 8.330000
8400.000000 172.000000 -2.521250 8.297500
8410.000000 172.000000 -2.632500 8.265000
8420.000000 172.000000 -2.743750 8.232500
8430.000000 172.000000 -2.855000 8.200000
8440.000000 172.000000 -2.966250 8.167500
8450.000000 172.000000 -3.077500 8.135000
8460.000000 172.000000 -3.188750 8.102500
8470.000000 172.000000 -3.300000 8.070000
8480.000000 172.000000 -3.411250 8.037500
8490.000000 172.000000 -3.522500 8.005000
8500.000000 172.000000 -3.633750 7.972500
8510.000000 172.000000 -3.745000 7.940000
8520.000000 173.000000 -3.050000 8.050000
8530.000000 173.000000 -3.050000 8.050000
8540.000000 173.000000 -3.050000 8.050000
8550.000000 173.000000 -2.600000 8.070000
8560.000000 173.000000 -2.510000 7.780000
8570.000000 173.000000 -2.380000 7.730000
8580.000000 173.000000 -1.910000 7.790000
8590.000000 173.000000 -1.540000 7.720000
8600.000000 173.000000 -1.351250 7.678750
8610.000000 173.000000 -1.162500 7.637500
8620.000000 173.000000 -0.973750 7.596250
8630.000000 173.000000 -0.785000 7.555000
8640.000000 173.000000 -0.596250 7.513750
8650.000000 173.000000 -0.407500 7.472500
8660.000000 173.000000 -0.218750 7.431250
8670.000000 173.000000 -0.030000 7.390000
8680.000000 173.000000 0.158750 7.348750
8690.000000 173.000000 0.347500 7.307500
8700.000000 173.000000 0.536250 7.266250
8710.000000 173.000000 0.725000 7.225000
8720.000000 174.000000 3.940000 8.170000
8730.000000 174.000000 4.330000 8.230000
8740.000000 174.000000 4.730000 8.380000
8750.000000 174.000000 5.040000 8.460000
8760.000000 174.000000 5.330000 8.540000
8770.000000 174.000000 5.870000 8.600000
8780.000000 174.000000 6.270000 8.500000
8790.000000 174.000000 6.700000 8.400000
8800.000000 174.000000 7.045000 8.428750
8810.000000 174.000000 7.390000 8.457500
8820.000000 174.000000 7.735000 8.486250
8830.000000 174.000000 8.080000 8.515000
8840.000000 174.000000 8.425000 8.543750
8850.000000 174.000000 8.770000 8.572500
8860.000000 174.000000 9.115000 8.601250
8870.000000 174.000000 9.460000 8.630000
8880.000000 174.000000 9.805000 8.658750
8890.000000 174.000000 10.150000 8.687500
8900.000000 174.000000 10.495000 8.716250
8910.000000 174.000000 10.840000 8.745000
8890.000000 195.000000 12.710000 4.950000
8900.000000 195.000000 11.820000 4.590000
8910.000000 195.000000 10.960000 4.340000
8920.000000 195.000000 9.860000 4.250000
8930.000000 195.000000 9.110000 4.130000
8940.000000 195.000000 8.160000 3.990000
8950.000000 195.000000 7.270000 3.930000
8960.000000 195.000000 6.390000 3.810000
8970.000000 195.000000 5.600000 3.667500
8980.000000 195.000000 4.810000 3.525000
8990.000000 195.000000 4.020000 3.382500
9000.000000 195.000000 3.230000 3.240000
9010.000000 195.000000 2.440000 3.097500
9020.000000 195.000000 1.650000 2.955000
9030.000000 195.000000 0.860000 2.812500
9040.000000 195.000000 0.070000 2.670000
9050.000000 195.000000 -0.720000 2.527500
9060.000000 195.000000 -1.510000 2.385000
9070.000000 195.000000 -2.300000 2.242500
9080.000000 195.000000 -3.090000 2.100000
8900.000000 196.000000 13.430000 5.210000
8910.000000 196.000000 12.660000 5.110000
8920.000000 196.000000 11.820000 4.850000
8930.000000 196.000000 10.980000 4.750000
8940.000000 196.000000 10.180000 4.550000
8950.000000 196.000000 9.410000 4.410000
8960.000000 196.000000 8.720000 4.260000
8970.000000 196.000000 7.990000 4.030000
8980.000000 196.000000 7.310000 3.882500
8990.000000 196.000000 6.630000 3.735000
9000.000000 196.000000 5.950000 3.587500
9010.000000 196.000000 5.270000 3.440000
9020.000000 196.000000 4.590000 3.292500
9030.000000 196.000000 3.910000 3.145000
9040.000000 196.000000 3.230000 2.997500
9050.000000 196.000000 2.550000 2.850000
9060.000000 196.000000 1.870000 2.702500
9070.000000 196.000000 1.190000 2.555000
9080.000000 196.000000 0.510000 2.407500
9090.000000 196.000000 -0.170000 2.260000
8910.000000 197.000000 12.430000 6.040000
8920.000000 197.000000 11.500000 6.030000
8930.000000 197.000000 10.810000 5.800000
8940.000000 197.000000 10.280000 5.520000
8950.000000 197.000000 9.800000 5.220000
8960.000000 197.000000 8.970000 4.980000
8970.000000 197.000000 8.180000 4.880000
8980.000000 197.000000 7.240000 4.800000
8990.000000 197.000000 6.591250 4.645000
9000.000000 197.000000 5.942500 4.490000
9010.000000 197.000000 5.293750 4.335000
9020.000000 197.000000 4.645000 4.180000
9030.000000 197.000000 3.996250 4.025000
9040.000000 197.000000 3.347500 3.870000
9050.000000 197.000000 2.698750 3.715000
9060.000000 197.000000 2.050000 3.560000
9070.000000 197.000000 1.401250 3.405000
9080.000000 197.000000 0.752500 3.250000
9090.000000 197.000000 0.103750 3.095000
9100.000000 197.000000 -0.545000 2.940000
8920.000000 175.000000 5.780000 7.730000
8930.000000 175.000000 5.400000 7.690000
8940.000000 175.000000 4.990000 7.720000
8950.000000 175.000000 4.590000 7.710000
8960.000000 175.000000 4.130000 7.780000
8970.000000 175.000000 3.730000 7.920000
8980.000000 175.000000 3.300000 7.970000
8990.000000 175.000000 2.870000 8.040000
9000.000000 175.000000 2.506250 8.078750
9010.000000 175.000000 2.142500 8.117500
9020.000000 175.000000 1.778750 8.156250
9030.000000 175.000000 1.415000 8.195000
9040.000000 175.000000 1.051250 8.233750
9050.000000 175.000000 0.687500 8.272500
9060.000000 175.000000 0.323750 8.311250
9070.000000 175.000000 -0.040000 8.350000
9080.000000 175.000000 -0.403750 8.388750
9090.000000 175.000000 -0.767500 8.427500
9100.000000 175.000000 -1.131250 8.466250
9110.000000 175.000000 -1.495000 8.505000
9300.000000 216.000000 -4.260000 8.110000
9310.000000 216.000000 -3.980000 8.010000
9320.000000 216.000000 -3.840000 7.960000
9330.000000 216.000000 -3.310000 8.210000
9340.000000 216.000000 -2.900000 8.260000
9350.000000 216.000000 -2.790000 8.410000
9360.000000 216.000000 -2.510000 8.430000
9370.000000 216.000000 -2.230000 8.460000
9380.000000 216.000000 -1.976250 8.503750
9390.000000 216.000000 -1.722500 8.547500
9400.000000 216.000000 -1.468750 8.591250
9410.000000 216.000000 -1.215000 8.635000
9420.000000 216.000000 -0.961250 8.678750
9430.000000 216.000000 -0.707500 8.722500
9440.000000 216.000000 -0.453750 8.766250
9450.000000 216.000000 -0.200000 8.810000
9460.000000 216.000000 0.053750 8.853750
9470.000000 216.000000 0.307500 8.897500
9480.000000 216.000000 0.561250 8.941250
9490.000000 216.000000 0.815000 8.985000
9500.000000 217.000000 -2.250000 8.280000
9510.000000 217.000000 -2.780000 8.500000
9520.000000 217.000000 -2.810000 8.440000
9530.000000 217.000000 -2.980000 8.140000
9540.000000 217.000000 -2.980000 8.140000
9550.000000 217.000000 -3.270000 8.070000
9560.000000 217.000000 -3.270000 8.070000
9570.000000 217.000000 -3.270000 8.070000
9580.000000 217.000000 -3.397500 8.043750
9590.000000 217.000000 -3.525000 8.017500
9600.000000 217.000000 -3.652500 7.991250
9610.000000 217.000000 -3.780000 7.965000
9620.000000 217.000000 -3.907500 7.938750
9630.000000 217.000000 -4.035000 7.912500
9640.000000 217.000000 -4.162500 7.886250
9650.000000 217.000000 -4.290000 7.860000
9660.000000 217.000000 -4.417500 7.833750
9670.000000 217.000000 -4.545000 7.807500
9680.000000 217.000000 -4.672500 7.781250
9690.000000 217.000000 -4.800000 7.755000
9680.000000 230.000000 -3.110000 5.320000
9690.000000 230.000000 -2.090000 5.210000
9700.000000 230.000000 -1.280000 5.330000
9710.000000 230.000000 -0.440000 5.260000
9720.000000 230.000000 0.450000 5.280000
9730.000000 230.000000 1.340000 5.340000
9740.000000 230.000000 2.280000 5.270000
9750.000000 230.000000 3.180000 5.200000
9760.000000 230.000000 3.966250 5.185000
9770.000000 230.000000 4.752500 5.170000
9780.000000 230.000000 5.538750 5.155000
9790.000000 230.000000 6.325000 5.140000
9800.000000 230.000000 7.111250 5.125000
9810.000000 230.000000 7.897500 5.110000
9820.000000 230.000000 8.683750 5.095000
9830.000000 230.000000 9.470000 5.080000
9840.000000 230.000000 10.256250 5.065000
9850.000000 230.000000 11.042500 5.050000
9860.000000 230.000000 11.828750 5.035000
9870.000000 230.000000 12.615000 5.020000
9680.000000 231.000000 -3.380000 4.310000
9690.000000 231.000000 -2.480000 4.250000
9700.000000 231.000000 -1.510000 4.280000
9710.000000 231.000000 -0.430000 4.340000
9720.000000 231.000000 0.480000 4.390000
9730.000000 231.000000 1.360000 4.490000
9740.000000 231.000000 2.240000 4.500000
9750.000000 231.000000 3.050000 4.410000
9760.000000 231.000000 3.853750 4.422500
9770.000000 231.000000 4.657500 4.435000
9780.000000 231.000000 5.461250 4.447500
9790.000000 231.000000 6.265000 4.460000
9800.000000 231.000000 7.068750 4.472500
9810.000000 231.000000 7.872500 4.485000
9820.000000 231.000000 8.676250 4.497500
9830.000000 231.000000 9.480000 4.510000
9840.000000 231.000000 10.283750 4.522500
9850.000000 231.000000 11.087500 4.535000
9860.000000 231.000000 11.891250 4.547500
9870.000000 231.000000 12.695000 4.560000
9700.000000 218.000000 -4.840000 7.800000
9710.000000 218.000000 -4.840000 7.840000
9720.000000 218.000000 -4.840000 7.840000
9730.000000 218.000000 -4.840000 7.840000
9740.000000 218.000000 -4.840000 7.840000
9750.000000 218.000000 -4.840000 7.840000
9760.000000 218.000000 -4.780000 7.790000
9770.000000 218.000000 -4.830000 7.830000
9780.000000 218.000000 -4.828750 7.833750
9790.000000 218.000000 -4.827500 7.837500
9800.000000 218.000000 -4.826250 7.841250
9810.000000 218.000000 -4.825000 7.845000
9820.000000 218.000000 -4.823750 7.848750
9830.000000 218.000000 -4.822500 7.852500
9840.000000 218.000000 -4.821250 7.856250
9850.000000 218.000000 -4.820000 7.860000
9860.000000 218.000000 -4.818750 7.863750
9870.000000 218.000000 -4.817500 7.867500
9880.000000 218.000000 -4.816250 7.871250
9890.000000 218.000000 -4.815000 7.875000
9920.000000 238.000000 -2.360000 6.640000
9930.000000 238.000000 -1.300000 6.460000
9940.000000 238.000000 -0.520000 6.380000
9950.000000 238.000000 0.430000 6.410000
9960.000000 238.000000 1.290000 6.330000
9970.000000 238.000000 2.260000 6.480000
9980.000000 238.000000 3.120000 6.620000
9990.000000 238.000000 4.010000 6.580000
10000.000000 238.000000 4.806250 6.572500
10010.000000 238.000000 5.602500 6.565000
10020.000000 238.000000 6.398750 6.557500
10030.000000 238.000000 7.195000 6.550000
10040.000000 238.000000 7.991250 6.542500
10050.000000 238.000000 8.787500 6.535000
10060.000000 238.000000 9.583750 6.527500
10070.000000 238.000000 10.380000 6.520000
10080.000000 238.000000 11.176250 6.512500
10090.000000 238.000000 11.972500 6.505000
10100.000000 238.000000 12.768750 6.497500
10110.000000 238.000000 13.565000 6.490000
9920.000000 240.000000 -1.570000 5.570000
9930.000000 240.000000 -0.740000 5.530000
9940.000000 240.000000 0.070000 5.490000
9950.000000 240.000000 1.010000 5.490000
9960.000000 240.000000 1.950000 5.410000
9970.000000 240.000000 2.870000 5.330000
9980.000000 240.000000 3.750000 5.370000
9990.000000 240.000000 4.620000 5.470000
10000.000000 240.000000 5.393750 5.457500
10010.000000 240.000000 6.167500 5.445000
10020.000000 240.000000 6.941250 5.432500
10030.000000 240.000000 7.715000 5.420000
10040.000000 240.000000 8.488750 5.407500
10050.000000 240.000000 9.262500 5.395000
10060.000000 240.000000 10.036250 5.382500
10070.000000 240.000000 10.810000 5.370000
10080.000000 240.000000 11.583750 5.357500
10090.000000 240.000000 12.357500 5.345000
10100.000000 240.000000 13.131250 5.332500
10110.000000 240.000000 13.905000 5.320000
10120.000000 239.000000 11.780000 4.760000
10130.000000 239.000000 12.070000 4.780000
10140.000000 239.000000 12.290000 4.670000
10150.000000 239.000000 12.340000 4.690000
10160.000000 239.000000 12.310000 4.690000
10170.000000 239.000000 12.310000 4.670000
10180.000000 239.000000 12.310000 4.620000
10190.000000 239.000000 12.310000 4.620000
10200.000000 239.000000 12.376250 4.602500
10210.000000 239.000000 12.442500 4.585000
10220.000000 239.000000 12.508750 4.567500
10230.000000 239.000000 12.575000 4.550000
10240.000000 239.000000 12.641250 4.532500
10250.000000 239.000000 12.707500 4.515000
10260.000000 239.000000 12.773750 4.497500
10270.000000 239.000000 12.840000 4.480000
10280.000000 239.000000 12.906250 4.462500
10290.000000 239.000000 12.972500 4.445000
10300.000000 239.000000 13.038750 4.427500
10310.000000 239.000000 13.105000 4.410000
10250.000000 257.000000 12.620000 6.950000
10260.000000 257.000000 11.680000 7.090000
10270.000000 257.000000 10.740000 7.200000
10280.000000 257.000000 9.720000 7.100000
10290.000000 257.000000 8.730000 7.090000
10300.000000 257.000000 7.740000 6.970000
10310.000000 257.000000 6.860000 6.750000
10320.000000 257.000000 6.040000 6.450000
10330.000000 257.000000 5.217500 6.387500
10340.000000 257.000000 4.395000 6.325000
10350.000000 257.000000 3.572500 6.262500
10360.000000 257.000000 2.750000 6.200000
10370.000000 257.000000 1.927500 6.137500
10380.000000 257.000000 1.105000 6.075000
10390.000000 257.000000 0.282500 6.012500
10400.000000 257.000000 -0.540000 5.950000
10410.000000 257.000000 -1.362500 5.887500
10420.000000 257.000000 -2.185000 5.825000
10430.000000 257.000000 -3.007500 5.762500
10440.000000 257.000000 -3.830000 5.700000
10250.000000 258.000000 -1.720000 7.410000
10260.000000 258.000000 -0.770000 7.300000
10270.000000 258.000000 0.160000 7.280000
10280.000000 258.000000 1.050000 7.190000
10290.000000 258.000000 1.960000 7.180000
10300.000000 258.000000 2.910000 7.260000
10310.000000 258.000000 3.600000 7.400000
10320.000000 258.000000 4.430000 7.610000
10330.000000 258.000000 5.198750 7.635000
10340.000000 258.000000 5.967500 7.660000
10350.000000 258.000000 6.736250 7.685000
10360.000000 258.000000 7.505000 7.710000
10370.000000 258.000000 8.273750 7.735000
10380.000000 258.000000 9.042500 7.760000
10390.000000 258.000000 9.811250 7.785000
10400.000000 258.000000 10.580000 7.810000
10410.000000 258.000000 11.348750 7.835000
10420.000000 258.000000 12.117500 7.860000
10430.000000 258.000000 12.886250 7.885000
10440.000000 258.000000 13.655000 7.910000
10250.000000 259.000000 -2.220000 6.660000
10260.000000 259.000000 -1.220000 6.450000
10270.000000 259.000000 -0.170000 6.320000
10280.000000 259.000000 0.820000 6.310000
10290.000000 259.000000 1.740000 6.310000
10300.000000 259.000000 2.640000 6.360000
10310.000000 259.000000 3.460000 6.610000
10320.000000 259.000000 4.330000 6.820000
10330.000000 259.000000 5.148750 6.840000
10340.000000 259.000000 5.967500 6.860000
10350.000000 259.000000 6.786250 6.880000
10360.000000 259.000000 7.605000 6.900000
10370.000000 259.000000 8.423750 6.920000
10380.000000 259.000000 9.242500 6.940000
10390.000000 259.000000 10.061250 6.960000
10400.000000 259.000000 10.880000 6.980000
10410.000000 259.000000 11.698750 7.000000
10420.000000 259.000000 12.517500 7.020000
10430.000000 259.000000 13.336250 7.040000
10440.000000 259.000000 14.155000 7.060000
10260.000000 260.000000 12.230000 6.630000
10270.000000 260.000000 11.230000 6.650000
10280.000000 260.000000 10.060000 6.750000
10290.000000 260.000000 9.180000 6.580000
10300.000000 260.000000 8.130000 6.480000
10310.000000 260.000000 7.210000 6.050000
10320.000000 260.000000 6.240000 5.750000
10330.000000 260.000000 5.240000 5.550000
10340.000000 260.000000 4.366250 5.415000
10350.000000 260.000000 3.492500 5.280000
10360.000000 260.000000 2.618750 5.145000
10370.000000 260.000000 1.745000 5.010000
10380.000000 260.000000 0.871250 4.875000
10390.000000 260.000000 -0.002500 4.740000
10400.000000 260.000000 -0.876250 4.605000
10410.000000 260.000000 -1.750000 4.470000
10420.000000 260.000000 -2.623750 4.335000
10430.000000 260.000000 -3.497500 4.200000
10440.000000 260.000000 -4.371250 4.065000
10450.000000 260.000000 -5.245000 3.930000
10280.000000 261.000000 12.700000 7.000000
10290.000000 261.000000 11.590000 7.140000
10300.000000 261.000000 10.830000 7.500000
10310.000000 261.000000 9.750000 7.480000
10320.000000 261.000000 8.720000 7.310000
10330.000000 261.000000 7.780000 6.960000
10340.000000 261.000000 6.790000 6.600000
10350.000000 261.000000 5.800000 6.270000
10360.000000 261.000000 4.937500 6.178750
10370.000000 261.000000 4.075000 6.087500
10380.000000 261.000000 3.212500 5.996250
10390.000000 261.000000 2.350000 5.905000
10400.000000 261.000000 1.487500 5.813750
10410.000000 261.000000 0.625000 5.722500
10420.000000 261.000000 -0.237500 5.631250
10430.000000 261.000000 -1.100000 5.540000
10440.000000 261.000000 -1.962500 5.448750
10450.000000 261.000000 -2.825000 5.357500
10460.000000 261.000000 -3.687500 5.266250
10470.000000 261.000000 -4.550000 5.175000
10300.000000 263.000000 -1.980000 5.100000
10310.000000 263.000000 -1.020000 5.220000
10320.000000 263.000000 -0.190000 5.440000
10330.000000 263.000000 0.700000 5.760000
10340.000000 263.000000 1.570000 6.100000
10350.000000 263.000000 2.590000 6.400000
10360.000000 263.000000 3.570000 6.630000
10370.000000 263.000000 4.400000 6.800000
10380.000000 263.000000 5.197500 7.012500
10390.000000 263.000000 5.995000 7.225000
10400.000000 263.000000 6.792500 7.437500
10410.000000 263.000000 7.590000 7.650000
10420.000000 263.000000 8.387500 7.862500
10430.000000 263.000000 9.185000 8.075000
10440.000000 263.000000 9.982500 8.287500
10450.000000 263.000000 10.780000 8.500000
10460.000000 263.000000 11.577500 8.712500
10470.000000 263.000000 12.375000 8.925000
10480.000000 263.000000 13.172500 9.137500
10490.000000 263.000000 13.970000 9.350000
10300.000000 264.000000 -2.160000 5.980000
10310.000000 264.000000 -1.260000 5.980000
10320.000000 264.000000 -0.390000 6.180000
10330.000000 264.000000 0.550000 6.440000
10340.000000 264.000000 1.420000 6.730000
10350.000000 264.000000 2.390000 7.070000
10360.000000 264.000000 3.330000 7.350000
10370.000000 264.000000 4.170000 7.580000
10380.000000 264.000000 4.961250 7.780000
10390.000000 264.000000 5.752500 7.980000
10400.000000 264.000000 6.543750 8.180000
10410.000000 264.000000 7.335000 8.380000
10420.000000 264.000000 8.126250 8.580000
10430.000000 264.000000 8.917500 8.780000
10440.000000 264.000000 9.708750 8.980000
10450.000000 264.000000 10.500000 9.180000
10460.000000 264.000000 11.291250 9.380000
10470.000000 264.000000 12.082500 9.580000
10480.000000 264.000000 12.873750 9.780000
10490.000000 264.000000 13.665000 9.980000
10300.000000 265.000000 -2.070000 1.900000
10310.000000 265.000000 -1.210000 1.870000
10320.000000 265.000000 -0.130000 1.950000
10330.000000 265.000000 0.940000 2.130000
10340.000000 265.000000 2.000000 2.210000
10350.000000 265.000000 3.000000 2.250000
10360.000000 265.000000 4.020000 2.400000
10370.000000 265.000000 4.970000 2.580000
10380.000000 265.000000 5.850000 2.665000
10390.000000 265.000000 6.730000 2.750000
10400.000000 265.000000 7.610000 2.835000
10410.000000 265.000000 8.490000 2.920000
10420.000000 265.000000 9.370000 3.005000
10430.000000 265.000000 10.250000 3.090000
10440.000000 265.000000 11.130000 3.175000
10450.000000 265.000000 12.010000 3.260000
10460.000000 265.000000 12.890000 3.345000
10470.000000 265.000000 13.770000 3.430000
10480.000000 265.000000 14.650000 3.515000
10490.000000 265.000000 15.530000 3.600000
10300.000000 267.000000 -2.000000 3.250000
10310.000000 267.000000 -1.080000 3.390000
10320.000000 267.000000 -0.200000 3.410000
10330.000000 267.000000 0.670000 3.390000
10340.000000 267.000000 1.680000 3.380000
10350.000000 267.000000 2.480000 3.530000
10360.000000 267.000000 3.430000 3.690000
10370.000000 267.000000 4.470000 3.960000
10380.000000 267.000000 5.278750 4.048750
10390.000000 267.000000 6.087500 4.137500
10400.000000 267.000000 6.896250 4.226250
10410.000000 267.000000 7.705000 4.315000
10420.000000 267.000000 8.513750 4.403750
10430.000000 267.000000 9.322500 4.492500
10440.000000 267.000000 10.131250 4.581250
10450.000000 267.000000 10.940000 4.670000
10460.000000 267.000000 11.748750 4.758750
10470.000000 267.000000 12.557500 4.847500
10480.000000 267.000000 13.366250 4.936250
10490.000000 267.000000 14.175000 5.025000
10300.000000 268.000000 -1.380000 3.890000
10310.000000 268.000000 -0.790000 4.000000
10320.000000 268.000000 0.370000 4.030000
10330.000000 268.000000 1.070000 4.020000
10340.000000 268.000000 1.940000 3.850000
10350.000000 268.000000 2.710000 4.040000
10360.000000 268.000000 3.560000 4.440000
10370.000000 268.000000 4.550000 4.630000
10380.000000 268.000000 5.291250 4.722500
10390.000000 268.000000 6.032500 4.815000
10400.000000 268.000000 6.773750 4.907500
10410.000000 268.000000 7.515000 5.000000
10420.000000 268.000000 8.256250 5.092500
10430.000000 268.000000 8.997500 5.185000
10440.000000 268.000000 9.738750 5.277500
10450.000000 268.000000 10.480000 5.370000
10460.000000 268.000000 11.221250 5.462500
10470.000000 268.000000 11.962500 5.555000
10480.000000 268.000000 12.703750 5.647500
10490.000000 268.000000 13.445000 5.740000
10690.000000 303.000000 12.900000 6.160000
10700.000000 303.000000 12.310000 6.320000
10710.000000 303.000000 11.610000 6.670000
10720.000000 303.000000 10.950000 7.100000
10730.000000 303.000000 10.280000 7.370000
10740.000000 303.000000 9.630000 7.550000
10750.000000 303.000000 8.910000 7.660000
10760.000000 303.000000 8.160000 7.780000
10770.000000 303.000000 7.567500 7.982500
10780.000000 303.000000 6.975000 8.185000
10790.000000 303.000000 6.382500 8.387500
10800.000000 303.000000 5.790000 8.590000
10810.000000 303.000000 5.197500 8.792500
10820.000000 303.000000 4.605000 8.995000
10830.000000 303.000000 4.012500 9.197500
10840.000000 303.000000 3.420000 9.400000
10850.000000 303.000000 2.827500 9.602500
10860.000000 303.000000 2.235000 9.805000
10870.000000 303.000000 1.642500 10.007500
10880.000000 303.000000 1.050000 10.210000
10850.000000 316.000000 -1.870000 6.400000
10860.000000 316.000000 -1.330000 6.370000
10870.000000 316.000000 -0.740000 6.320000
10880.000000 316.000000 -0.140000 6.180000
10890.000000 316.000000 0.480000 6.050000
10900.000000 316.000000 1.150000 5.980000
10910.000000 316.000000 1.810000 5.910000
10920.000000 316.000000 2.480000 5.940000
10930.000000 316.000000 3.023750 5.882500
10940.000000 316.000000 3.567500 5.825000
10950.000000 316.000000 4.111250 5.767500
10960.000000 316.000000 4.655000 5.710000
10970.000000 316.000000 5.198750 5.652500
10980.000000 316.000000 5.742500 5.595000
10990.000000 316.000000 6.286250 5.537500
11000.000000 316.000000 6.830000 5.480000
11010.000000 316.000000 7.373750 5.422500
11020.000000 316.000000 7.917500 5.365000
11030.000000 316.000000 8.461250 5.307500
11040.000000 316.000000 9.005000 5.250000
11210.000000 320.000000 12.000000 4.350000
11220.000000 320.000000 11.300000 4.090000
11230.000000 320.000000 10.610000 3.980000
11240.000000 320.000000 10.000000 3.720000
11250.000000 320.000000 9.230000 3.660000
11260.000000 320.000000 8.560000 3.470000
11270.000000 320.000000 7.980000 3.270000
11280.000000 320.000000 7.520000 3.120000
11290.000000 320.000000 6.960000 2.966250
11300.000000 320.000000 6.400000 2.812500
11310.000000 320.000000 5.840000 2.658750
11320.000000 320.000000 5.280000 2.505000
11330.000000 320.000000 4.720000 2.351250
11340.000000 320.000000 4.160000 2.197500
11350.000000 320.000000 3.600000 2.043750
11360.000000 320.000000 3.040000 1.890000
11370.000000 320.000000 2.480000 1.736250
11380.000000 320.000000 1.920000 1.582500
11390.000000 320.000000 1.360000 1.428750
11400.000000 320.000000 0.800000 1.275000
11280.000000 329.000000 -2.760000 -0.130000
11290.000000 329.000000 -2.040000 0.530000
11300.000000 329.000000 -1.180000 1.020000
11310.000000 329.000000 -0.360000 1.480000
11320.000000 329.000000 0.340000 1.920000
11330.000000 329.000000 0.840000 2.350000
11340.000000 329.000000 1.590000 2.640000
11350.000000 329.000000 2.390000 2.910000
11360.000000 329.000000 3.033750 3.290000
11370.000000 329.000000 3.677500 3.670000
11380.000000 329.000000 4.321250 4.050000
11390.000000 329.000000 4.965000 4.430000
11400.000000 329.000000 5.608750 4.810000
11410.000000 329.000000 6.252500 5.190000
11420.000000 329.000000 6.896250 5.570000
11430.000000 329.000000 7.540000 5.950000
11440.000000 329.000000 8.183750 6.330000
11450.000000 329.000000 8.827500 6.710000
11460.000000 329.000000 9.471250 7.090000
11470.000000 329.000000 10.115000 7.470000
11280.000000 327.000000 -2.800000 1.840000
11290.000000 327.000000 -1.780000 2.390000
11300.000000 327.000000 -1.070000 2.780000
11310.000000 327.000000 -0.260000 2.950000
11320.000000 327.000000 0.540000 3.130000
11330.000000 327.000000 1.320000 3.320000
11340.000000 327.000000 2.040000 3.540000
11350.000000 327.000000 2.790000 3.760000
11360.000000 327.000000 3.488750 4.000000
11370.000000 327.000000 4.187500 4.240000
11380.000000 327.000000 4.886250 4.480000
11390.000000 327.000000 5.585000 4.720000
11400.000000 327.000000 6.283750 4.960000
11410.000000 327.000000 6.982500 5.200000
11420.000000 327.000000 7.681250 5.440000
11430.000000 327.000000 8.380000 5.680000
11440.000000 327.000000 9.078750 5.920000
11450.000000 327.000000 9.777500 6.160000
11460.000000 327.000000 10.476250 6.400000
11470.000000 327.000000 11.175000 6.640000
11280.000000 328.000000 -3.580000 0.190000
11290.000000 328.000000 -2.850000 0.850000
11300.000000 328.000000 -1.780000 1.470000
11310.000000 328.000000 -0.960000 1.920000
11320.000000 328.000000 -0.300000 2.330000
11330.000000 328.000000 0.250000 2.670000
11340.000000 328.000000 1.010000 3.010000
11350.000000 328.000000 1.810000 3.280000
11360.000000 328.000000 2.483750 3.666250
11370.000000 328.000000 3.157500 4.052500
11380.000000 328.000000 3.831250 4.438750
11390.000000 328.000000 4.505000 4.825000
11400.000000 328.000000 5.178750 5.211250
11410.000000 328.000000 5.852500 5.597500
11420.000000 328.000000 6.526250 5.983750
11430.000000 328.000000 7.200000 6.370000
11440.000000 328.000000 7.873750 6.756250
11450.000000 328.000000 8.547500 7.142500
11460.000000 328.000000 9.221250 7.528750
11470.000000 328.000000 9.895000 7.915000
11310.000000 331.000000 -4.430000 4.560000
11320.000000 331.000000 -3.490000 4.940000
11330.000000 331.000000 -2.700000 5.350000
11340.000000 331.000000 -1.670000 5.660000
11350.000000 331.000000 -0.580000 5.900000
11360.000000 331.000000 0.400000 6.200000
11370.000000 331.000000 1.430000 6.460000
11380.000000 331.000000 2.430000 6.600000
11390.000000 331.000000 3.287500 6.855000
11400.000000 331.000000 4.145000 7.110000
11410.000000 331.000000 5.002500 7.365000
11420.000000 331.000000 5.860000 7.620000
11430.000000 331.000000 6.717500 7.875000
11440.000000 331.000000 7.575000 8.130000
11450.000000 331.000000 8.432500 8.385000
11460.000000 331.000000 9.290000 8.640000
11470.000000 331.000000 10.147500 8.895000
11480.000000 331.000000 11.005000 9.150000
11490.000000 331.000000 11.862500 9.405000
11500.000000 331.000000 12.720000 9.660000
11840.000000 342.000000 10.640000 4.900000
11850.000000 342.000000 9.730000 4.760000
11860.000000 342.000000 8.750000 4.600000
11870.000000 342.000000 7.840000 4.560000
11880.000000 342.000000 6.880000 4.500000
11890.000000 342.000000 5.990000 4.480000
11900.000000 342.000000 5.080000 4.470000
11910.000000 342.000000 4.170000 4.430000
11920.000000 342.000000 3.361250 4.371250
11930.000000 342.000000 2.552500 4.312500
11940.000000 342.000000 1.743750 4.253750
11950.000000 342.000000 0.935000 4.195000
11960.000000 342.000000 0.126250 4.136250
11970.000000 342.000000 -0.682500 4.077500
11980.000000 342.000000 -1.491250 4.018750
11990.000000 342.000000 -2.300000 3.960000
12000.000000 342.000000 -3.108750 3.901250
12010.000000 342.000000 -3.917500 3.842500
12020.000000 342.000000 -4.726250 3.783750
12030.000000 342.000000 -5.535000 3.725000
11880.000000 348.000000 13.410000 5.460000
11890.000000 348.000000 12.400000 5.010000
11900.000000 348.000000 11.320000 4.730000
11910.000000 348.000000 10.240000 4.560000
11920.000000 348.000000 9.140000 4.440000
11930.000000 348.000000 8.100000 4.530000
11940.000000 348.000000 6.970000 4.600000
11950.000000 348.000000 5.710000 4.730000
11960.000000 348.000000 4.747500 4.638750
11970.000000 348.000000 3.785000 4.547500
11980.000000 348.000000 2.822500 4.456250
11990.000000 348.000000 1.860000 4.365000
12000.000000 348.000000 0.897500 4.273750
12010.000000 348.000000 -0.065000 4.182500
12020.000000 348.000000 -1.027500 4.091250
12030.000000 348.000000 -1.990000 4.000000
12040.000000 348.000000 -2.952500 3.908750
12050.000000 348.000000 -3.915000 3.817500
12060.000000 348.000000 -4.877500 3.726250
12070.000000 348.000000 -5.840000 3.635000
11930.000000 350.000000 -4.990000 5.190000
11940.000000 350.000000 -3.910000 5.180000
11950.000000 350.000000 -3.050000 5.230000
11960.000000 350.000000 -2.120000 5.270000
11970.000000 350.000000 -0.940000 5.310000
11980.000000 350.000000 -0.260000 5.570000
11990.000000 350.000000 0.830000 5.710000
12000.000000 350.000000 1.830000 5.830000
12010.000000 350.000000 2.682500 5.910000
12020.000000 350.000000 3.535000 5.990000
12030.000000 350.000000 4.387500 6.070000
12040.000000 350.000000 5.240000 6.150000
12050.000000 350.000000 6.092500 6.230000
12060.000000 350.000000 6.945000 6.310000
12070.000000 350.000000 7.797500 6.390000
12080.000000 350.000000 8.650000 6.470000
12090.000000 350.000000 9.502500 6.550000
12100.000000 350.000000 10.355000 6.630000
12110.000000 350.000000 11.207500 6.710000
12120.000000 350.000000 12.060000 6.790000
11940.000000 353.000000 -4.790000 -0.260000
11950.000000 353.000000 -4.040000 0.440000
11960.000000 353.000000 -3.120000 1.030000
11970.000000 353.000000 -2.130000 1.650000
11980.000000 353.000000 -1.070000 2.050000
11990.000000 353.000000 -0.100000 2.480000
12000.000000 353.000000 0.910000 2.960000
12010.000000 353.000000 1.950000 3.380000
12020.000000 353.000000 2.792500 3.835000
12030.000000 353.000000 3.635000 4.290000
12040.000000 353.000000 4.477500 4.745000
12050.000000 353.000000 5.320000 5.200000
12060.000000 353.000000 6.162500 5.655000
12070.000000 353.000000 7.005000 6.110000
12080.000000 353.000000 7.847500 6.565000
12090.000000 353.000000 8.690000 7.020000
12100.000000 353.000000 9.532500 7.475000
12110.000000 353.000000 10.375000 7.930000
12120.000000 353.000000 11.217500 8.385000
12130.000000 353.000000 12.060000 8.840000
11970.000000 355.000000 -2.400000 10.550000
11980.000000 355.000000 -1.660000 9.900000
11990.000000 355.000000 -0.840000 9.560000
12000.000000 355.000000 -0.190000 8.920000
12010.000000 355.000000 0.510000 8.540000
12020.000000 355.000000 1.380000 8.290000
12030.000000 355.000000 2.200000 8.090000
12040.000000 355.000000 3.050000 7.920000
12050.000000 355.000000 3.731250 7.591250
12060.000000 355.000000 4.412500 7.262500
12070.000000 355.000000 5.093750 6.933750
12080.000000 355.000000 5.775000 6.605000
12090.000000 355.000000 6.456250 6.276250
12100.000000 355.000000 7.137500 5.947500
12110.000000 355.000000 7.818750 5.618750
12120.000000 355.000000 8.500000 5.290000
12130.000000 355.000000 9.181250 4.961250
12140.000000 355.000000 9.862500 4.632500
12150.000000 355.000000 10.543750 4.303750
12160.000000 355.000000 11.225000 3.975000
12020.000000 358.000000 -6.550000 7.200000
12030.000000 358.000000 -6.050000 7.260000
12040.000000 358.000000 -5.490000 7.270000
12050.000000 358.000000 -4.990000 7.410000
12060.000000 358.000000 -4.500000 7.460000
12070.000000 358.000000 -4.070000 7.510000
12080.000000 358.000000 -3.780000 7.530000
12090.000000 358.000000 -3.230000 7.550000
12100.000000 358.000000 -2.815000 7.593750
12110.000000 358.000000 -2.400000 7.637500
12120.000000 358.000000 -1.985000 7.681250
12130.000000 358.000000 -1.570000 7.725000
12140.000000 358.000000 -1.155000 7.768750
12150.000000 358.000000 -0.740000 7.812500
12160.000000 358.000000 -0.325000 7.856250
12170.000000 358.000000 0.090000 7.900000
12180.000000 358.000000 0.505000 7.943750
12190.000000 358.000000 0.920000 7.987500
12200.000000 358.000000 1.335000 8.031250
12210.000000 358.000000 1.750000 8.075000
12020.000000 357.000000 -6.400000 6.260000
12030.000000 357.000000 -5.940000 6.350000
12040.000000 357.000000 -5.340000 6.430000
12050.000000 357.000000 -4.840000 6.530000
12060.000000 357.000000 -4.350000 6.610000
12070.000000 357.000000 -3.810000 6.690000
12080.000000 357.000000 -3.370000 6.740000
12090.000000 357.000000 -3.060000 6.740000
12100.000000 357.000000 -2.642500 6.800000
12110.000000 357.000000 -2.225000 6.860000
12120.000000 357.000000 -1.807500 6.920000
12130.000000 357.000000 -1.390000 6.980000
12140.000000 357.000000 -0.972500 7.040000
12150.000000 357.000000 -0.555000 7.100000
12160.000000 357.000000 -0.137500 7.160000
12170.000000 357.000000 0.280000 7.220000
12180.000000 357.000000 0.697500 7.280000
12190.000000 357.000000 1.115000 7.340000
12200.000000 357.000000 1.532500 7.400000
12210.000000 357.000000 1.950000 7.460000
12020.000000 359.000000 -4.900000 12.670000
12030.000000 359.000000 -4.120000 12.140000
12040.000000 359.000000 -3.370000 11.660000
12050.000000 359.000000 -2.770000 11.060000
12060.000000 359.000000 -1.920000 10.430000
12070.000000 359.000000 -0.950000 9.910000
12080.000000 359.000000 -0.160000 9.390000
12090.000000 359.000000 0.740000 8.910000
12100.000000 359.000000 1.445000 8.440000
12110.000000 359.000000 2.150000 7.970000
12120.000000 359.000000 2.855000 7.500000
12130.000000 359.000000 3.560000 7.030000
12140.000000 359.000000 4.265000 6.560000
12150.000000 359.000000 4.970000 6.090000
12160.000000 359.000000 5.675000 5.620000
12170.000000 359.000000 6.380000 5.150000
12180.000000 359.000000 7.085000 4.680000
12190.000000 359.000000 7.790000 4.210000
12200.000000 359.000000 8.495000 3.740000
12210.000000 359.000000 9.200000 3.270000