0.000000 14.000000 21.467000 -17.871000
12.000000 14.000000 20.844000 -17.956000
24.000000 14.000000 20.221000 -18.040000
36.000000 14.000000 19.711000 -18.040000
48.000000 14.000000 19.088000 -18.125000
60.000000 14.000000 18.465000 -18.125000
72.000000 14.000000 17.927000 -18.125000
84.000000 14.000000 17.332000 -18.125000
96.000000 14.000000 16.815125 -18.156750
108.000000 14.000000 16.298250 -18.188500
120.000000 14.000000 15.781375 -18.220250
132.000000 14.000000 15.264500 -18.252000
144.000000 14.000000 14.747625 -18.283750
156.000000 14.000000 14.230750 -18.315500
168.000000 14.000000 13.713875 -18.347250
180.000000 14.000000 13.197000 -18.379000
192.000000 14.000000 12.680125 -18.410750
204.000000 14.000000 12.163250 -18.442500
216.000000 14.000000 11.646375 -18.474250
228.000000 14.000000 11.129500 -18.506000
240.000000 15.000000 10.167000 -17.078000
252.000000 15.000000 9.629000 -16.993000
264.000000 15.000000 9.119000 -16.794000
276.000000 15.000000 8.496000 -16.709000
288.000000 15.000000 7.987000 -16.539000
300.000000 15.000000 7.590000 -16.370000
312.000000 15.000000 7.080000 -16.200000
324.000000 15.000000 6.542000 -16.001000
336.000000 15.000000 6.088875 -15.866375
348.000000 15.000000 5.635750 -15.731750
360.000000 15.000000 5.182625 -15.597125
372.000000 15.000000 4.729500 -15.462500
384.000000 15.000000 4.276375 -15.327875
396.000000 15.000000 3.823250 -15.193250
408.000000 15.000000 3.370125 -15.058625
420.000000 15.000000 2.917000 -14.924000
432.000000 15.000000 2.463875 -14.789375
444.000000 15.000000 2.010750 -14.654750
456.000000 15.000000 1.557625 -14.520125
468.000000 15.000000 1.104500 -14.385500
348.000000 18.000000 9.006000 -18.295000
360.000000 18.000000 9.459000 -18.040000
372.000000 18.000000 10.082000 -17.786000
384.000000 18.000000 10.705000 -17.417000
396.000000 18.000000 11.300000 -17.163000
408.000000 18.000000 11.923000 -16.794000
420.000000 18.000000 12.461000 -16.709000
432.000000 18.000000 13.084000 -16.709000
444.000000 18.000000 13.593750 -16.510750
456.000000 18.000000 14.103500 -16.312500
468.000000 18.000000 14.613250 -16.114250
480.000000 18.000000 15.123000 -15.916000
492.000000 18.000000 15.632750 -15.717750
504.000000 18.000000 16.142500 -15.519500
516.000000 18.000000 16.652250 -15.321250
528.000000 18.000000 17.162000 -15.123000
540.000000 18.000000 17.671750 -14.924750
552.000000 18.000000 18.181500 -14.726500
564.000000 18.000000 18.691250 -14.528250
576.000000 18.000000 19.201000 -14.330000
588.000000 19.000000 20.986000 -16.313000
600.000000 19.000000 21.722000 -16.313000
612.000000 19.000000 22.544000 -16.313000
624.000000 19.000000 23.252000 -16.313000
636.000000 19.000000 23.875000 -16.426000
648.000000 19.000000 24.611000 -16.483000
660.000000 19.000000 25.347000 -16.681000
672.000000 19.000000 25.970000 -16.766000
684.000000 19.000000 26.593000 -16.822625
696.000000 19.000000 27.216000 -16.879250
708.000000 19.000000 27.839000 -16.935875
720.000000 19.000000 28.462000 -16.992500
732.000000 19.000000 29.085000 -17.049125
744.000000 19.000000 29.708000 -17.105750
756.000000 19.000000 30.331000 -17.162375
768.000000 19.000000 30.954000 -17.219000
780.000000 19.000000 31.577000 -17.275625
792.000000 19.000000 32.200000 -17.332250
804.000000 19.000000 32.823000 -17.388875
816.000000 19.000000 33.446000 -17.445500
1188.000000 0.000000 32.569000 -18.550000
1200.000000 0.000000 31.889000 -18.550000
1212.000000 0.000000 31.266000 -18.550000
1224.000000 0.000000 30.643000 -18.437000
1236.000000 0.000000 30.134000 -18.437000
1248.000000 0.000000 29.510000 -18.352000
1260.000000 0.000000 28.887000 -18.352000
1272.000000 0.000000 28.264000 -18.267000
1284.000000 0.000000 27.725875 -18.231625
1296.000000 0.000000 27.187750 -18.196250
1308.000000 0.000000 26.649625 -18.160875
1320.000000 0.000000 26.111500 -18.125500
1332.000000 0.000000 25.573375 -18.090125
1344.000000 0.000000 25.035250 -18.054750
1356.000000 0.000000 24.497125 -18.019375
1368.000000 0.000000 23.959000 -17.984000
1380.000000 0.000000 23.420875 -17.948625
1392.000000 0.000000 22.882750 -17.913250
1404.000000 0.000000 22.344625 -17.877875
1416.000000 0.000000 21.806500 -17.842500
1188.000000 1.000000 32.569000 -17.474000
1200.000000 1.000000 31.889000 -17.474000
1212.000000 1.000000 31.266000 -17.361000
1224.000000 1.000000 30.757000 -17.361000
1236.000000 1.000000 30.134000 -17.304000
1248.000000 1.000000 29.510000 -17.304000
1260.000000 1.000000 28.887000 -17.304000
1272.000000 1.000000 28.264000 -17.304000
1284.000000 1.000000 27.725875 -17.282750
1296.000000 1.000000 27.187750 -17.261500
1308.000000 1.000000 26.649625 -17.240250
1320.000000 1.000000 26.111500 -17.219000
1332.000000 1.000000 25.573375 -17.197750
1344.000000 1.000000 25.035250 -17.176500
1356.000000 1.000000 24.497125 -17.155250
1368.000000 1.000000 23.959000 -17.134000
1380.000000 1.000000 23.420875 -17.112750
1392.000000 1.000000 22.882750 -17.091500
1404.000000 1.000000 22.344625 -17.070250
1416.000000 1.000000 21.806500 -17.049000
1188.000000 2.000000 32.569000 -16.058000
1200.000000 2.000000 31.889000 -16.058000
1212.000000 2.000000 31.181000 -16.058000
1224.000000 2.000000 30.558000 -15.973000
1236.000000 2.000000 29.850000 -15.973000
1248.000000 2.000000 29.227000 -15.860000
1260.000000 2.000000 28.717000 -15.860000
1272.000000 2.000000 28.094000 -15.860000
1284.000000 2.000000 27.534625 -15.835250
1296.000000 2.000000 26.975250 -15.810500
1308.000000 2.000000 26.415875 -15.785750
1320.000000 2.000000 25.856500 -15.761000
1332.000000 2.000000 25.297125 -15.736250
1344.000000 2.000000 24.737750 -15.711500
1356.000000 2.000000 24.178375 -15.686750
1368.000000 2.000000 23.619000 -15.662000
1380.000000 2.000000 23.059625 -15.637250
1392.000000 2.000000 22.500250 -15.612500
1404.000000 2.000000 21.940875 -15.587750
1416.000000 2.000000 21.381500 -15.563000
1188.000000 34.000000 32.711000 -16.823000
1200.000000 34.000000 31.946000 -16.823000
1212.000000 34.000000 31.323000 -16.709000
1224.000000 34.000000 30.813000 -16.709000
1236.000000 34.000000 30.190000 -16.624000
1248.000000 34.000000 29.567000 -16.624000
1260.000000 34.000000 28.944000 -16.539000
1272.000000 34.000000 28.434000 -16.539000
1284.000000 34.000000 27.899375 -16.503500
1296.000000 34.000000 27.364750 -16.468000
1308.000000 34.000000 26.830125 -16.432500
1320.000000 34.000000 26.295500 -16.397000
1332.000000 34.000000 25.760875 -16.361500
1344.000000 34.000000 25.226250 -16.326000
1356.000000 34.000000 24.691625 -16.290500
1368.000000 34.000000 24.157000 -16.255000
1380.000000 34.000000 23.622375 -16.219500
1392.000000 34.000000 23.087750 -16.184000
1404.000000 34.000000 22.553125 -16.148500
1416.000000 34.000000 22.018500 -16.113000
1188.000000 36.000000 32.343000 -18.975000
1200.000000 36.000000 31.606000 -18.862000
1212.000000 36.000000 31.011000 -18.749000
1224.000000 36.000000 30.445000 -18.607000
1236.000000 36.000000 29.879000 -18.494000
1248.000000 36.000000 29.256000 -18.352000
1260.000000 36.000000 28.604000 -18.437000
1272.000000 36.000000 28.066000 -18.409000
1284.000000 36.000000 27.531375 -18.338250
1296.000000 36.000000 26.996750 -18.267500
1308.000000 36.000000 26.462125 -18.196750
1320.000000 36.000000 25.927500 -18.126000
1332.000000 36.000000 25.392875 -18.055250
1344.000000 36.000000 24.858250 -17.984500
1356.000000 36.000000 24.323625 -17.913750
1368.000000 36.000000 23.789000 -17.843000
1380.000000 36.000000 23.254375 -17.772250
1392.000000 36.000000 22.719750 -17.701500
1404.000000 36.000000 22.185125 -17.630750
1416.000000 36.000000 21.650500 -17.560000
1428.000000 35.000000 20.674000 -16.370000
1440.000000 35.000000 20.051000 -16.285000
1452.000000 35.000000 19.315000 -16.285000
1464.000000 35.000000 18.805000 -16.285000
1476.000000 35.000000 18.295000 -16.370000
1488.000000 35.000000 17.786000 -16.370000
1500.000000 35.000000 17.276000 -16.370000
1512.000000 35.000000 16.738000 -16.285000
1524.000000 35.000000 16.246000 -16.274375
1536.000000 35.000000 15.754000 -16.263750
1548.000000 35.000000 15.262000 -16.253125
1560.000000 35.000000 14.770000 -16.242500
1572.000000 35.000000 14.278000 -16.231875
1584.000000 35.000000 13.786000 -16.221250
1596.000000 35.000000 13.294000 -16.210625
1608.000000 35.000000 12.802000 -16.200000
1620.000000 35.000000 12.310000 -16.189375
1632.000000 35.000000 11.818000 -16.178750
1644.000000 35.000000 11.326000 -16.168125
1656.000000 35.000000 10.834000 -16.157500
1428.000000 37.000000 20.419000 -18.324000
1440.000000 37.000000 19.881000 -18.324000
1452.000000 37.000000 19.372000 -18.324000
1464.000000 37.000000 18.862000 -18.324000
1476.000000 37.000000 18.239000 -18.210000
1488.000000 37.000000 17.729000 -18.210000
1500.000000 37.000000 17.219000 -18.125000
1512.000000 37.000000 16.624000 -18.012000
1524.000000 37.000000 16.149625 -17.973000
1536.000000 37.000000 15.675250 -17.934000
1548.000000 37.000000 15.200875 -17.895000
1560.000000 37.000000 14.726500 -17.856000
1572.000000 37.000000 14.252125 -17.817000
1584.000000 37.000000 13.777750 -17.778000
1596.000000 37.000000 13.303375 -17.739000
1608.000000 37.000000 12.829000 -17.700000
1620.000000 37.000000 12.354625 -17.661000
1632.000000 37.000000 11.880250 -17.622000
1644.000000 37.000000 11.405875 -17.583000
1656.000000 37.000000 10.931500 -17.544000
1596.000000 28.000000 33.022000 -18.040000
1608.000000 28.000000 32.371000 -18.012000
1620.000000 28.000000 31.974000 -17.871000
1632.000000 28.000000 31.521000 -17.757000
1644.000000 28.000000 31.238000 -17.644000
1656.000000 28.000000 30.842000 -17.474000
1668.000000 28.000000 30.388000 -17.332000
1680.000000 28.000000 29.992000 -17.247000
1692.000000 28.000000 29.613250 -17.147875
1704.000000 28.000000 29.234500 -17.048750
1716.000000 28.000000 28.855750 -16.949625
1728.000000 28.000000 28.477000 -16.850500
1740.000000 28.000000 28.098250 -16.751375
1752.000000 28.000000 27.719500 -16.652250
1764.000000 28.000000 27.340750 -16.553125
1776.000000 28.000000 26.962000 -16.454000
1788.000000 28.000000 26.583250 -16.354875
1800.000000 28.000000 26.204500 -16.255750
1812.000000 28.000000 25.825750 -16.156625
1824.000000 28.000000 25.447000 -16.057500
1596.000000 47.000000 32.711000 -18.947000
1608.000000 47.000000 32.314000 -18.975000
1620.000000 47.000000 31.804000 -18.749000
1632.000000 47.000000 31.408000 -18.465000
1644.000000 47.000000 30.898000 -18.324000
1656.000000 47.000000 30.502000 -18.125000
1668.000000 47.000000 30.105000 -18.040000
1680.000000 47.000000 29.709000 -17.956000
1692.000000 47.000000 29.333750 -17.832125
1704.000000 47.000000 28.958500 -17.708250
1716.000000 47.000000 28.583250 -17.584375
1728.000000 47.000000 28.208000 -17.460500
1740.000000 47.000000 27.832750 -17.336625
1752.000000 47.000000 27.457500 -17.212750
1764.000000 47.000000 27.082250 -17.088875
1776.000000 47.000000 26.707000 -16.965000
1788.000000 47.000000 26.331750 -16.841125
1800.000000 47.000000 25.956500 -16.717250
1812.000000 47.000000 25.581250 -16.593375
1824.000000 47.000000 25.206000 -16.469500
1632.000000 20.000000 7.024000 -16.228000
1644.000000 20.000000 7.194000 -16.228000
1656.000000 20.000000 7.420000 -16.143000
1668.000000 20.000000 7.647000 -16.143000
1680.000000 20.000000 7.930000 -16.058000
1692.000000 20.000000 8.156000 -16.058000
1704.000000 20.000000 8.326000 -15.973000
1716.000000 20.000000 8.553000 -15.973000
1728.000000 20.000000 8.744125 -15.941125
1740.000000 20.000000 8.935250 -15.909250
1752.000000 20.000000 9.126375 -15.877375
1764.000000 20.000000 9.317500 -15.845500
1776.000000 20.000000 9.508625 -15.813625
1788.000000 20.000000 9.699750 -15.781750
1800.000000 20.000000 9.890875 -15.749875
1812.000000 20.000000 10.082000 -15.718000
1824.000000 20.000000 10.273125 -15.686125
1836.000000 20.000000 10.464250 -15.654250
1848.000000 20.000000 10.655375 -15.622375
1860.000000 20.000000 10.846500 -15.590500
1680.000000 25.000000 6.797000 -17.786000
1692.000000 25.000000 6.995000 -17.786000
1704.000000 25.000000 7.392000 -17.672000
1716.000000 25.000000 7.675000 -17.672000
1728.000000 25.000000 8.015000 -17.616000
1740.000000 25.000000 8.355000 -17.616000
1752.000000 25.000000 8.666000 -17.502000
1764.000000 25.000000 8.978000 -17.502000
1776.000000 25.000000 9.250625 -17.466500
1788.000000 25.000000 9.523250 -17.431000
1800.000000 25.000000 9.795875 -17.395500
1812.000000 25.000000 10.068500 -17.360000
1824.000000 25.000000 10.341125 -17.324500
1836.000000 25.000000 10.613750 -17.289000
1848.000000 25.000000 10.886375 -17.253500
1860.000000 25.000000 11.159000 -17.218000
1872.000000 25.000000 11.431625 -17.182500
1884.000000 25.000000 11.704250 -17.147000
1896.000000 25.000000 11.976875 -17.111500
1908.000000 25.000000 12.249500 -17.076000
1680.000000 38.000000 6.231000 -16.681000
1692.000000 38.000000 6.429000 -16.681000
1704.000000 38.000000 6.769000 -16.681000
1716.000000 38.000000 7.052000 -16.681000
1728.000000 38.000000 7.392000 -16.681000
1740.000000 38.000000 7.675000 -16.681000
1752.000000 38.000000 8.015000 -16.681000
1764.000000 38.000000 8.298000 -16.681000
1776.000000 38.000000 8.556375 -16.681000
1788.000000 38.000000 8.814750 -16.681000
1800.000000 38.000000 9.073125 -16.681000
1812.000000 38.000000 9.331500 -16.681000
1824.000000 38.000000 9.589875 -16.681000
1836.000000 38.000000 9.848250 -16.681000
1848.000000 38.000000 10.106625 -16.681000
1860.000000 38.000000 10.365000 -16.681000
1872.000000 38.000000 10.623375 -16.681000
1884.000000 38.000000 10.881750 -16.681000
1896.000000 38.000000 11.140125 -16.681000
1908.000000 38.000000 11.398500 -16.681000
1836.000000 29.000000 24.243000 -16.539000
1848.000000 29.000000 23.818000 -16.455000
1860.000000 29.000000 23.535000 -16.370000
1872.000000 29.000000 23.025000 -16.539000
1884.000000 29.000000 22.487000 -16.738000
1896.000000 29.000000 21.949000 -16.908000
1908.000000 29.000000 21.552000 -16.964000
1920.000000 29.000000 21.156000 -17.078000
1932.000000 29.000000 20.770125 -17.145375
1944.000000 29.000000 20.384250 -17.212750
1956.000000 29.000000 19.998375 -17.280125
1968.000000 29.000000 19.612500 -17.347500
1980.000000 29.000000 19.226625 -17.414875
1992.000000 29.000000 18.840750 -17.482250
2004.000000 29.000000 18.454875 -17.549625
2016.000000 29.000000 18.069000 -17.617000
2028.000000 29.000000 17.683125 -17.684375
2040.000000 29.000000 17.297250 -17.751750
2052.000000 29.000000 16.911375 -17.819125
2064.000000 29.000000 16.525500 -17.886500
1836.000000 48.000000 24.158000 -17.502000
1848.000000 48.000000 23.648000 -17.672000
1860.000000 48.000000 22.912000 -17.672000
1872.000000 48.000000 22.402000 -17.616000
1884.000000 48.000000 21.949000 -17.616000
1896.000000 48.000000 21.552000 -17.672000
1908.000000 48.000000 21.156000 -17.786000
1920.000000 48.000000 20.703000 -17.871000
1932.000000 48.000000 20.271125 -17.917125
1944.000000 48.000000 19.839250 -17.963250
1956.000000 48.000000 19.407375 -18.009375
1968.000000 48.000000 18.975500 -18.055500
1980.000000 48.000000 18.543625 -18.101625
1992.000000 48.000000 18.111750 -18.147750
2004.000000 48.000000 17.679875 -18.193875
2016.000000 48.000000 17.248000 -18.240000
2028.000000 48.000000 16.816125 -18.286125
2040.000000 48.000000 16.384250 -18.332250
2052.000000 48.000000 15.952375 -18.378375
2064.000000 48.000000 15.520500 -18.424500
1872.000000 21.000000 13.169000 -15.520000
1884.000000 21.000000 13.481000 -15.520000
1896.000000 21.000000 13.792000 -15.520000
1908.000000 21.000000 14.104000 -15.520000
1920.000000 21.000000 14.500000 -15.520000
1932.000000 21.000000 14.840000 -15.520000
1944.000000 21.000000 15.123000 -15.463000
1956.000000 21.000000 15.548000 -15.463000
1968.000000 21.000000 15.845375 -15.455875
1980.000000 21.000000 16.142750 -15.448750
1992.000000 21.000000 16.440125 -15.441625
2004.000000 21.000000 16.737500 -15.434500
2016.000000 21.000000 17.034875 -15.427375
2028.000000 21.000000 17.332250 -15.420250
2040.000000 21.000000 17.629625 -15.413125
2052.000000 21.000000 17.927000 -15.406000
2064.000000 21.000000 18.224375 -15.398875
2076.000000 21.000000 18.521750 -15.391750
2088.000000 21.000000 18.819125 -15.384625
2100.000000 21.000000 19.116500 -15.377500
1920.000000 26.000000 13.452000 -17.247000
1932.000000 26.000000 13.792000 -17.163000
1944.000000 26.000000 14.189000 -17.049000
1956.000000 26.000000 14.529000 -16.993000
1968.000000 26.000000 14.812000 -16.993000
1980.000000 26.000000 15.152000 -16.879000
1992.000000 26.000000 15.435000 -16.823000
2004.000000 26.000000 15.860000 -16.823000
2016.000000 26.000000 16.161000 -16.770000
2028.000000 26.000000 16.462000 -16.717000
2040.000000 26.000000 16.763000 -16.664000
2052.000000 26.000000 17.064000 -16.611000
2064.000000 26.000000 17.365000 -16.558000
2076.000000 26.000000 17.666000 -16.505000
2088.000000 26.000000 17.967000 -16.452000
2100.000000 26.000000 18.268000 -16.399000
2112.000000 26.000000 18.569000 -16.346000
2124.000000 26.000000 18.870000 -16.293000
2136.000000 26.000000 19.171000 -16.240000
2148.000000 26.000000 19.472000 -16.187000
1920.000000 39.000000 12.320000 -16.285000
1932.000000 39.000000 12.773000 -16.200000
1944.000000 39.000000 13.056000 -16.200000
1956.000000 39.000000 13.452000 -16.200000
1968.000000 39.000000 13.906000 -16.200000
1980.000000 39.000000 14.189000 -16.200000
1992.000000 39.000000 14.642000 -16.200000
2004.000000 39.000000 15.038000 -16.228000
2016.000000 39.000000 15.377750 -16.220875
2028.000000 39.000000 15.717500 -16.213750
2040.000000 39.000000 16.057250 -16.206625
2052.000000 39.000000 16.397000 -16.199500
2064.000000 39.000000 16.736750 -16.192375
2076.000000 39.000000 17.076500 -16.185250
2088.000000 39.000000 17.416250 -16.178125
2100.000000 39.000000 17.756000 -16.171000
2112.000000 39.000000 18.095750 -16.163875
2124.000000 39.000000 18.435500 -16.156750
2136.000000 39.000000 18.775250 -16.149625
2148.000000 39.000000 19.115000 -16.142500
2076.000000 30.000000 17.417000 -16.879000
2088.000000 30.000000 17.616000 -16.936000
2100.000000 30.000000 18.040000 -16.936000
2112.000000 30.000000 18.352000 -17.021000
2124.000000 30.000000 18.749000 -17.021000
2136.000000 30.000000 19.173000 -17.106000
2148.000000 30.000000 19.598000 -17.106000
2160.000000 30.000000 19.995000 -17.106000
2172.000000 30.000000 20.317250 -17.134375
2184.000000 30.000000 20.639500 -17.162750
2196.000000 30.000000 20.961750 -17.191125
2208.000000 30.000000 21.284000 -17.219500
2220.000000 30.000000 21.606250 -17.247875
2232.000000 30.000000 21.928500 -17.276250
2244.000000 30.000000 22.250750 -17.304625
2256.000000 30.000000 22.573000 -17.333000
2268.000000 30.000000 22.895250 -17.361375
2280.000000 30.000000 23.217500 -17.389750
2292.000000 30.000000 23.539750 -17.418125
2304.000000 30.000000 23.862000 -17.446500
2076.000000 49.000000 15.916000 -17.474000
2088.000000 49.000000 15.293000 -17.389000
2100.000000 49.000000 14.670000 -17.219000
2112.000000 49.000000 14.047000 -17.106000
2124.000000 49.000000 13.424000 -17.106000
2136.000000 49.000000 12.914000 -17.106000
2148.000000 49.000000 12.405000 -17.106000
2160.000000 49.000000 11.866000 -17.219000
2172.000000 49.000000 11.359750 -17.187125
2184.000000 49.000000 10.853500 -17.155250
2196.000000 49.000000 10.347250 -17.123375
2208.000000 49.000000 9.841000 -17.091500
2220.000000 49.000000 9.334750 -17.059625
2232.000000 49.000000 8.828500 -17.027750
2244.000000 49.000000 8.322250 -16.995875
2256.000000 49.000000 7.816000 -16.964000
2268.000000 49.000000 7.309750 -16.932125
2280.000000 49.000000 6.803500 -16.900250
2292.000000 49.000000 6.297250 -16.868375
2304.000000 49.000000 5.791000 -16.836500
2100.000000 23.000000 33.277000 -18.494000
2112.000000 23.000000 32.824000 -18.833000
2124.000000 23.000000 32.626000 -18.833000
2136.000000 23.000000 32.116000 -18.749000
2148.000000 23.000000 31.493000 -18.550000
2160.000000 23.000000 30.757000 -18.380000
2172.000000 23.000000 30.134000 -18.210000
2184.000000 23.000000 29.539000 -18.040000
2196.000000 23.000000 29.071750 -17.983250
2208.000000 23.000000 28.604500 -17.926500
2220.000000 23.000000 28.137250 -17.869750
2232.000000 23.000000 27.670000 -17.813000
2244.000000 23.000000 27.202750 -17.756250
2256.000000 23.000000 26.735500 -17.699500
2268.000000 23.000000 26.268250 -17.642750
2280.000000 23.000000 25.801000 -17.586000
2292.000000 23.000000 25.333750 -17.529250
2304.000000 23.000000 24.866500 -17.472500
2316.000000 23.000000 24.399250 -17.415750
2328.000000 23.000000 23.932000 -17.359000
2112.000000 22.000000 20.504000 -15.831000
2124.000000 22.000000 20.844000 -15.831000
2136.000000 22.000000 21.127000 -15.831000
2148.000000 22.000000 21.467000 -15.831000
2160.000000 22.000000 21.751000 -15.945000
2172.000000 22.000000 22.090000 -16.001000
2184.000000 22.000000 22.487000 -16.115000
2196.000000 22.000000 22.798000 -16.171000
2208.000000 22.000000 23.084750 -16.213500
2220.000000 22.000000 23.371500 -16.256000
2232.000000 22.000000 23.658250 -16.298500
2244.000000 22.000000 23.945000 -16.341000
2256.000000 22.000000 24.231750 -16.383500
2268.000000 22.000000 24.518500 -16.426000
2280.000000 22.000000 24.805250 -16.468500
2292.000000 22.000000 25.092000 -16.511000
2304.000000 22.000000 25.378750 -16.553500
2316.000000 22.000000 25.665500 -16.596000
2328.000000 22.000000 25.952250 -16.638500
2340.000000 22.000000 26.239000 -16.681000
2160.000000 27.000000 21.467000 -17.247000
2172.000000 27.000000 21.864000 -17.247000
2184.000000 27.000000 22.260000 -17.247000
2196.000000 27.000000 22.600000 -17.247000
2208.000000 27.000000 22.997000 -17.247000
2220.000000 27.000000 23.421000 -17.361000
2232.000000 27.000000 23.733000 -17.361000
2244.000000 27.000000 24.016000 -17.417000
2256.000000 27.000000 24.334625 -17.438250
2268.000000 27.000000 24.653250 -17.459500
2280.000000 27.000000 24.971875 -17.480750
2292.000000 27.000000 25.290500 -17.502000
2304.000000 27.000000 25.609125 -17.523250
2316.000000 27.000000 25.927750 -17.544500
2328.000000 27.000000 26.246375 -17.565750
2340.000000 27.000000 26.565000 -17.587000
2352.000000 27.000000 26.883625 -17.608250
2364.000000 27.000000 27.202250 -17.629500
2376.000000 27.000000 27.520875 -17.650750
2388.000000 27.000000 27.839500 -17.672000
2160.000000 40.000000 20.136000 -16.200000
2172.000000 40.000000 20.589000 -16.256000
2184.000000 40.000000 20.986000 -16.370000
2196.000000 40.000000 21.297000 -16.370000
2208.000000 40.000000 21.722000 -16.455000
2220.000000 40.000000 22.119000 -16.539000
2232.000000 40.000000 22.430000 -16.653000
2244.000000 40.000000 22.855000 -16.653000
2256.000000 40.000000 23.194875 -16.709625
2268.000000 40.000000 23.534750 -16.766250
2280.000000 40.000000 23.874625 -16.822875
2292.000000 40.000000 24.214500 -16.879500
2304.000000 40.000000 24.554375 -16.936125
2316.000000 40.000000 24.894250 -16.992750
2328.000000 40.000000 25.234125 -17.049375
2340.000000 40.000000 25.574000 -17.106000
2352.000000 40.000000 25.913875 -17.162625
2364.000000 40.000000 26.253750 -17.219250
2376.000000 40.000000 26.593625 -17.275875
2388.000000 40.000000 26.933500 -17.332500
2316.000000 31.000000 25.376000 -17.021000
2328.000000 31.000000 25.800000 -17.191000
2340.000000 31.000000 26.197000 -17.304000
2352.000000 31.000000 26.622000 -17.474000
2364.000000 31.000000 27.047000 -17.644000
2376.000000 31.000000 27.443000 -17.814000
2388.000000 31.000000 27.981000 -17.814000
2400.000000 31.000000 28.604000 -17.729000
2412.000000 31.000000 29.007500 -17.817500
2424.000000 31.000000 29.411000 -17.906000
2436.000000 31.000000 29.814500 -17.994500
2448.000000 31.000000 30.218000 -18.083000
2460.000000 31.000000 30.621500 -18.171500
2472.000000 31.000000 31.025000 -18.260000
2484.000000 31.000000 31.428500 -18.348500
2496.000000 31.000000 31.832000 -18.437000
2508.000000 31.000000 32.235500 -18.525500
2520.000000 31.000000 32.639000 -18.614000
2532.000000 31.000000 33.042500 -18.702500
2544.000000 31.000000 33.446000 -18.791000
2340.000000 24.000000 22.487000 -17.956000
2352.000000 24.000000 21.977000 -17.871000
2364.000000 24.000000 21.354000 -17.871000
2376.000000 24.000000 20.731000 -17.871000
2388.000000 24.000000 19.995000 -17.871000
2400.000000 24.000000 19.372000 -17.871000
2412.000000 24.000000 18.749000 -17.871000
2424.000000 24.000000 18.125000 -17.871000
2436.000000 24.000000 17.579750 -17.860375
2448.000000 24.000000 17.034500 -17.849750
2460.000000 24.000000 16.489250 -17.839125
2472.000000 24.000000 15.944000 -17.828500
2484.000000 24.000000 15.398750 -17.817875
2496.000000 24.000000 14.853500 -17.807250
2508.000000 24.000000 14.308250 -17.796625
2520.000000 24.000000 13.763000 -17.786000
2532.000000 24.000000 13.217750 -17.775375
2544.000000 24.000000 12.672500 -17.764750
2556.000000 24.000000 12.127250 -17.754125
2568.000000 24.000000 11.582000 -17.743500
2568.000000 11.000000 5.919000 -21.212000
2580.000000 11.000000 6.457000 -20.788000
2592.000000 11.000000 7.080000 -20.419000
2604.000000 11.000000 7.703000 -20.080000
2616.000000 11.000000 8.298000 -19.711000
2628.000000 11.000000 8.836000 -19.372000
2640.000000 11.000000 9.233000 -19.032000
2652.000000 11.000000 9.629000 -18.664000
2664.000000 11.000000 10.092750 -18.345500
2676.000000 11.000000 10.556500 -18.027000
2688.000000 11.000000 11.020250 -17.708500
2700.000000 11.000000 11.484000 -17.390000
2712.000000 11.000000 11.947750 -17.071500
2724.000000 11.000000 12.411500 -16.753000
2736.000000 11.000000 12.875250 -16.434500
2748.000000 11.000000 13.339000 -16.116000
2760.000000 11.000000 13.802750 -15.797500
2772.000000 11.000000 14.266500 -15.479000
2784.000000 11.000000 14.730250 -15.160500
2796.000000 11.000000 15.194000 -14.842000
2808.000000 12.000000 17.389000 -17.502000
2820.000000 12.000000 18.125000 -17.502000
2832.000000 12.000000 18.749000 -17.616000
2844.000000 12.000000 19.372000 -17.616000
2856.000000 12.000000 20.108000 -17.616000
2868.000000 12.000000 20.731000 -17.672000
2880.000000 12.000000 21.354000 -17.672000
2892.000000 12.000000 21.977000 -17.786000
2904.000000 12.000000 22.550500 -17.821500
2916.000000 12.000000 23.124000 -17.857000
2928.000000 12.000000 23.697500 -17.892500
2940.000000 12.000000 24.271000 -17.928000
2952.000000 12.000000 24.844500 -17.963500
2964.000000 12.000000 25.418000 -17.999000
2976.000000 12.000000 25.991500 -18.034500
2988.000000 12.000000 26.565000 -18.070000
3000.000000 12.000000 27.138500 -18.105500
3012.000000 12.000000 27.712000 -18.141000
3024.000000 12.000000 28.285500 -18.176500
3036.000000 12.000000 28.859000 -18.212000
2868.000000 13.000000 -9.544000 -15.010000
2880.000000 13.000000 -10.281000 -14.812000
2892.000000 13.000000 -10.790000 -14.642000
2904.000000 13.000000 -11.413000 -14.472000
2916.000000 13.000000 -11.923000 -14.302000
2928.000000 13.000000 -12.461000 -14.302000
2940.000000 13.000000 -12.886000 -14.302000
2952.000000 13.000000 -13.396000 -14.302000
2964.000000 13.000000 -13.877500 -14.213500
2976.000000 13.000000 -14.359000 -14.125000
2988.000000 13.000000 -14.840500 -14.036500
3000.000000 13.000000 -15.322000 -13.948000
3012.000000 13.000000 -15.803500 -13.859500
3024.000000 13.000000 -16.285000 -13.771000
3036.000000 13.000000 -16.766500 -13.682500
3048.000000 13.000000 -17.248000 -13.594000
3060.000000 13.000000 -17.729500 -13.505500
3072.000000 13.000000 -18.211000 -13.417000
3084.000000 13.000000 -18.692500 -13.328500
3096.000000 13.000000 -19.174000 -13.240000
4296.000000 41.000000 31.918000 10.479000
4308.000000 41.000000 31.918000 9.856000
4320.000000 41.000000 31.918000 9.233000
4332.000000 41.000000 31.918000 8.610000
4344.000000 41.000000 31.918000 7.987000
4356.000000 41.000000 31.918000 7.363000
4368.000000 41.000000 31.918000 6.740000
4380.000000 41.000000 31.804000 5.891000
4392.000000 41.000000 31.789750 5.317500
4404.000000 41.000000 31.775500 4.744000
4416.000000 41.000000 31.761250 4.170500
4428.000000 41.000000 31.747000 3.597000
4440.000000 41.000000 31.732750 3.023500
4452.000000 41.000000 31.718500 2.450000
4464.000000 41.000000 31.704250 1.876500
4476.000000 41.000000 31.690000 1.303000
4488.000000 41.000000 31.675750 0.729500
4500.000000 41.000000 31.661500 0.156000
4512.000000 41.000000 31.647250 -0.417500
4524.000000 41.000000 31.633000 -0.991000
4344.000000 6.000000 33.362000 -11.923000
4356.000000 6.000000 33.362000 -11.555000
4368.000000 6.000000 33.362000 -11.187000
4380.000000 6.000000 33.362000 -10.847000
4392.000000 6.000000 33.419000 -10.507000
4404.000000 6.000000 33.419000 -10.224000
4416.000000 6.000000 33.419000 -9.941000
4428.000000 6.000000 33.305000 -9.488000
4440.000000 6.000000 33.297875 -9.183625
4452.000000 6.000000 33.290750 -8.879250
4464.000000 6.000000 33.283625 -8.574875
4476.000000 6.000000 33.276500 -8.270500
4488.000000 6.000000 33.269375 -7.966125
4500.000000 6.000000 33.262250 -7.661750
4512.000000 6.000000 33.255125 -7.357375
4524.000000 6.000000 33.248000 -7.053000
4536.000000 6.000000 33.240875 -6.748625
4548.000000 6.000000 33.233750 -6.444250
4560.000000 6.000000 33.226625 -6.139875
4572.000000 6.000000 33.219500 -5.835500
4536.000000 42.000000 32.258000 -2.804000
4548.000000 42.000000 32.258000 -3.427000
4560.000000 42.000000 32.059000 -4.333000
4572.000000 42.000000 32.484000 -4.673000
4584.000000 42.000000 32.258000 -5.126000
4596.000000 42.000000 31.748000 -5.749000
4608.000000 42.000000 31.635000 -6.401000
4620.000000 42.000000 31.748000 -6.797000
4632.000000 42.000000 31.684250 -7.296125
4644.000000 42.000000 31.620500 -7.795250
4656.000000 42.000000 31.556750 -8.294375
4668.000000 42.000000 31.493000 -8.793500
4680.000000 42.000000 31.429250 -9.292625
4692.000000 42.000000 31.365500 -9.791750
4704.000000 42.000000 31.301750 -10.290875
4716.000000 42.000000 31.238000 -10.790000
4728.000000 42.000000 31.174250 -11.289125
4740.000000 42.000000 31.110500 -11.788250
4752.000000 42.000000 31.046750 -12.287375
4764.000000 42.000000 30.983000 -12.786500
4584.000000 7.000000 32.682000 -7.052000
4596.000000 7.000000 32.682000 -7.052000
4608.000000 7.000000 32.796000 -7.137000
4620.000000 7.000000 32.796000 -7.250000
4632.000000 7.000000 32.881000 -7.307000
4644.000000 7.000000 32.881000 -7.647000
4656.000000 7.000000 32.881000 -7.930000
4668.000000 7.000000 32.881000 -8.100000
4680.000000 7.000000 32.905875 -8.231000
4692.000000 7.000000 32.930750 -8.362000
4704.000000 7.000000 32.955625 -8.493000
4716.000000 7.000000 32.980500 -8.624000
4728.000000 7.000000 33.005375 -8.755000
4740.000000 7.000000 33.030250 -8.886000
4752.000000 7.000000 33.055125 -9.017000
4764.000000 7.000000 33.080000 -9.148000
4776.000000 7.000000 33.104875 -9.279000
4788.000000 7.000000 33.129750 -9.410000
4800.000000 7.000000 33.154625 -9.541000
4812.000000 7.000000 33.179500 -9.672000
4596.000000 16.000000 32.824000 -18.494000
4608.000000 16.000000 32.201000 -18.324000
4620.000000 16.000000 31.804000 -18.210000
4632.000000 16.000000 31.380000 -18.125000
4644.000000 16.000000 30.983000 -17.956000
4656.000000 16.000000 30.360000 -17.956000
4668.000000 16.000000 29.935000 -17.871000
4680.000000 16.000000 29.822000 -17.871000
4692.000000 16.000000 29.446750 -17.793125
4704.000000 16.000000 29.071500 -17.715250
4716.000000 16.000000 28.696250 -17.637375
4728.000000 16.000000 28.321000 -17.559500
4740.000000 16.000000 27.945750 -17.481625
4752.000000 16.000000 27.570500 -17.403750
4764.000000 16.000000 27.195250 -17.325875
4776.000000 16.000000 26.820000 -17.248000
4788.000000 16.000000 26.444750 -17.170125
4800.000000 16.000000 26.069500 -17.092250
4812.000000 16.000000 25.694250 -17.014375
4824.000000 16.000000 25.319000 -16.936500
4776.000000 43.000000 31.861000 -11.753000
4788.000000 43.000000 31.804000 -12.036000
4800.000000 43.000000 31.804000 -12.291000
4812.000000 43.000000 31.918000 -12.575000
4824.000000 43.000000 31.974000 -12.886000
4836.000000 43.000000 31.635000 -13.226000
4848.000000 43.000000 31.635000 -13.934000
4860.000000 43.000000 31.635000 -14.302000
4872.000000 43.000000 31.606750 -14.620625
4884.000000 43.000000 31.578500 -14.939250
4896.000000 43.000000 31.550250 -15.257875
4908.000000 43.000000 31.522000 -15.576500
4920.000000 43.000000 31.493750 -15.895125
4932.000000 43.000000 31.465500 -16.213750
4944.000000 43.000000 31.437250 -16.532375
4956.000000 43.000000 31.409000 -16.851000
4968.000000 43.000000 31.380750 -17.169625
4980.000000 43.000000 31.352500 -17.488250
4992.000000 43.000000 31.324250 -17.806875
5004.000000 43.000000 31.296000 -18.125500
4824.000000 8.000000 32.796000 -12.631000
4836.000000 8.000000 32.796000 -12.971000
4848.000000 8.000000 32.796000 -13.764000
4860.000000 8.000000 32.796000 -13.934000
4872.000000 8.000000 32.796000 -14.104000
4884.000000 8.000000 32.682000 -14.274000
4896.000000 8.000000 32.682000 -14.840000
4908.000000 8.000000 32.428000 -15.350000
4920.000000 8.000000 32.382000 -15.689875
4932.000000 8.000000 32.336000 -16.029750
4944.000000 8.000000 32.290000 -16.369625
4956.000000 8.000000 32.244000 -16.709500
4968.000000 8.000000 32.198000 -17.049375
4980.000000 8.000000 32.152000 -17.389250
4992.000000 8.000000 32.106000 -17.729125
5004.000000 8.000000 32.060000 -18.069000
5016.000000 8.000000 32.014000 -18.408875
5028.000000 8.000000 31.968000 -18.748750
5040.000000 8.000000 31.922000 -19.088625
5052.000000 8.000000 31.876000 -19.428500
4836.000000 17.000000 22.912000 -17.417000
4848.000000 17.000000 22.600000 -17.531000
4860.000000 17.000000 22.289000 -17.531000
4872.000000 17.000000 21.354000 -17.531000
4884.000000 17.000000 20.618000 -17.531000
4896.000000 17.000000 20.306000 -17.531000
4908.000000 17.000000 19.683000 -17.417000
4920.000000 17.000000 19.060000 -17.417000
4932.000000 17.000000 18.578500 -17.417000
4944.000000 17.000000 18.097000 -17.417000
4956.000000 17.000000 17.615500 -17.417000
4968.000000 17.000000 17.134000 -17.417000
4980.000000 17.000000 16.652500 -17.417000
4992.000000 17.000000 16.171000 -17.417000
5004.000000 17.000000 15.689500 -17.417000
5016.000000 17.000000 15.208000 -17.417000
5028.000000 17.000000 14.726500 -17.417000
5040.000000 17.000000 14.245000 -17.417000
5052.000000 17.000000 13.763500 -17.417000
5064.000000 17.000000 13.282000 -17.417000
4944.000000 4.000000 32.937000 -17.644000
4956.000000 4.000000 32.428000 -17.814000
4968.000000 4.000000 32.031000 -17.814000
4980.000000 4.000000 31.918000 -17.814000
4992.000000 4.000000 31.295000 -17.814000
5004.000000 4.000000 30.672000 -17.842000
5016.000000 4.000000 30.190000 -17.729000
5028.000000 4.000000 29.680000 -17.644000
5040.000000 4.000000 29.272875 -17.644000
5052.000000 4.000000 28.865750 -17.644000
5064.000000 4.000000 28.458625 -17.644000
5076.000000 4.000000 28.051500 -17.644000
5088.000000 4.000000 27.644375 -17.644000
5100.000000 4.000000 27.237250 -17.644000
5112.000000 4.000000 26.830125 -17.644000
5124.000000 4.000000 26.423000 -17.644000
5136.000000 4.000000 26.015875 -17.644000
5148.000000 4.000000 25.608750 -17.644000
5160.000000 4.000000 25.201625 -17.644000
5172.000000 4.000000 24.794500 -17.644000
4944.000000 32.000000 32.739000 -18.437000
4956.000000 32.000000 32.229000 -18.437000
4968.000000 32.000000 31.493000 -18.607000
4980.000000 32.000000 30.870000 -18.352000
4992.000000 32.000000 30.558000 -18.267000
5004.000000 32.000000 30.303000 -18.324000
5016.000000 32.000000 29.935000 -18.324000
5028.000000 32.000000 29.624000 -18.352000
5040.000000 32.000000 29.234625 -18.341375
5052.000000 32.000000 28.845250 -18.330750
5064.000000 32.000000 28.455875 -18.320125
5076.000000 32.000000 28.066500 -18.309500
5088.000000 32.000000 27.677125 -18.298875
5100.000000 32.000000 27.287750 -18.288250
5112.000000 32.000000 26.898375 -18.277625
5124.000000 32.000000 26.509000 -18.267000
5136.000000 32.000000 26.119625 -18.256375
5148.000000 32.000000 25.730250 -18.245750
5160.000000 32.000000 25.340875 -18.235125
5172.000000 32.000000 24.951500 -18.224500
5016.000000 44.000000 31.181000 -16.511000
5028.000000 44.000000 31.238000 -16.483000
5040.000000 44.000000 31.351000 -16.455000
5052.000000 44.000000 31.351000 -16.455000
5064.000000 44.000000 31.408000 -16.455000
5076.000000 44.000000 31.408000 -16.426000
5088.000000 44.000000 31.181000 -16.455000
5100.000000 44.000000 30.785000 -16.539000
5112.000000 44.000000 30.735500 -16.542500
5124.000000 44.000000 30.686000 -16.546000
5136.000000 44.000000 30.636500 -16.549500
5148.000000 44.000000 30.587000 -16.553000
5160.000000 44.000000 30.537500 -16.556500
5172.000000 44.000000 30.488000 -16.560000
5184.000000 44.000000 30.438500 -16.563500
5196.000000 44.000000 30.389000 -16.567000
5208.000000 44.000000 30.339500 -16.570500
5220.000000 44.000000 30.290000 -16.574000
5232.000000 44.000000 30.240500 -16.577500
5244.000000 44.000000 30.191000 -16.581000
5064.000000 9.000000 31.550000 -17.332000
5076.000000 9.000000 31.436000 -17.389000
5088.000000 9.000000 31.351000 -17.502000
5100.000000 9.000000 31.238000 -17.559000
5112.000000 9.000000 31.125000 -17.701000
5124.000000 9.000000 30.615000 -17.729000
5136.000000 9.000000 30.162000 -17.814000
5148.000000 9.000000 29.680000 -17.899000
5160.000000 9.000000 29.446250 -17.969875
5172.000000 9.000000 29.212500 -18.040750
5184.000000 9.000000 28.978750 -18.111625
5196.000000 9.000000 28.745000 -18.182500
5208.000000 9.000000 28.511250 -18.253375
5220.000000 9.000000 28.277500 -18.324250
5232.000000 9.000000 28.043750 -18.395125
5244.000000 9.000000 27.810000 -18.466000
5256.000000 9.000000 27.576250 -18.536875
5268.000000 9.000000 27.342500 -18.607750
5280.000000 9.000000 27.108750 -18.678625
5292.000000 9.000000 26.875000 -18.749500
5184.000000 5.000000 23.421000 -16.539000
5196.000000 5.000000 22.940000 -16.539000
5208.000000 5.000000 22.487000 -16.539000
5220.000000 5.000000 22.062000 -16.511000
5232.000000 5.000000 21.382000 -16.455000
5244.000000 5.000000 20.929000 -16.455000
5256.000000 5.000000 20.731000 -16.539000
5268.000000 5.000000 20.193000 -16.455000
5280.000000 5.000000 19.789500 -16.444500
5292.000000 5.000000 19.386000 -16.434000
5304.000000 5.000000 18.982500 -16.423500
5316.000000 5.000000 18.579000 -16.413000
5328.000000 5.000000 18.175500 -16.402500
5340.000000 5.000000 17.772000 -16.392000
5352.000000 5.000000 17.368500 -16.381500
5364.000000 5.000000 16.965000 -16.371000
5376.000000 5.000000 16.561500 -16.360500
5388.000000 5.000000 16.158000 -16.350000
5400.000000 5.000000 15.754500 -16.339500
5412.000000 5.000000 15.351000 -16.329000
5184.000000 33.000000 23.053000 -17.644000
5196.000000 33.000000 22.628000 -17.559000
5208.000000 33.000000 22.119000 -17.474000
5220.000000 33.000000 21.779000 -17.446000
5232.000000 33.000000 21.326000 -17.219000
5244.000000 33.000000 20.816000 -17.219000
5256.000000 33.000000 20.306000 -17.219000
5268.000000 33.000000 19.796000 -17.219000
5280.000000 33.000000 19.388875 -17.165875
5292.000000 33.000000 18.981750 -17.112750
5304.000000 33.000000 18.574625 -17.059625
5316.000000 33.000000 18.167500 -17.006500
5328.000000 33.000000 17.760375 -16.953375
5340.000000 33.000000 17.353250 -16.900250
5352.000000 33.000000 16.946125 -16.847125
5364.000000 33.000000 16.539000 -16.794000
5376.000000 33.000000 16.131875 -16.740875
5388.000000 33.000000 15.724750 -16.687750
5400.000000 33.000000 15.317625 -16.634625
5412.000000 33.000000 14.910500 -16.581500
5232.000000 55.000000 7.194000 -19.428000
5244.000000 55.000000 7.732000 -19.145000
5256.000000 55.000000 8.156000 -18.975000
5268.000000 55.000000 8.553000 -18.692000
5280.000000 55.000000 8.949000 -18.437000
5292.000000 55.000000 9.516000 -18.182000
5304.000000 55.000000 10.026000 -18.012000
5316.000000 55.000000 10.649000 -17.899000
5328.000000 55.000000 11.080875 -17.707875
5340.000000 55.000000 11.512750 -17.516750
5352.000000 55.000000 11.944625 -17.325625
5364.000000 55.000000 12.376500 -17.134500
5376.000000 55.000000 12.808375 -16.943375
5388.000000 55.000000 13.240250 -16.752250
5400.000000 55.000000 13.672125 -16.561125
5412.000000 55.000000 14.104000 -16.370000
5424.000000 55.000000 14.535875 -16.178875
5436.000000 55.000000 14.967750 -15.987750
5448.000000 55.000000 15.399625 -15.796625
5460.000000 55.000000 15.831500 -15.605500
5256.000000 45.000000 25.404000 -17.247000
5268.000000 45.000000 24.866000 -17.163000
5280.000000 45.000000 24.328000 -17.163000
5292.000000 45.000000 23.818000 -17.163000
5304.000000 45.000000 23.421000 -17.049000
5316.000000 45.000000 22.912000 -17.049000
5328.000000 45.000000 22.487000 -16.993000
5340.000000 45.000000 22.062000 -16.879000
5352.000000 45.000000 21.644250 -16.833000
5364.000000 45.000000 21.226500 -16.787000
5376.000000 45.000000 20.808750 -16.741000
5388.000000 45.000000 20.391000 -16.695000
5400.000000 45.000000 19.973250 -16.649000
5412.000000 45.000000 19.555500 -16.603000
5424.000000 45.000000 19.137750 -16.557000
5436.000000 45.000000 18.720000 -16.511000
5448.000000 45.000000 18.302250 -16.465000
5460.000000 45.000000 17.884500 -16.419000
5472.000000 45.000000 17.466750 -16.373000
5484.000000 45.000000 17.049000 -16.327000
5304.000000 10.000000 23.535000 -18.069000
5316.000000 10.000000 22.912000 -18.069000
5328.000000 10.000000 22.289000 -18.069000
5340.000000 10.000000 21.949000 -18.125000
5352.000000 10.000000 21.552000 -18.125000
5364.000000 10.000000 21.156000 -18.125000
5376.000000 10.000000 20.816000 -18.125000
5388.000000 10.000000 20.306000 -18.069000
5400.000000 10.000000 19.902375 -18.069000
5412.000000 10.000000 19.498750 -18.069000
5424.000000 10.000000 19.095125 -18.069000
5436.000000 10.000000 18.691500 -18.069000
5448.000000 10.000000 18.287875 -18.069000
5460.000000 10.000000 17.884250 -18.069000
5472.000000 10.000000 17.480625 -18.069000
5484.000000 10.000000 17.077000 -18.069000
5496.000000 10.000000 16.673375 -18.069000
5508.000000 10.000000 16.269750 -18.069000
5520.000000 10.000000 15.866125 -18.069000
5532.000000 10.000000 15.462500 -18.069000
5472.000000 56.000000 17.163000 -18.069000
5484.000000 56.000000 17.672000 -18.069000
5496.000000 56.000000 18.069000 -18.069000
5508.000000 56.000000 18.550000 -18.069000
5520.000000 56.000000 19.088000 -18.040000
5532.000000 56.000000 19.485000 -17.956000
5544.000000 56.000000 19.995000 -17.927000
5556.000000 56.000000 20.476000 -17.871000
5568.000000 56.000000 20.890125 -17.846250
5580.000000 56.000000 21.304250 -17.821500
5592.000000 56.000000 21.718375 -17.796750
5604.000000 56.000000 22.132500 -17.772000
5616.000000 56.000000 22.546625 -17.747250
5628.000000 56.000000 22.960750 -17.722500
5640.000000 56.000000 23.374875 -17.697750
5652.000000 56.000000 23.789000 -17.673000
5664.000000 56.000000 24.203125 -17.648250
5676.000000 56.000000 24.617250 -17.623500
5688.000000 56.000000 25.031375 -17.598750
5700.000000 56.000000 25.445500 -17.574000
5496.000000 46.000000 15.237000 -16.455000
5508.000000 46.000000 14.812000 -16.539000
5520.000000 46.000000 14.444000 -16.624000
5532.000000 46.000000 13.934000 -16.624000
5544.000000 46.000000 13.424000 -16.624000
5556.000000 46.000000 12.914000 -16.624000
5568.000000 46.000000 12.405000 -16.624000
5580.000000 46.000000 11.951000 -16.624000
5592.000000 46.000000 11.540250 -16.645125
5604.000000 46.000000 11.129500 -16.666250
5616.000000 46.000000 10.718750 -16.687375
5628.000000 46.000000 10.308000 -16.708500
5640.000000 46.000000 9.897250 -16.729625
5652.000000 46.000000 9.486500 -16.750750
5664.000000 46.000000 9.075750 -16.771875
5676.000000 46.000000 8.665000 -16.793000
5688.000000 46.000000 8.254250 -16.814125
5700.000000 46.000000 7.843500 -16.835250
5712.000000 46.000000 7.432750 -16.856375
5724.000000 46.000000 7.022000 -16.877500
5712.000000 57.000000 26.622000 -16.709000
5724.000000 57.000000 27.245000 -16.709000
5736.000000 57.000000 27.755000 -16.709000
5748.000000 57.000000 28.293000 -16.709000
5760.000000 57.000000 28.916000 -16.709000
5772.000000 57.000000 29.312000 -16.709000
5784.000000 57.000000 29.737000 -16.709000
5796.000000 57.000000 30.134000 -16.709000
5808.000000 57.000000 30.573000 -16.709000
5820.000000 57.000000 31.012000 -16.709000
5832.000000 57.000000 31.451000 -16.709000
5844.000000 57.000000 31.890000 -16.709000
5856.000000 57.000000 32.329000 -16.709000
5868.000000 57.000000 32.768000 -16.709000
5880.000000 57.000000 33.207000 -16.709000
5892.000000 57.000000 33.646000 -16.709000
5904.000000 57.000000 34.085000 -16.709000
5916.000000 57.000000 34.524000 -16.709000
5928.000000 57.000000 34.963000 -16.709000
5940.000000 57.000000 35.402000 -16.709000
5760.000000 50.000000 24.724000 1.982000
5772.000000 50.000000 24.866000 1.784000
5784.000000 50.000000 25.064000 1.784000
5796.000000 50.000000 25.631000 1.982000
5808.000000 50.000000 26.254000 1.982000
5820.000000 50.000000 26.820000 1.982000
5832.000000 50.000000 27.358000 1.982000
5844.000000 50.000000 27.981000 1.982000
5856.000000 50.000000 28.388125 1.982000
5868.000000 50.000000 28.795250 1.982000
5880.000000 50.000000 29.202375 1.982000
5892.000000 50.000000 29.609500 1.982000
5904.000000 50.000000 30.016625 1.982000
5916.000000 50.000000 30.423750 1.982000
5928.000000 50.000000 30.830875 1.982000
5940.000000 50.000000 31.238000 1.982000
5952.000000 50.000000 31.645125 1.982000
5964.000000 50.000000 32.052250 1.982000
5976.000000 50.000000 32.459375 1.982000
5988.000000 50.000000 32.866500 1.982000
6156.000000 51.000000 32.428000 -19.287000
6168.000000 51.000000 31.918000 -19.117000
6180.000000 51.000000 31.493000 -18.833000
6192.000000 51.000000 30.955000 -18.664000
6204.000000 51.000000 30.558000 -18.380000
6216.000000 51.000000 30.162000 -18.324000
6228.000000 51.000000 29.624000 -18.324000
6240.000000 51.000000 29.114000 -18.324000
6252.000000 51.000000 28.699750 -18.203625
6264.000000 51.000000 28.285500 -18.083250
6276.000000 51.000000 27.871250 -17.962875
6288.000000 51.000000 27.457000 -17.842500
6300.000000 51.000000 27.042750 -17.722125
6312.000000 51.000000 26.628500 -17.601750
6324.000000 51.000000 26.214250 -17.481375
6336.000000 51.000000 25.800000 -17.361000
6348.000000 51.000000 25.385750 -17.240625
6360.000000 51.000000 24.971500 -17.120250
6372.000000 51.000000 24.557250 -16.999875
6384.000000 51.000000 24.143000 -16.879500
6156.000000 53.000000 32.994000 -18.720000
6168.000000 53.000000 32.456000 -18.437000
6180.000000 53.000000 31.946000 -18.182000
6192.000000 53.000000 31.436000 -17.927000
6204.000000 53.000000 30.813000 -17.927000
6216.000000 53.000000 30.303000 -17.814000
6228.000000 53.000000 29.680000 -17.814000
6240.000000 53.000000 29.284000 -17.814000
6252.000000 53.000000 28.820250 -17.700750
6264.000000 53.000000 28.356500 -17.587500
6276.000000 53.000000 27.892750 -17.474250
6288.000000 53.000000 27.429000 -17.361000
6300.000000 53.000000 26.965250 -17.247750
6312.000000 53.000000 26.501500 -17.134500
6324.000000 53.000000 26.037750 -17.021250
6336.000000 53.000000 25.574000 -16.908000
6348.000000 53.000000 25.110250 -16.794750
6360.000000 53.000000 24.646500 -16.681500
6372.000000 53.000000 24.182750 -16.568250
6384.000000 53.000000 23.719000 -16.455000
6396.000000 54.000000 22.657000 -17.729000
6408.000000 54.000000 22.119000 -17.644000
6420.000000 54.000000 21.609000 -17.474000
6432.000000 54.000000 21.071000 -17.474000
6444.000000 54.000000 20.561000 -17.474000
6456.000000 54.000000 20.051000 -17.389000
6468.000000 54.000000 19.541000 -17.389000
6480.000000 54.000000 19.032000 -17.304000
6492.000000 54.000000 18.578875 -17.250875
6504.000000 54.000000 18.125750 -17.197750
6516.000000 54.000000 17.672625 -17.144625
6528.000000 54.000000 17.219500 -17.091500
6540.000000 54.000000 16.766375 -17.038375
6552.000000 54.000000 16.313250 -16.985250
6564.000000 54.000000 15.860125 -16.932125
6576.000000 54.000000 15.407000 -16.879000
6588.000000 54.000000 14.953875 -16.825875
6600.000000 54.000000 14.500750 -16.772750
6612.000000 54.000000 14.047625 -16.719625
6624.000000 54.000000 13.594500 -16.666500
8028.000000 52.000000 25.631000 -8.949000
8040.000000 52.000000 26.140000 -9.063000
8052.000000 52.000000 26.678000 -9.233000
8064.000000 52.000000 27.103000 -9.403000
8076.000000 52.000000 27.613000 -9.572000
8088.000000 52.000000 28.123000 -9.742000
8100.000000 52.000000 28.633000 -9.856000
8112.000000 52.000000 29.142000 -10.026000
8124.000000 52.000000 29.580875 -10.160625
8136.000000 52.000000 30.019750 -10.295250
8148.000000 52.000000 30.458625 -10.429875
8160.000000 52.000000 30.897500 -10.564500
8172.000000 52.000000 31.336375 -10.699125
8184.000000 52.000000 31.775250 -10.833750
8196.000000 52.000000 32.214125 -10.968375
8208.000000 52.000000 32.653000 -11.103000
8220.000000 52.000000 33.091875 -11.237625
8232.000000 52.000000 33.530750 -11.372250
8244.000000 52.000000 33.969625 -11.506875
8256.000000 52.000000 34.408500 -11.641500
8040.000000 58.000000 33.362000 -15.180000
8052.000000 58.000000 33.136000 -14.274000
8064.000000 58.000000 33.051000 -13.254000
8076.000000 58.000000 33.051000 -12.744000
8088.000000 58.000000 33.051000 -12.575000
8100.000000 58.000000 33.051000 -12.405000
8112.000000 58.000000 32.937000 -12.121000
8124.000000 58.000000 32.937000 -11.612000
8136.000000 58.000000 32.883875 -11.166000
8148.000000 58.000000 32.830750 -10.720000
8160.000000 58.000000 32.777625 -10.274000
8172.000000 58.000000 32.724500 -9.828000
8184.000000 58.000000 32.671375 -9.382000
8196.000000 58.000000 32.618250 -8.936000
8208.000000 58.000000 32.565125 -8.490000
8220.000000 58.000000 32.512000 -8.044000
8232.000000 58.000000 32.458875 -7.598000
8244.000000 58.000000 32.405750 -7.152000
8256.000000 58.000000 32.352625 -6.706000
8268.000000 58.000000 32.299500 -6.260000
8280.000000 59.000000 32.003000 -4.531000
8292.000000 59.000000 32.003000 -4.022000
8304.000000 59.000000 32.003000 -3.455000
8316.000000 59.000000 32.003000 -2.860000
8328.000000 59.000000 32.116000 -2.266000
8340.000000 59.000000 32.116000 -1.643000
8352.000000 59.000000 32.116000 -1.076000
8364.000000 59.000000 32.116000 -0.566000
8376.000000 59.000000 32.130125 -0.070375
8388.000000 59.000000 32.144250 0.425250
8400.000000 59.000000 32.158375 0.920875
8412.000000 59.000000 32.172500 1.416500
8424.000000 59.000000 32.186625 1.912125
8436.000000 59.000000 32.200750 2.407750
8448.000000 59.000000 32.214875 2.903375
8460.000000 59.000000 32.229000 3.399000
8472.000000 59.000000 32.243125 3.894625
8484.000000 59.000000 32.257250 4.390250
8496.000000 59.000000 32.271375 4.885875
8508.000000 59.000000 32.285500 5.381500
9252.000000 60.000000 5.296000 -21.581000
9264.000000 60.000000 4.843000 -21.467000
9276.000000 60.000000 5.353000 -21.043000
9288.000000 60.000000 5.862000 -20.618000
9300.000000 60.000000 6.372000 -20.250000
9312.000000 60.000000 6.995000 -19.825000
9324.000000 60.000000 7.420000 -19.428000
9336.000000 60.000000 7.845000 -19.032000
9348.000000 60.000000 8.163625 -18.713375
9360.000000 60.000000 8.482250 -18.394750
9372.000000 60.000000 8.800875 -18.076125
9384.000000 60.000000 9.119500 -17.757500
9396.000000 60.000000 9.438125 -17.438875
9408.000000 60.000000 9.756750 -17.120250
9420.000000 60.000000 10.075375 -16.801625
9432.000000 60.000000 10.394000 -16.483000
9444.000000 60.000000 10.712625 -16.164375
9456.000000 60.000000 11.031250 -15.845750
9468.000000 60.000000 11.349875 -15.527125
9480.000000 60.000000 11.668500 -15.208500
9492.000000 61.000000 16.341000 -16.709000
9504.000000 61.000000 17.049000 -16.766000
9516.000000 61.000000 17.757000 -16.766000
9528.000000 61.000000 18.437000 -16.794000
9540.000000 61.000000 19.230000 -16.851000
9552.000000 61.000000 19.881000 -16.823000
9564.000000 61.000000 20.674000 -16.851000
9576.000000 61.000000 21.411000 -16.908000
9588.000000 61.000000 22.044750 -16.932875
9600.000000 61.000000 22.678500 -16.957750
9612.000000 61.000000 23.312250 -16.982625
9624.000000 61.000000 23.946000 -17.007500
9636.000000 61.000000 24.579750 -17.032375
9648.000000 61.000000 25.213500 -17.057250
9660.000000 61.000000 25.847250 -17.082125
9672.000000 61.000000 26.481000 -17.107000
9684.000000 61.000000 27.114750 -17.131875
9696.000000 61.000000 27.748500 -17.156750
9708.000000 61.000000 28.382250 -17.181625
9720.000000 61.000000 29.016000 -17.206500