0.000000 1.000000 16.085000 13.733000
12.000000 1.000000 15.567000 13.889000
24.000000 1.000000 15.082000 14.027000
36.000000 1.000000 14.563000 14.166000
48.000000 1.000000 14.079000 14.304000
60.000000 1.000000 13.595000 14.442000
72.000000 1.000000 13.111000 14.581000
84.000000 1.000000 12.782000 14.719000
96.000000 1.000000 12.369125 14.842250
108.000000 1.000000 11.956250 14.965500
120.000000 1.000000 11.543375 15.088750
132.000000 1.000000 11.130500 15.212000
144.000000 1.000000 10.717625 15.335250
156.000000 1.000000 10.304750 15.458500
168.000000 1.000000 9.891875 15.581750
180.000000 1.000000 9.479000 15.705000
192.000000 1.000000 9.066125 15.828250
204.000000 1.000000 8.653250 15.951500
216.000000 1.000000 8.240375 16.074750
228.000000 1.000000 7.827500 16.198000
0.000000 5.000000 -18.455000 11.364000
12.000000 5.000000 -17.953000 11.364000
24.000000 5.000000 -17.435000 11.364000
36.000000 5.000000 -16.916000 11.364000
48.000000 5.000000 -16.397000 11.364000
60.000000 5.000000 -15.878000 11.364000
72.000000 5.000000 -15.359000 11.364000
84.000000 5.000000 -14.979000 11.364000
96.000000 5.000000 -14.544500 11.364000
108.000000 5.000000 -14.110000 11.364000
120.000000 5.000000 -13.675500 11.364000
132.000000 5.000000 -13.241000 11.364000
144.000000 5.000000 -12.806500 11.364000
156.000000 5.000000 -12.372000 11.364000
168.000000 5.000000 -11.937500 11.364000
180.000000 5.000000 -11.503000 11.364000
192.000000 5.000000 -11.068500 11.364000
204.000000 5.000000 -10.634000 11.364000
216.000000 5.000000 -10.199500 11.364000
228.000000 5.000000 -9.765000 11.364000
0.000000 7.000000 -19.977000 -5.275000
12.000000 7.000000 -19.839000 -5.552000
24.000000 7.000000 -19.718000 -5.690000
36.000000 7.000000 -19.597000 -5.967000
48.000000 7.000000 -19.458000 -6.106000
60.000000 7.000000 -19.130000 -6.106000
72.000000 7.000000 -18.732000 -6.106000
84.000000 7.000000 -18.490000 -6.244000
96.000000 7.000000 -18.304125 -6.365125
108.000000 7.000000 -18.118250 -6.486250
120.000000 7.000000 -17.932375 -6.607375
132.000000 7.000000 -17.746500 -6.728500
144.000000 7.000000 -17.560625 -6.849625
156.000000 7.000000 -17.374750 -6.970750
168.000000 7.000000 -17.188875 -7.091875
180.000000 7.000000 -17.003000 -7.213000
192.000000 7.000000 -16.817125 -7.334125
204.000000 7.000000 -16.631250 -7.455250
216.000000 7.000000 -16.445375 -7.576375
228.000000 7.000000 -16.259500 -7.697500
0.000000 10.000000 16.501000 -0.017000
12.000000 10.000000 16.501000 -0.017000
24.000000 10.000000 16.501000 -0.017000
36.000000 10.000000 16.501000 -0.017000
48.000000 10.000000 16.501000 -0.017000
60.000000 10.000000 16.501000 -0.017000
72.000000 10.000000 16.501000 -0.017000
84.000000 10.000000 16.501000 -0.017000
96.000000 10.000000 16.501000 -0.017000
108.000000 10.000000 16.501000 -0.017000
120.000000 10.000000 16.501000 -0.017000
132.000000 10.000000 16.501000 -0.017000
144.000000 10.000000 16.501000 -0.017000
156.000000 10.000000 16.501000 -0.017000
168.000000 10.000000 16.501000 -0.017000
180.000000 10.000000 16.501000 -0.017000
192.000000 10.000000 16.501000 -0.017000
204.000000 10.000000 16.501000 -0.017000
216.000000 10.000000 16.501000 -0.017000
228.000000 10.000000 16.501000 -0.017000
0.000000 12.000000 6.002000 10.533000
12.000000 12.000000 6.382000 10.257000
24.000000 12.000000 6.832000 10.118000
36.000000 12.000000 7.299000 9.963000
48.000000 12.000000 7.766000 9.824000
60.000000 12.000000 8.147000 9.547000
72.000000 12.000000 8.596000 9.409000
84.000000 12.000000 9.046000 9.271000
96.000000 12.000000 9.426500 9.113250
108.000000 12.000000 9.807000 8.955500
120.000000 12.000000 10.187500 8.797750
132.000000 12.000000 10.568000 8.640000
144.000000 12.000000 10.948500 8.482250
156.000000 12.000000 11.329000 8.324500
168.000000 12.000000 11.709500 8.166750
180.000000 12.000000 12.090000 8.009000
192.000000 12.000000 12.470500 7.851250
204.000000 12.000000 12.851000 7.693500
216.000000 12.000000 13.231500 7.535750
228.000000 12.000000 13.612000 7.378000
108.000000 3.000000 -21.638000 44.157000
120.000000 3.000000 -21.361000 43.742000
132.000000 3.000000 -20.980000 43.586000
144.000000 3.000000 -20.600000 43.448000
156.000000 3.000000 -20.202000 43.310000
168.000000 3.000000 -19.804000 43.171000
180.000000 3.000000 -19.424000 43.033000
192.000000 3.000000 -19.043000 43.033000
204.000000 3.000000 -18.718625 42.892500
216.000000 3.000000 -18.394250 42.752000
228.000000 3.000000 -18.069875 42.611500
240.000000 3.000000 -17.745500 42.471000
252.000000 3.000000 -17.421125 42.330500
264.000000 3.000000 -17.096750 42.190000
276.000000 3.000000 -16.772375 42.049500
288.000000 3.000000 -16.448000 41.909000
300.000000 3.000000 -16.123625 41.768500
312.000000 3.000000 -15.799250 41.628000
324.000000 3.000000 -15.474875 41.487500
336.000000 3.000000 -15.150500 41.347000
240.000000 2.000000 6.555000 15.982000
252.000000 2.000000 6.036000 15.982000
264.000000 2.000000 5.517000 16.120000
276.000000 2.000000 5.050000 16.258000
288.000000 2.000000 4.532000 16.258000
300.000000 2.000000 4.220000 16.397000
312.000000 2.000000 3.892000 16.674000
324.000000 2.000000 3.632000 16.812000
336.000000 2.000000 3.266625 16.915750
348.000000 2.000000 2.901250 17.019500
360.000000 2.000000 2.535875 17.123250
372.000000 2.000000 2.170500 17.227000
384.000000 2.000000 1.805125 17.330750
396.000000 2.000000 1.439750 17.434500
408.000000 2.000000 1.074375 17.538250
420.000000 2.000000 0.709000 17.642000
432.000000 2.000000 0.343625 17.745750
444.000000 2.000000 -0.021750 17.849500
456.000000 2.000000 -0.387125 17.953250
468.000000 2.000000 -0.752500 18.057000
240.000000 6.000000 -10.343000 11.848000
252.000000 6.000000 -10.049000 11.848000
264.000000 6.000000 -9.686000 11.848000
276.000000 6.000000 -9.409000 11.848000
288.000000 6.000000 -9.046000 11.848000
300.000000 6.000000 -8.683000 11.917000
312.000000 6.000000 -7.956000 11.917000
324.000000 6.000000 -7.645000 11.917000
336.000000 6.000000 -7.307750 11.925625
348.000000 6.000000 -6.970500 11.934250
360.000000 6.000000 -6.633250 11.942875
372.000000 6.000000 -6.296000 11.951500
384.000000 6.000000 -5.958750 11.960125
396.000000 6.000000 -5.621500 11.968750
408.000000 6.000000 -5.284250 11.977375
420.000000 6.000000 -4.947000 11.986000
432.000000 6.000000 -4.609750 11.994625
444.000000 6.000000 -4.272500 12.003250
456.000000 6.000000 -3.935250 12.011875
468.000000 6.000000 -3.598000 12.020500
240.000000 8.000000 -18.282000 -6.659000
252.000000 8.000000 -18.282000 -6.659000
264.000000 8.000000 -18.282000 -6.659000
276.000000 8.000000 -18.282000 -6.659000
288.000000 8.000000 -18.282000 -6.659000
300.000000 8.000000 -18.282000 -6.659000
312.000000 8.000000 -18.282000 -6.659000
324.000000 8.000000 -18.282000 -6.659000
336.000000 8.000000 -18.282000 -6.659000
348.000000 8.000000 -18.282000 -6.659000
360.000000 8.000000 -18.282000 -6.659000
372.000000 8.000000 -18.282000 -6.659000
384.000000 8.000000 -18.282000 -6.659000
396.000000 8.000000 -18.282000 -6.659000
408.000000 8.000000 -18.282000 -6.659000
420.000000 8.000000 -18.282000 -6.659000
432.000000 8.000000 -18.282000 -6.659000
444.000000 8.000000 -18.282000 -6.659000
456.000000 8.000000 -18.282000 -6.659000
468.000000 8.000000 -18.282000 -6.659000
240.000000 11.000000 16.501000 -0.017000
252.000000 11.000000 16.501000 -0.017000
264.000000 11.000000 16.501000 -0.017000
276.000000 11.000000 16.501000 -0.017000
288.000000 11.000000 16.501000 -0.017000
300.000000 11.000000 16.501000 -0.017000
312.000000 11.000000 16.501000 -0.017000
324.000000 11.000000 16.501000 -0.017000
336.000000 11.000000 16.501000 -0.017000
348.000000 11.000000 16.501000 -0.017000
360.000000 11.000000 16.501000 -0.017000
372.000000 11.000000 16.501000 -0.017000
384.000000 11.000000 16.501000 -0.017000
396.000000 11.000000 16.501000 -0.017000
408.000000 11.000000 16.501000 -0.017000
420.000000 11.000000 16.501000 -0.017000
432.000000 11.000000 16.501000 -0.017000
444.000000 11.000000 16.501000 -0.017000
456.000000 11.000000 16.501000 -0.017000
468.000000 11.000000 16.501000 -0.017000
324.000000 9.000000 20.167000 41.494000
336.000000 9.000000 19.787000 41.494000
348.000000 9.000000 19.337000 41.494000
360.000000 9.000000 18.939000 41.494000
372.000000 9.000000 18.542000 41.078000
384.000000 9.000000 18.161000 40.802000
396.000000 9.000000 17.902000 40.231000
408.000000 9.000000 17.573000 39.747000
420.000000 9.000000 17.248750 39.528625
432.000000 9.000000 16.924500 39.310250
444.000000 9.000000 16.600250 39.091875
456.000000 9.000000 16.276000 38.873500
468.000000 9.000000 15.951750 38.655125
480.000000 9.000000 15.627500 38.436750
492.000000 9.000000 15.303250 38.218375
504.000000 9.000000 14.979000 38.000000
516.000000 9.000000 14.654750 37.781625
528.000000 9.000000 14.330500 37.563250
540.000000 9.000000 14.006250 37.344875
552.000000 9.000000 13.682000 37.126500
348.000000 4.000000 -14.131000 41.217000
360.000000 4.000000 -13.941000 40.940000
372.000000 4.000000 -13.750000 40.663000
384.000000 4.000000 -13.543000 40.387000
396.000000 4.000000 -13.543000 39.816000
408.000000 4.000000 -13.543000 39.401000
420.000000 4.000000 -13.543000 38.968000
432.000000 4.000000 -13.491000 38.553000
444.000000 4.000000 -13.411000 38.220000
456.000000 4.000000 -13.331000 37.887000
468.000000 4.000000 -13.251000 37.554000
480.000000 4.000000 -13.171000 37.221000
492.000000 4.000000 -13.091000 36.888000
504.000000 4.000000 -13.011000 36.555000
516.000000 4.000000 -12.931000 36.222000
528.000000 4.000000 -12.851000 35.889000
540.000000 4.000000 -12.771000 35.556000
552.000000 4.000000 -12.691000 35.223000
564.000000 4.000000 -12.611000 34.890000
576.000000 4.000000 -12.531000 34.557000