0.000000 129.000000 13.101000 5.980000
12.000000 129.000000 12.359000 5.980000
24.000000 129.000000 11.631000 5.980000
36.000000 129.000000 10.903000 5.980000
48.000000 129.000000 10.161000 5.980000
60.000000 129.000000 9.476000 6.094000
72.000000 129.000000 8.691000 6.094000
84.000000 129.000000 7.906000 6.094000
96.000000 129.000000 7.256625 6.108250
108.000000 129.000000 6.607250 6.122500
120.000000 129.000000 5.957875 6.136750
132.000000 129.000000 5.308500 6.151000
144.000000 129.000000 4.659125 6.165250
156.000000 129.000000 4.009750 6.179500
168.000000 129.000000 3.360375 6.193750
180.000000 129.000000 2.711000 6.208000
192.000000 129.000000 2.061625 6.222250
204.000000 129.000000 1.412250 6.236500
216.000000 129.000000 0.762875 6.250750
228.000000 129.000000 0.113500 6.265000
0.000000 112.000000 -19.866000 18.696000
12.000000 112.000000 -19.866000 18.696000
24.000000 112.000000 -19.809000 18.696000
36.000000 112.000000 -19.766000 18.696000
48.000000 112.000000 -19.709000 18.696000
60.000000 112.000000 -19.652000 18.696000
72.000000 112.000000 -19.595000 18.696000
84.000000 112.000000 -19.595000 18.696000
96.000000 112.000000 -19.561125 18.696000
108.000000 112.000000 -19.527250 18.696000
120.000000 112.000000 -19.493375 18.696000
132.000000 112.000000 -19.459500 18.696000
144.000000 112.000000 -19.425625 18.696000
156.000000 112.000000 -19.391750 18.696000
168.000000 112.000000 -19.357875 18.696000
180.000000 112.000000 -19.324000 18.696000
192.000000 112.000000 -19.290125 18.696000
204.000000 112.000000 -19.256250 18.696000
216.000000 112.000000 -19.222375 18.696000
228.000000 112.000000 -19.188500 18.696000
60.000000 141.000000 -8.206000 27.844000
72.000000 141.000000 -8.649000 27.844000
84.000000 141.000000 -9.020000 28.072000
96.000000 141.000000 -9.376000 28.415000
108.000000 141.000000 -9.648000 28.301000
120.000000 141.000000 -9.862000 27.958000
132.000000 141.000000 -9.844000 27.958000
144.000000 141.000000 -9.823000 27.957000
156.000000 141.000000 -10.025125 27.971125
168.000000 141.000000 -10.227250 27.985250
180.000000 141.000000 -10.429375 27.999375
192.000000 141.000000 -10.631500 28.013500
204.000000 141.000000 -10.833625 28.027625
216.000000 141.000000 -11.035750 28.041750
228.000000 141.000000 -11.237875 28.055875
240.000000 141.000000 -11.440000 28.070000
252.000000 141.000000 -11.642125 28.084125
264.000000 141.000000 -11.844250 28.098250
276.000000 141.000000 -12.046375 28.112375
288.000000 141.000000 -12.248500 28.126500
60.000000 117.000000 -2.298000 34.238000
72.000000 117.000000 -2.412000 34.609000
84.000000 117.000000 -2.612000 34.837000
96.000000 117.000000 -2.840000 34.837000
108.000000 117.000000 -3.097000 34.951000
120.000000 117.000000 -3.297000 34.951000
132.000000 117.000000 -3.668000 34.951000
144.000000 117.000000 -4.196000 34.837000
156.000000 117.000000 -4.433250 34.911875
168.000000 117.000000 -4.670500 34.986750
180.000000 117.000000 -4.907750 35.061625
192.000000 117.000000 -5.145000 35.136500
204.000000 117.000000 -5.382250 35.211375
216.000000 117.000000 -5.619500 35.286250
228.000000 117.000000 -5.856750 35.361125
240.000000 117.000000 -6.094000 35.436000
252.000000 117.000000 -6.331250 35.510875
264.000000 117.000000 -6.568500 35.585750
276.000000 117.000000 -6.805750 35.660625
288.000000 117.000000 -7.043000 35.735500
108.000000 131.000000 16.312000 7.293000
120.000000 131.000000 15.670000 6.836000
132.000000 131.000000 15.042000 6.836000
144.000000 131.000000 14.414000 6.836000
156.000000 131.000000 13.786000 6.836000
168.000000 131.000000 13.201000 6.836000
180.000000 131.000000 12.573000 6.836000
192.000000 131.000000 11.945000 6.722000
204.000000 131.000000 11.399125 6.650625
216.000000 131.000000 10.853250 6.579250
228.000000 131.000000 10.307375 6.507875
240.000000 131.000000 9.761500 6.436500
252.000000 131.000000 9.215625 6.365125
264.000000 131.000000 8.669750 6.293750
276.000000 131.000000 8.123875 6.222375
288.000000 131.000000 7.578000 6.151000
300.000000 131.000000 7.032125 6.079625
312.000000 131.000000 6.486250 6.008250
324.000000 131.000000 5.940375 5.936875
336.000000 131.000000 5.394500 5.865500
240.000000 130.000000 -0.999000 6.436000
252.000000 130.000000 -1.727000 6.436000
264.000000 130.000000 -2.469000 6.436000
276.000000 130.000000 -3.197000 6.436000
288.000000 130.000000 -3.939000 6.436000
300.000000 130.000000 -4.667000 6.436000
312.000000 130.000000 -5.395000 6.436000
324.000000 130.000000 -6.194000 6.436000
336.000000 130.000000 -6.843375 6.436000
348.000000 130.000000 -7.492750 6.436000
360.000000 130.000000 -8.142125 6.436000
372.000000 130.000000 -8.791500 6.436000
384.000000 130.000000 -9.440875 6.436000
396.000000 130.000000 -10.090250 6.436000
408.000000 130.000000 -10.739625 6.436000
420.000000 130.000000 -11.389000 6.436000
432.000000 130.000000 -12.038375 6.436000
444.000000 130.000000 -12.687750 6.436000
456.000000 130.000000 -13.337125 6.436000
468.000000 130.000000 -13.986500 6.436000
240.000000 113.000000 -18.182000 18.422000
252.000000 113.000000 -18.239000 18.433000
264.000000 113.000000 -18.295000 18.444000
276.000000 113.000000 -18.352000 18.456000
288.000000 113.000000 -18.408000 18.467000
300.000000 113.000000 -18.465000 18.478000
312.000000 113.000000 -18.521000 18.490000
324.000000 113.000000 -18.578000 18.501000
336.000000 113.000000 -18.627500 18.510875
348.000000 113.000000 -18.677000 18.520750
360.000000 113.000000 -18.726500 18.530625
372.000000 113.000000 -18.776000 18.540500
384.000000 113.000000 -18.825500 18.550375
396.000000 113.000000 -18.875000 18.560250
408.000000 113.000000 -18.924500 18.570125
420.000000 113.000000 -18.974000 18.580000
432.000000 113.000000 -19.023500 18.589875
444.000000 113.000000 -19.073000 18.599750
456.000000 113.000000 -19.122500 18.609625
468.000000 113.000000 -19.172000 18.619500
300.000000 142.000000 -9.547000 27.952000
312.000000 142.000000 -9.526000 27.952000
324.000000 142.000000 -9.505000 27.951000
336.000000 142.000000 -9.483000 27.951000
348.000000 142.000000 -9.462000 27.951000
360.000000 142.000000 -9.441000 27.950000
372.000000 142.000000 -9.420000 27.950000
384.000000 142.000000 -9.399000 27.949000
396.000000 142.000000 -9.380500 27.948625
408.000000 142.000000 -9.362000 27.948250
420.000000 142.000000 -9.343500 27.947875
432.000000 142.000000 -9.325000 27.947500
444.000000 142.000000 -9.306500 27.947125
456.000000 142.000000 -9.288000 27.946750
468.000000 142.000000 -9.269500 27.946375
480.000000 142.000000 -9.251000 27.946000
492.000000 142.000000 -9.232500 27.945625
504.000000 142.000000 -9.214000 27.945250
516.000000 142.000000 -9.195500 27.944875
528.000000 142.000000 -9.177000 27.944500
300.000000 118.000000 -6.103000 34.750000
312.000000 118.000000 -5.914000 34.754000
324.000000 118.000000 -5.725000 34.759000
336.000000 118.000000 -5.537000 34.764000
348.000000 118.000000 -5.348000 34.768000
360.000000 118.000000 -5.159000 34.772000
372.000000 118.000000 -4.970000 34.777000
384.000000 118.000000 -4.782000 34.782000
396.000000 118.000000 -4.616875 34.786000
408.000000 118.000000 -4.451750 34.790000
420.000000 118.000000 -4.286625 34.794000
432.000000 118.000000 -4.121500 34.798000
444.000000 118.000000 -3.956375 34.802000
456.000000 118.000000 -3.791250 34.806000
468.000000 118.000000 -3.626125 34.810000
480.000000 118.000000 -3.461000 34.814000
492.000000 118.000000 -3.295875 34.818000
504.000000 118.000000 -3.130750 34.822000
516.000000 118.000000 -2.965625 34.826000
528.000000 118.000000 -2.800500 34.830000
348.000000 132.000000 3.825000 6.494000
360.000000 132.000000 3.197000 6.494000
372.000000 132.000000 2.512000 6.494000
384.000000 132.000000 1.827000 6.379000
396.000000 132.000000 1.156000 6.379000
408.000000 132.000000 0.471000 6.379000
420.000000 132.000000 -0.157000 6.251000
432.000000 132.000000 -0.842000 6.251000
444.000000 132.000000 -1.425375 6.220625
456.000000 132.000000 -2.008750 6.190250
468.000000 132.000000 -2.592125 6.159875
480.000000 132.000000 -3.175500 6.129500
492.000000 132.000000 -3.758875 6.099125
504.000000 132.000000 -4.342250 6.068750
516.000000 132.000000 -4.925625 6.038375
528.000000 132.000000 -5.509000 6.008000
540.000000 132.000000 -6.092375 5.977625
552.000000 132.000000 -6.675750 5.947250
564.000000 132.000000 -7.259125 5.916875
576.000000 132.000000 -7.842500 5.886500
528.000000 139.000000 -14.928000 38.176000
540.000000 139.000000 -15.313000 38.348000
552.000000 139.000000 -15.513000 38.633000
564.000000 139.000000 -15.456000 38.633000
576.000000 139.000000 -15.413000 38.633000
588.000000 139.000000 -15.356000 38.633000
600.000000 139.000000 -15.256000 38.690000
612.000000 139.000000 -15.313000 38.690000
624.000000 139.000000 -15.361125 38.754250
636.000000 139.000000 -15.409250 38.818500
648.000000 139.000000 -15.457375 38.882750
660.000000 139.000000 -15.505500 38.947000
672.000000 139.000000 -15.553625 39.011250
684.000000 139.000000 -15.601750 39.075500
696.000000 139.000000 -15.649875 39.139750
708.000000 139.000000 -15.698000 39.204000
720.000000 139.000000 -15.746125 39.268250
732.000000 139.000000 -15.794250 39.332500
744.000000 139.000000 -15.842375 39.396750
756.000000 139.000000 -15.890500 39.461000
768.000000 140.000000 -15.570000 38.774000
780.000000 140.000000 -15.570000 38.776000
792.000000 140.000000 -15.570000 38.778000
804.000000 140.000000 -15.570000 38.780000
816.000000 140.000000 -15.570000 38.782000
828.000000 140.000000 -15.570000 38.784000
840.000000 140.000000 -15.570000 38.786000
852.000000 140.000000 -15.570000 38.788000
864.000000 140.000000 -15.570000 38.789750
876.000000 140.000000 -15.570000 38.791500
888.000000 140.000000 -15.570000 38.793250
900.000000 140.000000 -15.570000 38.795000
912.000000 140.000000 -15.570000 38.796750
924.000000 140.000000 -15.570000 38.798500
936.000000 140.000000 -15.570000 38.800250
948.000000 140.000000 -15.570000 38.802000
960.000000 140.000000 -15.570000 38.803750
972.000000 140.000000 -15.570000 38.805500
984.000000 140.000000 -15.570000 38.807250
996.000000 140.000000 -15.570000 38.809000
1416.000000 160.000000 -15.913000 18.753000
1428.000000 160.000000 -16.484000 18.753000
1440.000000 160.000000 -17.055000 18.753000
1452.000000 160.000000 -17.640000 18.753000
1464.000000 160.000000 -18.196000 18.810000
1476.000000 160.000000 -18.767000 18.810000
1488.000000 160.000000 -19.338000 18.810000
1500.000000 160.000000 -19.809000 18.810000
1512.000000 160.000000 -20.296000 18.817125
1524.000000 160.000000 -20.783000 18.824250
1536.000000 160.000000 -21.270000 18.831375
1548.000000 160.000000 -21.757000 18.838500
1560.000000 160.000000 -22.244000 18.845625
1572.000000 160.000000 -22.731000 18.852750
1584.000000 160.000000 -23.218000 18.859875
1596.000000 160.000000 -23.705000 18.867000
1608.000000 160.000000 -24.192000 18.874125
1620.000000 160.000000 -24.679000 18.881250
1632.000000 160.000000 -25.166000 18.888375
1644.000000 160.000000 -25.653000 18.895500
1524.000000 5.000000 12.944000 5.209000
1536.000000 5.000000 12.473000 5.209000
1548.000000 5.000000 11.945000 5.323000
1560.000000 5.000000 11.417000 5.323000
1572.000000 5.000000 10.946000 5.452000
1584.000000 5.000000 10.433000 5.452000
1596.000000 5.000000 9.904000 5.566000
1608.000000 5.000000 9.434000 5.566000
1620.000000 5.000000 8.995250 5.610625
1632.000000 5.000000 8.556500 5.655250
1644.000000 5.000000 8.117750 5.699875
1656.000000 5.000000 7.679000 5.744500
1668.000000 5.000000 7.240250 5.789125
1680.000000 5.000000 6.801500 5.833750
1692.000000 5.000000 6.362750 5.878375
1704.000000 5.000000 5.924000 5.923000
1716.000000 5.000000 5.485250 5.967625
1728.000000 5.000000 5.046500 6.012250
1740.000000 5.000000 4.607750 6.056875
1752.000000 5.000000 4.169000 6.101500
1656.000000 161.000000 -19.937000 18.225000
1668.000000 161.000000 -19.966000 18.225000
1680.000000 161.000000 -19.966000 18.168000
1692.000000 161.000000 -19.966000 18.168000
1704.000000 161.000000 -19.994000 18.111000
1716.000000 161.000000 -19.994000 18.054000
1728.000000 161.000000 -19.994000 18.054000
1740.000000 161.000000 -20.009000 17.996000
1752.000000 161.000000 -20.018000 17.967375
1764.000000 161.000000 -20.027000 17.938750
1776.000000 161.000000 -20.036000 17.910125
1788.000000 161.000000 -20.045000 17.881500
1800.000000 161.000000 -20.054000 17.852875
1812.000000 161.000000 -20.063000 17.824250
1824.000000 161.000000 -20.072000 17.795625
1836.000000 161.000000 -20.081000 17.767000
1848.000000 161.000000 -20.090000 17.738375
1860.000000 161.000000 -20.099000 17.709750
1872.000000 161.000000 -20.108000 17.681125
1884.000000 161.000000 -20.117000 17.652500
1764.000000 6.000000 3.083000 5.694000
1776.000000 6.000000 2.569000 5.694000
1788.000000 6.000000 2.041000 5.694000
1800.000000 6.000000 1.513000 5.694000
1812.000000 6.000000 0.999000 5.694000
1824.000000 6.000000 0.471000 5.694000
1836.000000 6.000000 -0.057000 5.694000
1848.000000 6.000000 -0.571000 5.694000
1860.000000 6.000000 -1.027750 5.694000
1872.000000 6.000000 -1.484500 5.694000
1884.000000 6.000000 -1.941250 5.694000
1896.000000 6.000000 -2.398000 5.694000
1908.000000 6.000000 -2.854750 5.694000
1920.000000 6.000000 -3.311500 5.694000
1932.000000 6.000000 -3.768250 5.694000
1944.000000 6.000000 -4.225000 5.694000
1956.000000 6.000000 -4.681750 5.694000
1968.000000 6.000000 -5.138500 5.694000
1980.000000 6.000000 -5.595250 5.694000
1992.000000 6.000000 -6.052000 5.694000
2004.000000 7.000000 -7.635000 5.623000
2016.000000 7.000000 -8.063000 5.680000
2028.000000 7.000000 -8.520000 5.680000
2040.000000 7.000000 -8.977000 5.623000
2052.000000 7.000000 -9.405000 5.680000
2064.000000 7.000000 -9.862000 5.680000
2076.000000 7.000000 -10.375000 5.623000
2088.000000 7.000000 -10.961000 5.623000
2100.000000 7.000000 -11.376750 5.623000
2112.000000 7.000000 -11.792500 5.623000
2124.000000 7.000000 -12.208250 5.623000
2136.000000 7.000000 -12.624000 5.623000
2148.000000 7.000000 -13.039750 5.623000
2160.000000 7.000000 -13.455500 5.623000
2172.000000 7.000000 -13.871250 5.623000
2184.000000 7.000000 -14.287000 5.623000
2196.000000 7.000000 -14.702750 5.623000
2208.000000 7.000000 -15.118500 5.623000
2220.000000 7.000000 -15.534250 5.623000
2232.000000 7.000000 -15.950000 5.623000
2052.000000 8.000000 -0.257000 17.540000
2064.000000 8.000000 -0.942000 17.540000
2076.000000 8.000000 -1.570000 17.426000
2088.000000 8.000000 -2.198000 17.426000
2100.000000 8.000000 -2.826000 17.426000
2112.000000 8.000000 -3.454000 17.311000
2124.000000 8.000000 -4.039000 17.311000
2136.000000 8.000000 -4.667000 17.311000
2148.000000 8.000000 -5.218250 17.282375
2160.000000 8.000000 -5.769500 17.253750
2172.000000 8.000000 -6.320750 17.225125
2184.000000 8.000000 -6.872000 17.196500
2196.000000 8.000000 -7.423250 17.167875
2208.000000 8.000000 -7.974500 17.139250
2220.000000 8.000000 -8.525750 17.110625
2232.000000 8.000000 -9.077000 17.082000
2244.000000 8.000000 -9.628250 17.053375
2256.000000 8.000000 -10.179500 17.024750
2268.000000 8.000000 -10.730750 16.996125
2280.000000 8.000000 -11.282000 16.967500
3228.000000 37.000000 -0.542000 17.254000
3240.000000 37.000000 -0.114000 16.798000
3252.000000 37.000000 0.457000 16.798000
3264.000000 37.000000 0.451000 17.039000
3276.000000 37.000000 0.429000 17.090000
3288.000000 37.000000 0.407000 17.141000
3300.000000 37.000000 0.385000 17.192000
3312.000000 37.000000 0.362000 17.243000
3324.000000 37.000000 0.475000 17.241625
3336.000000 37.000000 0.588000 17.240250
3348.000000 37.000000 0.701000 17.238875
3360.000000 37.000000 0.814000 17.237500
3372.000000 37.000000 0.927000 17.236125
3384.000000 37.000000 1.040000 17.234750
3396.000000 37.000000 1.153000 17.233375
3408.000000 37.000000 1.266000 17.232000
3420.000000 37.000000 1.379000 17.230625
3432.000000 37.000000 1.492000 17.229250
3444.000000 37.000000 1.605000 17.227875
3456.000000 37.000000 1.718000 17.226500
3492.000000 35.000000 1.028000 17.026000
3504.000000 35.000000 0.457000 17.140000
3516.000000 35.000000 0.128000 17.254000
3528.000000 35.000000 -0.186000 17.369000
3540.000000 35.000000 -0.500000 17.540000
3552.000000 35.000000 -0.871000 17.540000
3564.000000 35.000000 -1.185000 17.540000
3576.000000 35.000000 -1.613000 17.540000
3588.000000 35.000000 -1.943125 17.604250
3600.000000 35.000000 -2.273250 17.668500
3612.000000 35.000000 -2.603375 17.732750
3624.000000 35.000000 -2.933500 17.797000
3636.000000 35.000000 -3.263625 17.861250
3648.000000 35.000000 -3.593750 17.925500
3660.000000 35.000000 -3.923875 17.989750
3672.000000 35.000000 -4.254000 18.054000
3684.000000 35.000000 -4.584125 18.118250
3696.000000 35.000000 -4.914250 18.182500
3708.000000 35.000000 -5.244375 18.246750
3720.000000 35.000000 -5.574500 18.311000
3732.000000 36.000000 -6.265000 17.426000
3744.000000 36.000000 -6.636000 17.426000
3756.000000 36.000000 -7.007000 17.426000
3768.000000 36.000000 -7.378000 17.426000
3780.000000 36.000000 -7.721000 17.426000
3792.000000 36.000000 -8.035000 17.426000
3804.000000 36.000000 -8.406000 17.426000
3816.000000 36.000000 -8.777000 17.426000
3828.000000 36.000000 -9.091000 17.426000
3840.000000 36.000000 -9.405000 17.426000
3852.000000 36.000000 -9.719000 17.426000
3864.000000 36.000000 -10.033000 17.426000
3876.000000 36.000000 -10.347000 17.426000
3888.000000 36.000000 -10.661000 17.426000
3900.000000 36.000000 -10.975000 17.426000
3912.000000 36.000000 -11.289000 17.426000
3924.000000 36.000000 -11.603000 17.426000
3936.000000 36.000000 -11.917000 17.426000
3948.000000 36.000000 -12.231000 17.426000
3960.000000 36.000000 -12.545000 17.426000
4788.000000 74.000000 16.369000 6.494000
4800.000000 74.000000 14.985000 6.436000
4812.000000 74.000000 13.501000 6.436000
4824.000000 74.000000 11.974000 6.551000
4836.000000 74.000000 10.504000 6.551000
4848.000000 74.000000 8.963000 6.551000
4860.000000 74.000000 7.264000 6.551000
4872.000000 74.000000 5.552000 6.551000
4884.000000 74.000000 4.199875 6.558125
4896.000000 74.000000 2.847750 6.565250
4908.000000 74.000000 1.495625 6.572375
4920.000000 74.000000 0.143500 6.579500
4932.000000 74.000000 -1.208625 6.586625
4944.000000 74.000000 -2.560750 6.593750
4956.000000 74.000000 -3.912875 6.600875
4968.000000 74.000000 -5.265000 6.608000
4980.000000 74.000000 -6.617125 6.615125
4992.000000 74.000000 -7.969250 6.622250
5004.000000 74.000000 -9.321375 6.629375
5016.000000 74.000000 -10.673500 6.636500
6744.000000 152.000000 15.142000 5.866000
6756.000000 152.000000 14.115000 5.866000
6768.000000 152.000000 13.230000 5.980000
6780.000000 152.000000 12.502000 5.980000
6792.000000 152.000000 11.760000 6.094000
6804.000000 152.000000 11.132000 6.094000
6816.000000 152.000000 10.604000 6.094000
6828.000000 152.000000 10.033000 6.094000
6840.000000 152.000000 9.394375 6.122500
6852.000000 152.000000 8.755750 6.151000
6864.000000 152.000000 8.117125 6.179500
6876.000000 152.000000 7.478500 6.208000
6888.000000 152.000000 6.839875 6.236500
6900.000000 152.000000 6.201250 6.265000
6912.000000 152.000000 5.562625 6.293500
6924.000000 152.000000 4.924000 6.322000
6936.000000 152.000000 4.285375 6.350500
6948.000000 152.000000 3.646750 6.379000
6960.000000 152.000000 3.008125 6.407500
6972.000000 152.000000 2.369500 6.436000
6984.000000 150.000000 -19.652000 17.711000
6996.000000 150.000000 -19.238000 17.711000
7008.000000 150.000000 -18.467000 17.540000
7020.000000 150.000000 -18.111000 17.768000
7032.000000 150.000000 -17.640000 17.996000
7044.000000 150.000000 -16.327000 18.111000
7056.000000 150.000000 -15.071000 18.111000
7068.000000 150.000000 -13.758000 18.225000
7080.000000 150.000000 -13.021250 18.289250
7092.000000 150.000000 -12.284500 18.353500
7104.000000 150.000000 -11.547750 18.417750
7116.000000 150.000000 -10.811000 18.482000
7128.000000 150.000000 -10.074250 18.546250
7140.000000 150.000000 -9.337500 18.610500
7152.000000 150.000000 -8.600750 18.674750
7164.000000 150.000000 -7.864000 18.739000
7176.000000 150.000000 -7.127250 18.803250
7188.000000 150.000000 -6.390500 18.867500
7200.000000 150.000000 -5.653750 18.931750
7212.000000 150.000000 -4.917000 18.996000
6984.000000 153.000000 3.425000 6.094000
6996.000000 153.000000 2.854000 6.094000
7008.000000 153.000000 2.269000 6.094000
7020.000000 153.000000 1.698000 6.094000
7032.000000 153.000000 1.127000 6.094000
7044.000000 153.000000 0.500000 6.094000
7056.000000 153.000000 -0.086000 6.094000
7068.000000 153.000000 -0.656000 6.037000
7080.000000 153.000000 -1.166125 6.029875
7092.000000 153.000000 -1.676250 6.022750
7104.000000 153.000000 -2.186375 6.015625
7116.000000 153.000000 -2.696500 6.008500
7128.000000 153.000000 -3.206625 6.001375
7140.000000 153.000000 -3.716750 5.994250
7152.000000 153.000000 -4.226875 5.987125
7164.000000 153.000000 -4.737000 5.980000
7176.000000 153.000000 -5.247125 5.972875
7188.000000 153.000000 -5.757250 5.965750
7200.000000 153.000000 -6.267375 5.958625
7212.000000 153.000000 -6.777500 5.951500
7224.000000 151.000000 -6.716000 17.654000
7236.000000 151.000000 -6.712000 17.654000
7248.000000 151.000000 -6.709000 17.654000
7260.000000 151.000000 -6.705000 17.654000
7272.000000 151.000000 -6.701000 17.654000
7284.000000 151.000000 -6.698000 17.654000
7296.000000 151.000000 -6.694000 17.654000
7308.000000 151.000000 -6.691000 17.654000
7320.000000 151.000000 -6.687875 17.654000
7332.000000 151.000000 -6.684750 17.654000
7344.000000 151.000000 -6.681625 17.654000
7356.000000 151.000000 -6.678500 17.654000
7368.000000 151.000000 -6.675375 17.654000
7380.000000 151.000000 -6.672250 17.654000
7392.000000 151.000000 -6.669125 17.654000
7404.000000 151.000000 -6.666000 17.654000
7416.000000 151.000000 -6.662875 17.654000
7428.000000 151.000000 -6.659750 17.654000
7440.000000 151.000000 -6.656625 17.654000
7452.000000 151.000000 -6.653500 17.654000
7224.000000 154.000000 -8.306000 5.794000
7236.000000 154.000000 -8.920000 5.794000
7248.000000 154.000000 -9.434000 5.794000
7260.000000 154.000000 -9.904000 5.794000
7272.000000 154.000000 -10.547000 5.794000
7284.000000 154.000000 -11.118000 5.794000
7296.000000 154.000000 -11.746000 5.794000
7308.000000 154.000000 -12.316000 5.794000
7320.000000 154.000000 -12.817250 5.794000
7332.000000 154.000000 -13.318500 5.794000
7344.000000 154.000000 -13.819750 5.794000
7356.000000 154.000000 -14.321000 5.794000
7368.000000 154.000000 -14.822250 5.794000
7380.000000 154.000000 -15.323500 5.794000
7392.000000 154.000000 -15.824750 5.794000
7404.000000 154.000000 -16.326000 5.794000
7416.000000 154.000000 -16.827250 5.794000
7428.000000 154.000000 -17.328500 5.794000
7440.000000 154.000000 -17.829750 5.794000
7452.000000 154.000000 -18.331000 5.794000
7512.000000 156.000000 -19.795000 18.453000
7524.000000 156.000000 -19.424000 18.453000
7536.000000 156.000000 -19.053000 18.339000
7548.000000 156.000000 -18.681000 18.339000
7560.000000 156.000000 -18.268000 18.339000
7572.000000 156.000000 -17.854000 18.339000
7584.000000 156.000000 -17.369000 18.339000
7596.000000 156.000000 -16.912000 18.225000
7608.000000 156.000000 -16.551625 18.196500
7620.000000 156.000000 -16.191250 18.168000
7632.000000 156.000000 -15.830875 18.139500
7644.000000 156.000000 -15.470500 18.111000
7656.000000 156.000000 -15.110125 18.082500
7668.000000 156.000000 -14.749750 18.054000
7680.000000 156.000000 -14.389375 18.025500
7692.000000 156.000000 -14.029000 17.997000
7704.000000 156.000000 -13.668625 17.968500
7716.000000 156.000000 -13.308250 17.940000
7728.000000 156.000000 -12.947875 17.911500
7740.000000 156.000000 -12.587500 17.883000
7596.000000 86.000000 -13.430000 7.635000
7608.000000 86.000000 -12.802000 7.635000
7620.000000 86.000000 -12.174000 7.635000
7632.000000 86.000000 -11.489000 7.635000
7644.000000 86.000000 -10.804000 7.635000
7656.000000 86.000000 -10.176000 7.635000
7668.000000 86.000000 -9.491000 7.635000
7680.000000 86.000000 -8.863000 7.635000
7692.000000 86.000000 -8.292125 7.635000
7704.000000 86.000000 -7.721250 7.635000
7716.000000 86.000000 -7.150375 7.635000
7728.000000 86.000000 -6.579500 7.635000
7740.000000 86.000000 -6.008625 7.635000
7752.000000 86.000000 -5.437750 7.635000
7764.000000 86.000000 -4.866875 7.635000
7776.000000 86.000000 -4.296000 7.635000
7788.000000 86.000000 -3.725125 7.635000
7800.000000 86.000000 -3.154250 7.635000
7812.000000 86.000000 -2.583375 7.635000
7824.000000 86.000000 -2.012500 7.635000
7644.000000 92.000000 16.584000 6.551000
7656.000000 92.000000 16.584000 6.551000
7668.000000 92.000000 16.584000 6.551000
7680.000000 92.000000 16.341000 6.551000
7692.000000 92.000000 15.884000 6.551000
7704.000000 92.000000 15.370000 6.551000
7716.000000 92.000000 14.914000 6.551000
7728.000000 92.000000 14.429000 6.551000
7740.000000 92.000000 14.159625 6.551000
7752.000000 92.000000 13.890250 6.551000
7764.000000 92.000000 13.620875 6.551000
7776.000000 92.000000 13.351500 6.551000
7788.000000 92.000000 13.082125 6.551000
7800.000000 92.000000 12.812750 6.551000
7812.000000 92.000000 12.543375 6.551000
7824.000000 92.000000 12.274000 6.551000
7836.000000 92.000000 12.004625 6.551000
7848.000000 92.000000 11.735250 6.551000
7860.000000 92.000000 11.465875 6.551000
7872.000000 92.000000 11.196500 6.551000
7836.000000 87.000000 -0.328000 7.635000
7848.000000 87.000000 0.300000 7.764000
7860.000000 87.000000 0.942000 7.764000
7872.000000 87.000000 1.570000 7.764000
7884.000000 87.000000 2.198000 7.764000
7896.000000 87.000000 2.840000 7.892000
7908.000000 87.000000 3.468000 7.892000
7920.000000 87.000000 4.096000 7.892000
7932.000000 87.000000 4.649000 7.924125
7944.000000 87.000000 5.202000 7.956250
7956.000000 87.000000 5.755000 7.988375
7968.000000 87.000000 6.308000 8.020500
7980.000000 87.000000 6.861000 8.052625
7992.000000 87.000000 7.414000 8.084750
8004.000000 87.000000 7.967000 8.116875
8016.000000 87.000000 8.520000 8.149000
8028.000000 87.000000 9.073000 8.181125
8040.000000 87.000000 9.626000 8.213250
8052.000000 87.000000 10.179000 8.245375
8064.000000 87.000000 10.732000 8.277500
7884.000000 93.000000 9.091000 6.665000
7896.000000 93.000000 8.663000 6.665000
7908.000000 93.000000 8.206000 6.665000
7920.000000 93.000000 7.778000 6.665000
7932.000000 93.000000 7.307000 6.665000
7944.000000 93.000000 6.893000 6.665000
7956.000000 93.000000 6.465000 6.665000
7968.000000 93.000000 5.951000 6.551000
7980.000000 93.000000 5.558500 6.536750
7992.000000 93.000000 5.166000 6.522500
8004.000000 93.000000 4.773500 6.508250
8016.000000 93.000000 4.381000 6.494000
8028.000000 93.000000 3.988500 6.479750
8040.000000 93.000000 3.596000 6.465500
8052.000000 93.000000 3.203500 6.451250
8064.000000 93.000000 2.811000 6.437000
8076.000000 93.000000 2.418500 6.422750
8088.000000 93.000000 2.026000 6.408500
8100.000000 93.000000 1.633500 6.394250
8112.000000 93.000000 1.241000 6.380000
8124.000000 94.000000 0.100000 5.980000
8136.000000 94.000000 -0.371000 5.980000
8148.000000 94.000000 -0.842000 6.094000
8160.000000 94.000000 -1.313000 6.094000
8172.000000 94.000000 -1.841000 6.208000
8184.000000 94.000000 -2.312000 6.208000
8196.000000 94.000000 -2.783000 6.322000
8208.000000 94.000000 -3.297000 6.322000
8220.000000 94.000000 -3.721625 6.364750
8232.000000 94.000000 -4.146250 6.407500
8244.000000 94.000000 -4.570875 6.450250
8256.000000 94.000000 -4.995500 6.493000
8268.000000 94.000000 -5.420125 6.535750
8280.000000 94.000000 -5.844750 6.578500
8292.000000 94.000000 -6.269375 6.621250
8304.000000 94.000000 -6.694000 6.664000
8316.000000 94.000000 -7.118625 6.706750
8328.000000 94.000000 -7.543250 6.749500
8340.000000 94.000000 -7.967875 6.792250
8352.000000 94.000000 -8.392500 6.835000
8364.000000 95.000000 -9.590000 7.464000
8376.000000 95.000000 -10.004000 7.707000
8388.000000 95.000000 -10.490000 7.935000
8400.000000 95.000000 -10.903000 8.063000
8412.000000 95.000000 -11.374000 8.292000
8424.000000 95.000000 -11.803000 8.520000
8436.000000 95.000000 -12.259000 8.748000
8448.000000 95.000000 -12.687000 8.863000
8460.000000 95.000000 -13.074125 9.037875
8472.000000 95.000000 -13.461250 9.212750
8484.000000 95.000000 -13.848375 9.387625
8496.000000 95.000000 -14.235500 9.562500
8508.000000 95.000000 -14.622625 9.737375
8520.000000 95.000000 -15.009750 9.912250
8532.000000 95.000000 -15.396875 10.087125
8544.000000 95.000000 -15.784000 10.262000
8556.000000 95.000000 -16.171125 10.436875
8568.000000 95.000000 -16.558250 10.611750
8580.000000 95.000000 -16.945375 10.786625
8592.000000 95.000000 -17.332500 10.961500
10968.000000 97.000000 -19.152000 14.115000
10980.000000 97.000000 -18.739000 13.544000
10992.000000 97.000000 -18.211000 13.201000
11004.000000 97.000000 -17.768000 12.916000
11016.000000 97.000000 -17.397000 12.687000
11028.000000 97.000000 -16.983000 12.216000
11040.000000 97.000000 -16.569000 11.860000
11052.000000 97.000000 -16.141000 11.403000
11064.000000 97.000000 -15.764625 11.064000
11076.000000 97.000000 -15.388250 10.725000
11088.000000 97.000000 -15.011875 10.386000
11100.000000 97.000000 -14.635500 10.047000
11112.000000 97.000000 -14.259125 9.708000
11124.000000 97.000000 -13.882750 9.369000
11136.000000 97.000000 -13.506375 9.030000
11148.000000 97.000000 -13.130000 8.691000
11160.000000 97.000000 -12.753625 8.352000
11172.000000 97.000000 -12.377250 8.013000
11184.000000 97.000000 -12.000875 7.674000
11196.000000 97.000000 -11.624500 7.335000
11004.000000 56.000000 8.406000 8.121000
11016.000000 56.000000 8.406000 8.121000
11028.000000 56.000000 8.406000 8.121000
11040.000000 56.000000 8.406000 8.121000
11052.000000 56.000000 8.406000 8.121000
11064.000000 56.000000 8.406000 8.121000
11076.000000 56.000000 8.406000 8.121000
11088.000000 56.000000 8.406000 8.121000
11100.000000 56.000000 8.406000 8.121000
11112.000000 56.000000 8.406000 8.121000
11124.000000 56.000000 8.406000 8.121000
11136.000000 56.000000 8.406000 8.121000
11148.000000 56.000000 8.406000 8.121000
11160.000000 56.000000 8.406000 8.121000
11172.000000 56.000000 8.406000 8.121000
11184.000000 56.000000 8.406000 8.121000
11196.000000 56.000000 8.406000 8.121000
11208.000000 56.000000 8.406000 8.121000
11220.000000 56.000000 8.406000 8.121000
11232.000000 56.000000 8.406000 8.121000
11208.000000 98.000000 -9.605000 7.350000
11220.000000 98.000000 -9.062000 7.236000
11232.000000 98.000000 -8.606000 7.007000
11244.000000 98.000000 -8.063000 6.893000
11256.000000 98.000000 -7.550000 6.779000
11268.000000 98.000000 -7.036000 6.665000
11280.000000 98.000000 -6.494000 6.551000
11292.000000 98.000000 -5.866000 6.436000
11304.000000 98.000000 -5.398625 6.321750
11316.000000 98.000000 -4.931250 6.207500
11328.000000 98.000000 -4.463875 6.093250
11340.000000 98.000000 -3.996500 5.979000
11352.000000 98.000000 -3.529125 5.864750
11364.000000 98.000000 -3.061750 5.750500
11376.000000 98.000000 -2.594375 5.636250
11388.000000 98.000000 -2.127000 5.522000
11400.000000 98.000000 -1.659625 5.407750
11412.000000 98.000000 -1.192250 5.293500
11424.000000 98.000000 -0.724875 5.179250
11436.000000 98.000000 -0.257500 5.065000
11244.000000 57.000000 8.406000 8.121000
11256.000000 57.000000 8.406000 8.121000
11268.000000 57.000000 8.406000 8.121000
11280.000000 57.000000 8.406000 8.121000
11292.000000 57.000000 8.406000 8.121000
11304.000000 57.000000 8.406000 8.121000
11316.000000 57.000000 8.406000 8.121000
11328.000000 57.000000 8.406000 8.121000
11340.000000 57.000000 8.406000 8.121000
11352.000000 57.000000 8.406000 8.121000
11364.000000 57.000000 8.406000 8.121000
11376.000000 57.000000 8.406000 8.121000
11388.000000 57.000000 8.406000 8.121000
11400.000000 57.000000 8.406000 8.121000
11412.000000 57.000000 8.406000 8.121000
11424.000000 57.000000 8.406000 8.121000
11436.000000 57.000000 8.406000 8.121000
11448.000000 57.000000 8.406000 8.121000
11460.000000 57.000000 8.406000 8.121000
11472.000000 57.000000 8.406000 8.121000
11448.000000 99.000000 2.198000 5.980000
11460.000000 99.000000 2.726000 5.866000
11472.000000 99.000000 3.297000 5.866000
11484.000000 99.000000 3.811000 5.751000
11496.000000 99.000000 4.410000 5.751000
11508.000000 99.000000 4.952000 5.694000
11520.000000 99.000000 5.509000 5.680000
11532.000000 99.000000 6.051000 5.566000
11544.000000 99.000000 6.532625 5.514250
11556.000000 99.000000 7.014250 5.462500
11568.000000 99.000000 7.495875 5.410750
11580.000000 99.000000 7.977500 5.359000
11592.000000 99.000000 8.459125 5.307250
11604.000000 99.000000 8.940750 5.255500
11616.000000 99.000000 9.422375 5.203750
11628.000000 99.000000 9.904000 5.152000
11640.000000 99.000000 10.385625 5.100250
11652.000000 99.000000 10.867250 5.048500
11664.000000 99.000000 11.348875 4.996750
11676.000000 99.000000 11.830500 4.945000
11928.000000 19.000000 -19.937000 18.924000
11940.000000 19.000000 -19.809000 19.038000
11952.000000 19.000000 -19.866000 19.038000
11964.000000 19.000000 -19.866000 19.038000
11976.000000 19.000000 -19.866000 19.167000
11988.000000 19.000000 -19.866000 19.167000
12000.000000 19.000000 -19.866000 19.281000
12012.000000 19.000000 -19.880000 19.281000
12024.000000 19.000000 -19.872875 19.325625
12036.000000 19.000000 -19.865750 19.370250
12048.000000 19.000000 -19.858625 19.414875
12060.000000 19.000000 -19.851500 19.459500
12072.000000 19.000000 -19.844375 19.504125
12084.000000 19.000000 -19.837250 19.548750
12096.000000 19.000000 -19.830125 19.593375
12108.000000 19.000000 -19.823000 19.638000
12120.000000 19.000000 -19.815875 19.682625
12132.000000 19.000000 -19.808750 19.727250
12144.000000 19.000000 -19.801625 19.771875
12156.000000 19.000000 -19.794500 19.816500
12168.000000 20.000000 -16.013000 18.225000
12180.000000 20.000000 -15.599000 18.111000
12192.000000 20.000000 -15.171000 18.111000
12204.000000 20.000000 -14.914000 17.768000
12216.000000 20.000000 -14.714000 17.426000
12228.000000 20.000000 -14.598000 17.311000
12240.000000 20.000000 -14.595000 17.309000
12252.000000 20.000000 -14.591000 17.308000
12264.000000 20.000000 -14.413250 17.193375
12276.000000 20.000000 -14.235500 17.078750
12288.000000 20.000000 -14.057750 16.964125
12300.000000 20.000000 -13.880000 16.849500
12312.000000 20.000000 -13.702250 16.734875
12324.000000 20.000000 -13.524500 16.620250
12336.000000 20.000000 -13.346750 16.505625
12348.000000 20.000000 -13.169000 16.391000
12360.000000 20.000000 -12.991250 16.276375
12372.000000 20.000000 -12.813500 16.161750
12384.000000 20.000000 -12.635750 16.047125
12396.000000 20.000000 -12.458000 15.932500
12408.000000 21.000000 -14.547000 17.292000
12420.000000 21.000000 -14.543000 17.291000
12432.000000 21.000000 -14.540000 17.289000
12444.000000 21.000000 -14.536000 17.288000
12456.000000 21.000000 -14.533000 17.287000
12468.000000 21.000000 -14.530000 17.286000
12480.000000 21.000000 -14.526000 17.285000
12492.000000 21.000000 -14.523000 17.283000
12504.000000 21.000000 -14.520000 17.281875
12516.000000 21.000000 -14.517000 17.280750
12528.000000 21.000000 -14.514000 17.279625
12540.000000 21.000000 -14.511000 17.278500
12552.000000 21.000000 -14.508000 17.277375
12564.000000 21.000000 -14.505000 17.276250
12576.000000 21.000000 -14.502000 17.275125
12588.000000 21.000000 -14.499000 17.274000
12600.000000 21.000000 -14.496000 17.272875
12612.000000 21.000000 -14.493000 17.271750
12624.000000 21.000000 -14.490000 17.270625
12636.000000 21.000000 -14.487000 17.269500