0.000000 6.000000 -15.695000 34.138000
12.000000 6.000000 -15.695000 34.138000
24.000000 6.000000 -15.695000 34.138000
36.000000 6.000000 -15.695000 34.138000
48.000000 6.000000 -15.695000 34.138000
60.000000 6.000000 -15.695000 34.138000
72.000000 6.000000 -15.695000 34.138000
84.000000 6.000000 -15.695000 34.138000
96.000000 6.000000 -15.695000 34.138000
108.000000 6.000000 -15.695000 34.138000
120.000000 6.000000 -15.695000 34.138000
132.000000 6.000000 -15.695000 34.138000
144.000000 6.000000 -15.695000 34.138000
156.000000 6.000000 -15.695000 34.138000
168.000000 6.000000 -15.695000 34.138000
180.000000 6.000000 -15.695000 34.138000
192.000000 6.000000 -15.695000 34.138000
204.000000 6.000000 -15.695000 34.138000
216.000000 6.000000 -15.695000 34.138000
228.000000 6.000000 -15.695000 34.138000
0.000000 15.000000 -8.722000 41.385000
12.000000 15.000000 -8.665000 41.312000
24.000000 15.000000 -8.607000 41.312000
36.000000 15.000000 -8.549000 41.312000
48.000000 15.000000 -8.491000 41.312000
60.000000 15.000000 -8.433000 41.312000
72.000000 15.000000 -8.375000 41.312000
84.000000 15.000000 -8.317000 41.312000
96.000000 15.000000 -8.266375 41.302875
108.000000 15.000000 -8.215750 41.293750
120.000000 15.000000 -8.165125 41.284625
132.000000 15.000000 -8.114500 41.275500
144.000000 15.000000 -8.063875 41.266375
156.000000 15.000000 -8.013250 41.257250
168.000000 15.000000 -7.962625 41.248125
180.000000 15.000000 -7.912000 41.239000
192.000000 15.000000 -7.861375 41.229875
204.000000 15.000000 -7.810750 41.220750
216.000000 15.000000 -7.760125 41.211625
228.000000 15.000000 -7.709500 41.202500
0.000000 22.000000 -6.061000 28.786000
12.000000 22.000000 -5.829000 27.802000
24.000000 22.000000 -5.598000 26.847000
36.000000 22.000000 -5.381000 25.864000
48.000000 22.000000 -5.164000 24.894000
60.000000 22.000000 -4.875000 23.925000
72.000000 22.000000 -4.643000 22.942000
84.000000 22.000000 -4.643000 21.972000
96.000000 22.000000 -4.465750 21.120250
108.000000 22.000000 -4.288500 20.268500
120.000000 22.000000 -4.111250 19.416750
132.000000 22.000000 -3.934000 18.565000
144.000000 22.000000 -3.756750 17.713250
156.000000 22.000000 -3.579500 16.861500
168.000000 22.000000 -3.402250 16.009750
180.000000 22.000000 -3.225000 15.158000
192.000000 22.000000 -3.047750 14.306250
204.000000 22.000000 -2.870500 13.454500
216.000000 22.000000 -2.693250 12.602750
228.000000 22.000000 -2.516000 11.751000
0.000000 24.000000 6.929000 9.807000
12.000000 24.000000 7.218000 9.561000
24.000000 24.000000 7.565000 9.431000
36.000000 24.000000 7.912000 9.316000
48.000000 24.000000 8.260000 9.200000
60.000000 24.000000 8.607000 9.070000
72.000000 24.000000 8.925000 8.954000
84.000000 24.000000 9.272000 8.824000
96.000000 24.000000 9.564875 8.701125
108.000000 24.000000 9.857750 8.578250
120.000000 24.000000 10.150625 8.455375
132.000000 24.000000 10.443500 8.332500
144.000000 24.000000 10.736375 8.209625
156.000000 24.000000 11.029250 8.086750
168.000000 24.000000 11.322125 7.963875
180.000000 24.000000 11.615000 7.841000
192.000000 24.000000 11.907875 7.718125
204.000000 24.000000 12.200750 7.595250
216.000000 24.000000 12.493625 7.472375
228.000000 24.000000 12.786500 7.349500
0.000000 50.000000 -5.584000 17.532000
12.000000 50.000000 -5.627000 18.023000
24.000000 50.000000 -5.685000 18.631000
36.000000 50.000000 -5.743000 19.239000
48.000000 50.000000 -5.800000 19.730000
60.000000 50.000000 -5.858000 20.338000
72.000000 50.000000 -5.916000 20.945000
84.000000 50.000000 -5.974000 21.423000
96.000000 50.000000 -6.022750 21.909375
108.000000 50.000000 -6.071500 22.395750
120.000000 50.000000 -6.120250 22.882125
132.000000 50.000000 -6.169000 23.368500
144.000000 50.000000 -6.217750 23.854875
156.000000 50.000000 -6.266500 24.341250
168.000000 50.000000 -6.315250 24.827625
180.000000 50.000000 -6.364000 25.314000
192.000000 50.000000 -6.412750 25.800375
204.000000 50.000000 -6.461500 26.286750
216.000000 50.000000 -6.510250 26.773125
228.000000 50.000000 -6.559000 27.259500
36.000000 64.000000 -8.288000 40.083000
48.000000 64.000000 -8.578000 39.186000
60.000000 64.000000 -8.578000 38.578000
72.000000 64.000000 -8.636000 38.087000
84.000000 64.000000 -8.636000 37.609000
96.000000 64.000000 -8.694000 37.117000
108.000000 64.000000 -8.694000 36.582000
120.000000 64.000000 -8.737000 36.033000
132.000000 64.000000 -8.793125 35.526750
144.000000 64.000000 -8.849250 35.020500
156.000000 64.000000 -8.905375 34.514250
168.000000 64.000000 -8.961500 34.008000
180.000000 64.000000 -9.017625 33.501750
192.000000 64.000000 -9.073750 32.995500
204.000000 64.000000 -9.129875 32.489250
216.000000 64.000000 -9.186000 31.983000
228.000000 64.000000 -9.242125 31.476750
240.000000 64.000000 -9.298250 30.970500
252.000000 64.000000 -9.354375 30.464250
264.000000 64.000000 -9.410500 29.958000
240.000000 7.000000 -15.695000 34.138000
252.000000 7.000000 -15.695000 34.138000
264.000000 7.000000 -15.695000 34.138000
276.000000 7.000000 -15.695000 34.138000
288.000000 7.000000 -15.695000 34.138000
300.000000 7.000000 -15.695000 34.138000
312.000000 7.000000 -15.695000 34.138000
324.000000 7.000000 -15.695000 34.138000
336.000000 7.000000 -15.695000 34.138000
348.000000 7.000000 -15.695000 34.138000
360.000000 7.000000 -15.695000 34.138000
372.000000 7.000000 -15.695000 34.138000
384.000000 7.000000 -15.695000 34.138000
396.000000 7.000000 -15.695000 34.138000
408.000000 7.000000 -15.695000 34.138000
420.000000 7.000000 -15.695000 34.138000
432.000000 7.000000 -15.695000 34.138000
444.000000 7.000000 -15.695000 34.138000
456.000000 7.000000 -15.695000 34.138000
468.000000 7.000000 -15.695000 34.138000
240.000000 16.000000 -7.233000 37.175000
252.000000 16.000000 -7.117000 36.568000
264.000000 16.000000 -7.016000 35.960000
276.000000 16.000000 -6.958000 35.353000
288.000000 16.000000 -6.842000 34.745000
300.000000 16.000000 -6.726000 34.138000
312.000000 16.000000 -6.611000 33.530000
324.000000 16.000000 -6.495000 32.923000
336.000000 16.000000 -6.402750 32.391500
348.000000 16.000000 -6.310500 31.860000
360.000000 16.000000 -6.218250 31.328500
372.000000 16.000000 -6.126000 30.797000
384.000000 16.000000 -6.033750 30.265500
396.000000 16.000000 -5.941500 29.734000
408.000000 16.000000 -5.849250 29.202500
420.000000 16.000000 -5.757000 28.671000
432.000000 16.000000 -5.664750 28.139500
444.000000 16.000000 -5.572500 27.608000
456.000000 16.000000 -5.480250 27.076500
468.000000 16.000000 -5.388000 26.545000
240.000000 23.000000 -15.347000 11.630000
252.000000 23.000000 -16.881000 11.514000
264.000000 23.000000 -18.298000 11.138000
276.000000 23.000000 -19.456000 10.776000
288.000000 23.000000 -19.213000 11.064000
300.000000 23.000000 -18.485000 11.620000
312.000000 23.000000 -17.757000 12.177000
324.000000 23.000000 -17.029000 12.733000
336.000000 23.000000 -17.239250 12.870875
348.000000 23.000000 -17.449500 13.008750
360.000000 23.000000 -17.659750 13.146625
372.000000 23.000000 -17.870000 13.284500
384.000000 23.000000 -18.080250 13.422375
396.000000 23.000000 -18.290500 13.560250
408.000000 23.000000 -18.500750 13.698125
420.000000 23.000000 -18.711000 13.836000
432.000000 23.000000 -18.921250 13.973875
444.000000 23.000000 -19.131500 14.111750
456.000000 23.000000 -19.341750 14.249625
468.000000 23.000000 -19.552000 14.387500
240.000000 51.000000 -7.290000 29.089000
252.000000 51.000000 -7.392000 29.639000
264.000000 51.000000 -7.507000 30.246000
276.000000 51.000000 -7.623000 30.854000
288.000000 51.000000 -7.739000 31.389000
300.000000 51.000000 -7.855000 31.997000
312.000000 51.000000 -7.970000 32.561000
324.000000 51.000000 -8.086000 33.168000
336.000000 51.000000 -8.185500 33.677875
348.000000 51.000000 -8.285000 34.187750
360.000000 51.000000 -8.384500 34.697625
372.000000 51.000000 -8.484000 35.207500
384.000000 51.000000 -8.583500 35.717375
396.000000 51.000000 -8.683000 36.227250
408.000000 51.000000 -8.782500 36.737125
420.000000 51.000000 -8.882000 37.247000
432.000000 51.000000 -8.981500 37.756875
444.000000 51.000000 -9.081000 38.266750
456.000000 51.000000 -9.180500 38.776625
468.000000 51.000000 -9.280000 39.286500
276.000000 65.000000 -9.142000 29.263000
288.000000 65.000000 -9.142000 28.786000
300.000000 65.000000 -9.084000 28.308000
312.000000 65.000000 -9.026000 27.816000
324.000000 65.000000 -8.910000 27.209000
336.000000 65.000000 -8.795000 26.717000
348.000000 65.000000 -8.737000 26.109000
360.000000 65.000000 -8.636000 25.618000
372.000000 65.000000 -8.572750 25.162375
384.000000 65.000000 -8.509500 24.706750
396.000000 65.000000 -8.446250 24.251125
408.000000 65.000000 -8.383000 23.795500
420.000000 65.000000 -8.319750 23.339875
432.000000 65.000000 -8.256500 22.884250
444.000000 65.000000 -8.193250 22.428625
456.000000 65.000000 -8.130000 21.973000
468.000000 65.000000 -8.066750 21.517375
480.000000 65.000000 -8.003500 21.061750
492.000000 65.000000 -7.940250 20.606125
504.000000 65.000000 -7.877000 20.150500
312.000000 55.000000 5.439000 35.237000
324.000000 55.000000 5.410000 35.541000
336.000000 55.000000 5.352000 35.902000
348.000000 55.000000 5.294000 36.264000
360.000000 55.000000 5.236000 36.568000
372.000000 55.000000 5.179000 36.944000
384.000000 55.000000 4.672000 37.175000
396.000000 55.000000 4.209000 37.551000
408.000000 55.000000 4.055250 37.840250
420.000000 55.000000 3.901500 38.129500
432.000000 55.000000 3.747750 38.418750
444.000000 55.000000 3.594000 38.708000
456.000000 55.000000 3.440250 38.997250
468.000000 55.000000 3.286500 39.286500
480.000000 55.000000 3.132750 39.575750
492.000000 55.000000 2.979000 39.865000
504.000000 55.000000 2.825250 40.154250
516.000000 55.000000 2.671500 40.443500
528.000000 55.000000 2.517750 40.732750
540.000000 55.000000 2.364000 41.022000
336.000000 60.000000 3.081000 40.951000
348.000000 60.000000 3.081000 40.343000
360.000000 60.000000 3.023000 39.866000
372.000000 60.000000 2.965000 39.258000
384.000000 60.000000 2.965000 38.766000
396.000000 60.000000 2.907000 38.159000
408.000000 60.000000 2.907000 37.667000
420.000000 60.000000 2.907000 37.060000
432.000000 60.000000 2.885250 36.573625
444.000000 60.000000 2.863500 36.087250
456.000000 60.000000 2.841750 35.600875
468.000000 60.000000 2.820000 35.114500
480.000000 60.000000 2.798250 34.628125
492.000000 60.000000 2.776500 34.141750
504.000000 60.000000 2.754750 33.655375
516.000000 60.000000 2.733000 33.169000
528.000000 60.000000 2.711250 32.682625
540.000000 60.000000 2.689500 32.196250
552.000000 60.000000 2.667750 31.709875
564.000000 60.000000 2.646000 31.223500
396.000000 0.000000 3.703000 25.560000
408.000000 0.000000 3.746000 25.068000
420.000000 0.000000 3.804000 24.591000
432.000000 0.000000 3.862000 24.099000
444.000000 0.000000 3.920000 23.621000
456.000000 0.000000 3.978000 23.188000
468.000000 0.000000 4.094000 22.696000
480.000000 0.000000 4.151000 22.204000
492.000000 0.000000 4.207000 21.784500
504.000000 0.000000 4.263000 21.365000
516.000000 0.000000 4.319000 20.945500
528.000000 0.000000 4.375000 20.526000
540.000000 0.000000 4.431000 20.106500
552.000000 0.000000 4.487000 19.687000
564.000000 0.000000 4.543000 19.267500
576.000000 0.000000 4.599000 18.848000
588.000000 0.000000 4.655000 18.428500
600.000000 0.000000 4.711000 18.009000
612.000000 0.000000 4.767000 17.589500
624.000000 0.000000 4.823000 17.170000
456.000000 33.000000 3.645000 41.833000
468.000000 33.000000 3.645000 40.893000
480.000000 33.000000 3.703000 40.415000
492.000000 33.000000 3.804000 39.924000
504.000000 33.000000 3.862000 39.374000
516.000000 33.000000 3.978000 38.651000
528.000000 33.000000 4.036000 37.971000
540.000000 33.000000 4.036000 37.479000
552.000000 33.000000 4.084875 36.934750
564.000000 33.000000 4.133750 36.390500
576.000000 33.000000 4.182625 35.846250
588.000000 33.000000 4.231500 35.302000
600.000000 33.000000 4.280375 34.757750
612.000000 33.000000 4.329250 34.213500
624.000000 33.000000 4.378125 33.669250
636.000000 33.000000 4.427000 33.125000
648.000000 33.000000 4.475875 32.580750
660.000000 33.000000 4.524750 32.036500
672.000000 33.000000 4.573625 31.492250
684.000000 33.000000 4.622500 30.948000
480.000000 8.000000 -15.695000 34.138000
492.000000 8.000000 -15.695000 34.138000
504.000000 8.000000 -15.752000 34.080000
516.000000 8.000000 -15.752000 34.080000
528.000000 8.000000 -15.752000 34.080000
540.000000 8.000000 -15.752000 34.080000
552.000000 8.000000 -15.781000 34.080000
564.000000 8.000000 -15.781000 34.080000
576.000000 8.000000 -15.791750 34.072750
588.000000 8.000000 -15.802500 34.065500
600.000000 8.000000 -15.813250 34.058250
612.000000 8.000000 -15.824000 34.051000
624.000000 8.000000 -15.834750 34.043750
636.000000 8.000000 -15.845500 34.036500
648.000000 8.000000 -15.856250 34.029250
660.000000 8.000000 -15.867000 34.022000
672.000000 8.000000 -15.877750 34.014750
684.000000 8.000000 -15.888500 34.007500
696.000000 8.000000 -15.899250 34.000250
708.000000 8.000000 -15.910000 33.993000
480.000000 17.000000 -5.584000 25.140000
492.000000 17.000000 -5.584000 24.533000
504.000000 17.000000 -5.555000 24.041000
516.000000 17.000000 -5.584000 23.665000
528.000000 17.000000 -5.612000 23.318000
540.000000 17.000000 -5.612000 22.942000
552.000000 17.000000 -5.670000 22.580000
564.000000 17.000000 -5.699000 22.103000
576.000000 17.000000 -5.713375 21.723375
588.000000 17.000000 -5.727750 21.343750
600.000000 17.000000 -5.742125 20.964125
612.000000 17.000000 -5.756500 20.584500
624.000000 17.000000 -5.770875 20.204875
636.000000 17.000000 -5.785250 19.825250
648.000000 17.000000 -5.799625 19.445625
660.000000 17.000000 -5.814000 19.066000
672.000000 17.000000 -5.828375 18.686375
684.000000 17.000000 -5.842750 18.306750
696.000000 17.000000 -5.857125 17.927125
708.000000 17.000000 -5.871500 17.547500
504.000000 12.000000 -6.611000 24.533000
516.000000 12.000000 -6.611000 23.925000
528.000000 12.000000 -6.611000 23.303000
540.000000 12.000000 -6.611000 22.696000
552.000000 12.000000 -6.668000 22.218000
564.000000 12.000000 -6.668000 21.727000
576.000000 12.000000 -6.668000 21.307000
588.000000 12.000000 -6.611000 20.757000
600.000000 12.000000 -6.611000 20.285000
612.000000 12.000000 -6.611000 19.813000
624.000000 12.000000 -6.611000 19.341000
636.000000 12.000000 -6.611000 18.869000
648.000000 12.000000 -6.611000 18.397000
660.000000 12.000000 -6.611000 17.925000
672.000000 12.000000 -6.611000 17.453000
684.000000 12.000000 -6.611000 16.981000
696.000000 12.000000 -6.611000 16.509000
708.000000 12.000000 -6.611000 16.037000
720.000000 12.000000 -6.611000 15.565000
732.000000 12.000000 -6.611000 15.093000
504.000000 46.000000 1.794000 -6.509000
516.000000 46.000000 1.794000 -6.509000
528.000000 46.000000 1.765000 -6.871000
540.000000 46.000000 1.649000 -7.233000
552.000000 46.000000 1.591000 -7.609000
564.000000 46.000000 1.475000 -8.086000
576.000000 46.000000 1.418000 -8.824000
588.000000 46.000000 1.360000 -9.431000
600.000000 46.000000 1.305750 -9.796250
612.000000 46.000000 1.251500 -10.161500
624.000000 46.000000 1.197250 -10.526750
636.000000 46.000000 1.143000 -10.892000
648.000000 46.000000 1.088750 -11.257250
660.000000 46.000000 1.034500 -11.622500
672.000000 46.000000 0.980250 -11.987750
684.000000 46.000000 0.926000 -12.353000
696.000000 46.000000 0.871750 -12.718250
708.000000 46.000000 0.817500 -13.083500
720.000000 46.000000 0.763250 -13.448750
732.000000 46.000000 0.709000 -13.814000
516.000000 66.000000 -6.871000 19.354000
528.000000 66.000000 -6.697000 18.689000
540.000000 66.000000 -6.582000 18.067000
552.000000 66.000000 -6.408000 17.459000
564.000000 66.000000 -6.292000 16.852000
576.000000 66.000000 -6.177000 16.244000
588.000000 66.000000 -6.061000 15.637000
600.000000 66.000000 -5.887000 15.159000
612.000000 66.000000 -5.764000 14.634625
624.000000 66.000000 -5.641000 14.110250
636.000000 66.000000 -5.518000 13.585875
648.000000 66.000000 -5.395000 13.061500
660.000000 66.000000 -5.272000 12.537125
672.000000 66.000000 -5.149000 12.012750
684.000000 66.000000 -5.026000 11.488375
696.000000 66.000000 -4.903000 10.964000
708.000000 66.000000 -4.780000 10.439625
720.000000 66.000000 -4.657000 9.915250
732.000000 66.000000 -4.534000 9.390875
744.000000 66.000000 -4.411000 8.866500
552.000000 56.000000 -1.548000 39.359000
564.000000 56.000000 -2.097000 39.359000
576.000000 56.000000 -2.676000 39.359000
588.000000 56.000000 -3.370000 39.851000
600.000000 56.000000 -4.094000 40.343000
612.000000 56.000000 -4.499000 40.589000
624.000000 56.000000 -4.846000 40.835000
636.000000 56.000000 -5.468000 41.009000
648.000000 56.000000 -5.958000 41.215250
660.000000 56.000000 -6.448000 41.421500
672.000000 56.000000 -6.938000 41.627750
684.000000 56.000000 -7.428000 41.834000
696.000000 56.000000 -7.918000 42.040250
708.000000 56.000000 -8.408000 42.246500
720.000000 56.000000 -8.898000 42.452750
732.000000 56.000000 -9.388000 42.659000
744.000000 56.000000 -9.878000 42.865250
756.000000 56.000000 -10.368000 43.071500
768.000000 56.000000 -10.858000 43.277750
780.000000 56.000000 -11.348000 43.484000
576.000000 52.000000 -13.843000 30.680000
588.000000 52.000000 -13.901000 30.058000
600.000000 52.000000 -13.901000 29.451000
612.000000 52.000000 -13.901000 29.335000
624.000000 52.000000 -13.843000 29.089000
636.000000 52.000000 -13.785000 28.843000
648.000000 52.000000 -13.785000 28.482000
660.000000 52.000000 -13.785000 28.236000
672.000000 52.000000 -13.777750 27.930500
684.000000 52.000000 -13.770500 27.625000
696.000000 52.000000 -13.763250 27.319500
708.000000 52.000000 -13.756000 27.014000
720.000000 52.000000 -13.748750 26.708500
732.000000 52.000000 -13.741500 26.403000
744.000000 52.000000 -13.734250 26.097500
756.000000 52.000000 -13.727000 25.792000
768.000000 52.000000 -13.719750 25.486500
780.000000 52.000000 -13.712500 25.181000
792.000000 52.000000 -13.705250 24.875500
804.000000 52.000000 -13.698000 24.570000
576.000000 61.000000 4.238000 29.509000
588.000000 61.000000 4.296000 28.786000
600.000000 61.000000 4.412000 28.178000
612.000000 61.000000 4.470000 27.570000
624.000000 61.000000 4.585000 26.847000
636.000000 61.000000 4.528000 26.355000
648.000000 61.000000 4.412000 25.979000
660.000000 61.000000 4.296000 25.618000
672.000000 61.000000 4.303250 25.131625
684.000000 61.000000 4.310500 24.645250
696.000000 61.000000 4.317750 24.158875
708.000000 61.000000 4.325000 23.672500
720.000000 61.000000 4.332250 23.186125
732.000000 61.000000 4.339500 22.699750
744.000000 61.000000 4.346750 22.213375
756.000000 61.000000 4.354000 21.727000
768.000000 61.000000 4.361250 21.240625
780.000000 61.000000 4.368500 20.754250
792.000000 61.000000 4.375750 20.267875
804.000000 61.000000 4.383000 19.781500
600.000000 48.000000 -14.639000 30.333000
612.000000 48.000000 -14.523000 29.523000
624.000000 48.000000 -14.465000 29.147000
636.000000 48.000000 -14.465000 28.655000
648.000000 48.000000 -14.465000 28.308000
660.000000 48.000000 -14.407000 27.816000
672.000000 48.000000 -14.407000 27.440000
684.000000 48.000000 -14.349000 27.093000
696.000000 48.000000 -14.312750 26.688000
708.000000 48.000000 -14.276500 26.283000
720.000000 48.000000 -14.240250 25.878000
732.000000 48.000000 -14.204000 25.473000
744.000000 48.000000 -14.167750 25.068000
756.000000 48.000000 -14.131500 24.663000
768.000000 48.000000 -14.095250 24.258000
780.000000 48.000000 -14.059000 23.853000
792.000000 48.000000 -14.022750 23.448000
804.000000 48.000000 -13.986500 23.043000
816.000000 48.000000 -13.950250 22.638000
828.000000 48.000000 -13.914000 22.233000
636.000000 1.000000 3.862000 15.998000
648.000000 1.000000 3.920000 15.391000
660.000000 1.000000 3.978000 14.783000
672.000000 1.000000 3.978000 14.060000
684.000000 1.000000 4.036000 13.453000
696.000000 1.000000 4.036000 12.845000
708.000000 1.000000 4.094000 12.237000
720.000000 1.000000 4.151000 11.746000
732.000000 1.000000 4.187125 11.214500
744.000000 1.000000 4.223250 10.683000
756.000000 1.000000 4.259375 10.151500
768.000000 1.000000 4.295500 9.620000
780.000000 1.000000 4.331625 9.088500
792.000000 1.000000 4.367750 8.557000
804.000000 1.000000 4.403875 8.025500
816.000000 1.000000 4.440000 7.494000
828.000000 1.000000 4.476125 6.962500
840.000000 1.000000 4.512250 6.431000
852.000000 1.000000 4.548375 5.899500
864.000000 1.000000 4.584500 5.368000
696.000000 34.000000 4.267000 27.455000
708.000000 34.000000 4.267000 27.252000
720.000000 34.000000 4.238000 27.252000
732.000000 34.000000 4.209000 27.194000
744.000000 34.000000 4.180000 27.194000
756.000000 34.000000 4.180000 26.905000
768.000000 34.000000 4.296000 26.298000
780.000000 34.000000 4.412000 25.690000
792.000000 34.000000 4.430125 25.469375
804.000000 34.000000 4.448250 25.248750
816.000000 34.000000 4.466375 25.028125
828.000000 34.000000 4.484500 24.807500
840.000000 34.000000 4.502625 24.586875
852.000000 34.000000 4.520750 24.366250
864.000000 34.000000 4.538875 24.145625
876.000000 34.000000 4.557000 23.925000
888.000000 34.000000 4.575125 23.704375
900.000000 34.000000 4.593250 23.483750
912.000000 34.000000 4.611375 23.263125
924.000000 34.000000 4.629500 23.042500
720.000000 9.000000 -15.868000 34.080000
732.000000 9.000000 -15.897000 34.080000
744.000000 9.000000 -15.897000 34.080000
756.000000 9.000000 -15.897000 34.022000
768.000000 9.000000 -15.897000 34.022000
780.000000 9.000000 -15.926000 34.022000
792.000000 9.000000 -15.926000 34.022000
804.000000 9.000000 -15.926000 34.022000
816.000000 9.000000 -15.933250 34.014750
828.000000 9.000000 -15.940500 34.007500
840.000000 9.000000 -15.947750 34.000250
852.000000 9.000000 -15.955000 33.993000
864.000000 9.000000 -15.962250 33.985750
876.000000 9.000000 -15.969500 33.978500
888.000000 9.000000 -15.976750 33.971250
900.000000 9.000000 -15.984000 33.964000
912.000000 9.000000 -15.991250 33.956750
924.000000 9.000000 -15.998500 33.949500
936.000000 9.000000 -16.005750 33.942250
948.000000 9.000000 -16.013000 33.935000
720.000000 18.000000 -5.179000 14.306000
732.000000 18.000000 -5.121000 13.814000
744.000000 18.000000 -5.121000 13.091000
756.000000 18.000000 -5.077000 12.353000
768.000000 18.000000 -4.904000 11.861000
780.000000 18.000000 -4.730000 11.384000
792.000000 18.000000 -4.730000 10.776000
804.000000 18.000000 -4.730000 10.169000
816.000000 18.000000 -4.673875 9.651875
828.000000 18.000000 -4.617750 9.134750
840.000000 18.000000 -4.561625 8.617625
852.000000 18.000000 -4.505500 8.100500
864.000000 18.000000 -4.449375 7.583375
876.000000 18.000000 -4.393250 7.066250
888.000000 18.000000 -4.337125 6.549125
900.000000 18.000000 -4.281000 6.032000
912.000000 18.000000 -4.224875 5.514875
924.000000 18.000000 -4.168750 4.997750
936.000000 18.000000 -4.112625 4.480625
948.000000 18.000000 -4.056500 3.963500
744.000000 13.000000 -6.032000 12.975000
756.000000 13.000000 -5.974000 12.483000
768.000000 13.000000 -5.873000 12.107000
780.000000 13.000000 -5.699000 11.630000
792.000000 13.000000 -5.584000 11.268000
804.000000 13.000000 -5.584000 10.531000
816.000000 13.000000 -5.584000 9.923000
828.000000 13.000000 -5.584000 9.446000
840.000000 13.000000 -5.528000 9.004875
852.000000 13.000000 -5.472000 8.563750
864.000000 13.000000 -5.416000 8.122625
876.000000 13.000000 -5.360000 7.681500
888.000000 13.000000 -5.304000 7.240375
900.000000 13.000000 -5.248000 6.799250
912.000000 13.000000 -5.192000 6.358125
924.000000 13.000000 -5.136000 5.917000
936.000000 13.000000 -5.080000 5.475875
948.000000 13.000000 -5.024000 5.034750
960.000000 13.000000 -4.968000 4.593625
972.000000 13.000000 -4.912000 4.152500
744.000000 20.000000 -20.078000 21.596000
756.000000 20.000000 -19.730000 21.857000
768.000000 20.000000 -19.354000 22.088000
780.000000 20.000000 -18.964000 22.334000
792.000000 20.000000 -18.501000 22.826000
804.000000 20.000000 -18.110000 23.188000
816.000000 20.000000 -17.763000 23.188000
828.000000 20.000000 -17.488000 23.303000
840.000000 20.000000 -17.164250 23.516375
852.000000 20.000000 -16.840500 23.729750
864.000000 20.000000 -16.516750 23.943125
876.000000 20.000000 -16.193000 24.156500
888.000000 20.000000 -15.869250 24.369875
900.000000 20.000000 -15.545500 24.583250
912.000000 20.000000 -15.221750 24.796625
924.000000 20.000000 -14.898000 25.010000
936.000000 20.000000 -14.574250 25.223375
948.000000 20.000000 -14.250500 25.436750
960.000000 20.000000 -13.926750 25.650125
972.000000 20.000000 -13.603000 25.863500
756.000000 67.000000 2.416000 41.298000
768.000000 67.000000 2.416000 40.589000
780.000000 67.000000 2.416000 40.227000
792.000000 67.000000 2.416000 39.851000
804.000000 67.000000 2.416000 39.504000
816.000000 67.000000 2.416000 39.012000
828.000000 67.000000 2.474000 38.636000
840.000000 67.000000 2.531000 38.144000
852.000000 67.000000 2.545375 37.749750
864.000000 67.000000 2.559750 37.355500
876.000000 67.000000 2.574125 36.961250
888.000000 67.000000 2.588500 36.567000
900.000000 67.000000 2.602875 36.172750
912.000000 67.000000 2.617250 35.778500
924.000000 67.000000 2.631625 35.384250
936.000000 67.000000 2.646000 34.990000
948.000000 67.000000 2.660375 34.595750
960.000000 67.000000 2.674750 34.201500
972.000000 67.000000 2.689125 33.807250
984.000000 67.000000 2.703500 33.413000
792.000000 57.000000 -7.037000 41.535000
804.000000 57.000000 -7.055000 41.539000
816.000000 57.000000 -7.073000 41.542000
828.000000 57.000000 -7.090000 41.545000
840.000000 57.000000 -7.108000 41.548000
852.000000 57.000000 -7.126000 41.552000
864.000000 57.000000 -7.145000 41.555000
876.000000 57.000000 -7.163000 41.558000
888.000000 57.000000 -7.178750 41.560875
900.000000 57.000000 -7.194500 41.563750
912.000000 57.000000 -7.210250 41.566625
924.000000 57.000000 -7.226000 41.569500
936.000000 57.000000 -7.241750 41.572375
948.000000 57.000000 -7.257500 41.575250
960.000000 57.000000 -7.273250 41.578125
972.000000 57.000000 -7.289000 41.581000
984.000000 57.000000 -7.304750 41.583875
996.000000 57.000000 -7.320500 41.586750
1008.000000 57.000000 -7.336250 41.589625
1020.000000 57.000000 -7.352000 41.592500
816.000000 62.000000 5.887000 18.920000
828.000000 62.000000 5.887000 18.689000
840.000000 62.000000 5.887000 18.573000
852.000000 62.000000 5.887000 18.197000
864.000000 62.000000 6.234000 16.866000
876.000000 62.000000 6.408000 15.883000
888.000000 62.000000 6.408000 15.391000
900.000000 62.000000 6.408000 14.914000
912.000000 62.000000 6.473125 14.413250
924.000000 62.000000 6.538250 13.912500
936.000000 62.000000 6.603375 13.411750
948.000000 62.000000 6.668500 12.911000
960.000000 62.000000 6.733625 12.410250
972.000000 62.000000 6.798750 11.909500
984.000000 62.000000 6.863875 11.408750
996.000000 62.000000 6.929000 10.908000
1008.000000 62.000000 6.994125 10.407250
1020.000000 62.000000 7.059250 9.906500
1032.000000 62.000000 7.124375 9.405750
1044.000000 62.000000 7.189500 8.905000
840.000000 49.000000 -15.145000 22.696000
852.000000 49.000000 -15.203000 22.349000
864.000000 49.000000 -15.261000 21.972000
876.000000 49.000000 -15.376000 21.596000
888.000000 49.000000 -15.666000 21.249000
900.000000 49.000000 -15.941000 20.873000
912.000000 49.000000 -16.230000 20.642000
924.000000 49.000000 -16.461000 20.381000
936.000000 49.000000 -16.625500 20.091625
948.000000 49.000000 -16.790000 19.802250
960.000000 49.000000 -16.954500 19.512875
972.000000 49.000000 -17.119000 19.223500
984.000000 49.000000 -17.283500 18.934125
996.000000 49.000000 -17.448000 18.644750
1008.000000 49.000000 -17.612500 18.355375
1020.000000 49.000000 -17.777000 18.066000
1032.000000 49.000000 -17.941500 17.776625
1044.000000 49.000000 -18.106000 17.487250
1056.000000 49.000000 -18.270500 17.197875
1068.000000 49.000000 -18.435000 16.908500
876.000000 2.000000 4.788000 4.817000
888.000000 2.000000 4.788000 4.325000
900.000000 2.000000 4.788000 3.848000
912.000000 2.000000 4.788000 3.110000
924.000000 2.000000 4.788000 2.372000
936.000000 2.000000 4.672000 1.895000
948.000000 2.000000 4.557000 1.649000
960.000000 2.000000 4.499000 1.287000
972.000000 2.000000 4.462875 0.845750
984.000000 2.000000 4.426750 0.404500
996.000000 2.000000 4.390625 -0.036750
1008.000000 2.000000 4.354500 -0.478000
1020.000000 2.000000 4.318375 -0.919250
1032.000000 2.000000 4.282250 -1.360500
1044.000000 2.000000 4.246125 -1.801750
1056.000000 2.000000 4.210000 -2.243000
1068.000000 2.000000 4.173875 -2.684250
1080.000000 2.000000 4.137750 -3.125500
1092.000000 2.000000 4.101625 -3.566750
1104.000000 2.000000 4.065500 -4.008000
936.000000 35.000000 5.627000 19.108000
948.000000 35.000000 5.743000 18.501000
960.000000 35.000000 5.974000 18.139000
972.000000 35.000000 6.263000 17.647000
984.000000 35.000000 6.437000 17.286000
996.000000 35.000000 6.553000 16.924000
1008.000000 35.000000 6.770000 16.490000
1020.000000 35.000000 7.059000 15.941000
1032.000000 35.000000 7.238000 15.545125
1044.000000 35.000000 7.417000 15.149250
1056.000000 35.000000 7.596000 14.753375
1068.000000 35.000000 7.775000 14.357500
1080.000000 35.000000 7.954000 13.961625
1092.000000 35.000000 8.133000 13.565750
1104.000000 35.000000 8.312000 13.169875
1116.000000 35.000000 8.491000 12.774000
1128.000000 35.000000 8.670000 12.378125
1140.000000 35.000000 8.849000 11.982250
1152.000000 35.000000 9.028000 11.586375
1164.000000 35.000000 9.207000 11.190500
960.000000 10.000000 -16.027000 34.007000
972.000000 10.000000 -16.027000 34.007000
984.000000 10.000000 -16.027000 34.007000
996.000000 10.000000 -16.027000 34.007000
1008.000000 10.000000 -16.085000 33.950000
1020.000000 10.000000 -16.085000 33.950000
1032.000000 10.000000 -16.085000 33.950000
1044.000000 10.000000 -16.085000 33.892000
1056.000000 10.000000 -16.092250 33.877625
1068.000000 10.000000 -16.099500 33.863250
1080.000000 10.000000 -16.106750 33.848875
1092.000000 10.000000 -16.114000 33.834500
1104.000000 10.000000 -16.121250 33.820125
1116.000000 10.000000 -16.128500 33.805750
1128.000000 10.000000 -16.135750 33.791375
1140.000000 10.000000 -16.143000 33.777000
1152.000000 10.000000 -16.150250 33.762625
1164.000000 10.000000 -16.157500 33.748250
1176.000000 10.000000 -16.164750 33.733875
1188.000000 10.000000 -16.172000 33.719500
960.000000 19.000000 -3.935000 3.356000
972.000000 19.000000 -3.935000 2.864000
984.000000 19.000000 -3.935000 2.372000
996.000000 19.000000 -3.935000 1.895000
1008.000000 19.000000 -3.963000 1.215000
1020.000000 19.000000 -3.963000 0.608000
1032.000000 19.000000 -3.992000 0.072000
1044.000000 19.000000 -4.021000 -0.535000
1056.000000 19.000000 -4.031750 -1.021375
1068.000000 19.000000 -4.042500 -1.507750
1080.000000 19.000000 -4.053250 -1.994125
1092.000000 19.000000 -4.064000 -2.480500
1104.000000 19.000000 -4.074750 -2.966875
1116.000000 19.000000 -4.085500 -3.453250
1128.000000 19.000000 -4.096250 -3.939625
1140.000000 19.000000 -4.107000 -4.426000
1152.000000 19.000000 -4.117750 -4.912375
1164.000000 19.000000 -4.128500 -5.398750
1176.000000 19.000000 -4.139250 -5.885125
1188.000000 19.000000 -4.150000 -6.371500
984.000000 14.000000 -4.846000 2.864000
996.000000 14.000000 -4.730000 2.257000
1008.000000 14.000000 -4.672000 1.519000
1020.000000 14.000000 -4.672000 0.984000
1032.000000 14.000000 -4.672000 0.318000
1044.000000 14.000000 -4.672000 -0.231000
1056.000000 14.000000 -4.672000 -0.897000
1068.000000 14.000000 -4.672000 -1.504000
1080.000000 14.000000 -4.650250 -2.050000
1092.000000 14.000000 -4.628500 -2.596000
1104.000000 14.000000 -4.606750 -3.142000
1116.000000 14.000000 -4.585000 -3.688000
1128.000000 14.000000 -4.563250 -4.234000
1140.000000 14.000000 -4.541500 -4.780000
1152.000000 14.000000 -4.519750 -5.326000
1164.000000 14.000000 -4.498000 -5.872000
1176.000000 14.000000 -4.476250 -6.418000
1188.000000 14.000000 -4.454500 -6.964000
1200.000000 14.000000 -4.432750 -7.510000
1212.000000 14.000000 -4.411000 -8.056000
984.000000 21.000000 -14.856000 29.147000
996.000000 21.000000 -14.697000 29.523000
1008.000000 21.000000 -14.552000 29.943000
1020.000000 21.000000 -14.465000 30.608000
1032.000000 21.000000 -14.378000 31.158000
1044.000000 21.000000 -14.292000 31.823000
1056.000000 21.000000 -14.219000 32.373000
1068.000000 21.000000 -14.017000 32.865000
1080.000000 21.000000 -13.912125 33.329750
1092.000000 21.000000 -13.807250 33.794500
1104.000000 21.000000 -13.702375 34.259250
1116.000000 21.000000 -13.597500 34.724000
1128.000000 21.000000 -13.492625 35.188750
1140.000000 21.000000 -13.387750 35.653500
1152.000000 21.000000 -13.282875 36.118250
1164.000000 21.000000 -13.178000 36.583000
1176.000000 21.000000 -13.073125 37.047750
1188.000000 21.000000 -12.968250 37.512500
1200.000000 21.000000 -12.863375 37.977250
1212.000000 21.000000 -12.758500 38.442000
996.000000 54.000000 -9.316000 24.374000
1008.000000 54.000000 -9.026000 23.419000
1020.000000 54.000000 -8.578000 22.811000
1032.000000 54.000000 -8.115000 22.349000
1044.000000 54.000000 -7.594000 21.741000
1056.000000 54.000000 -7.146000 21.119000
1068.000000 54.000000 -7.030000 20.989000
1080.000000 54.000000 -6.929000 20.873000
1092.000000 54.000000 -6.630625 20.435375
1104.000000 54.000000 -6.332250 19.997750
1116.000000 54.000000 -6.033875 19.560125
1128.000000 54.000000 -5.735500 19.122500
1140.000000 54.000000 -5.437125 18.684875
1152.000000 54.000000 -5.138750 18.247250
1164.000000 54.000000 -4.840375 17.809625
1176.000000 54.000000 -4.542000 17.372000
1188.000000 54.000000 -4.243625 16.934375
1200.000000 54.000000 -3.945250 16.496750
1212.000000 54.000000 -3.646875 16.059125
1224.000000 54.000000 -3.348500 15.621500
996.000000 68.000000 3.269000 31.230000
1008.000000 68.000000 3.182000 30.782000
1020.000000 68.000000 3.124000 30.304000
1032.000000 68.000000 3.124000 29.813000
1044.000000 68.000000 3.182000 29.205000
1056.000000 68.000000 3.240000 28.713000
1068.000000 68.000000 3.240000 28.250000
1080.000000 68.000000 3.298000 27.758000
1092.000000 68.000000 3.301625 27.324000
1104.000000 68.000000 3.305250 26.890000
1116.000000 68.000000 3.308875 26.456000
1128.000000 68.000000 3.312500 26.022000
1140.000000 68.000000 3.316125 25.588000
1152.000000 68.000000 3.319750 25.154000
1164.000000 68.000000 3.323375 24.720000
1176.000000 68.000000 3.327000 24.286000
1188.000000 68.000000 3.330625 23.852000
1200.000000 68.000000 3.334250 23.418000
1212.000000 68.000000 3.337875 22.984000
1224.000000 68.000000 3.341500 22.550000
1020.000000 29.000000 -8.375000 -2.850000
1032.000000 29.000000 -8.824000 -3.341000
1044.000000 29.000000 -9.229000 -3.718000
1056.000000 29.000000 -9.677000 -4.180000
1068.000000 29.000000 -10.140000 -4.557000
1080.000000 29.000000 -10.603000 -5.048000
1092.000000 29.000000 -10.993000 -5.410000
1104.000000 29.000000 -11.442000 -5.887000
1116.000000 29.000000 -11.825375 -6.266625
1128.000000 29.000000 -12.208750 -6.646250
1140.000000 29.000000 -12.592125 -7.025875
1152.000000 29.000000 -12.975500 -7.405500
1164.000000 29.000000 -13.358875 -7.785125
1176.000000 29.000000 -13.742250 -8.164750
1188.000000 29.000000 -14.125625 -8.544375
1200.000000 29.000000 -14.509000 -8.924000
1212.000000 29.000000 -14.892375 -9.303625
1224.000000 29.000000 -15.275750 -9.683250
1236.000000 29.000000 -15.659125 -10.062875
1248.000000 29.000000 -16.042500 -10.442500
1032.000000 58.000000 -7.396000 41.600000
1044.000000 58.000000 -7.414000 41.603000
1056.000000 58.000000 -7.432000 41.607000
1068.000000 58.000000 -7.450000 41.610000
1080.000000 58.000000 -7.468000 41.613000
1092.000000 58.000000 -7.486000 41.616000
1104.000000 58.000000 -7.504000 41.620000
1116.000000 58.000000 -7.522000 41.623000
1128.000000 58.000000 -7.537750 41.625875
1140.000000 58.000000 -7.553500 41.628750
1152.000000 58.000000 -7.569250 41.631625
1164.000000 58.000000 -7.585000 41.634500
1176.000000 58.000000 -7.600750 41.637375
1188.000000 58.000000 -7.616500 41.640250
1200.000000 58.000000 -7.632250 41.643125
1212.000000 58.000000 -7.648000 41.646000
1224.000000 58.000000 -7.663750 41.648875
1236.000000 58.000000 -7.679500 41.651750
1248.000000 58.000000 -7.695250 41.654625
1260.000000 58.000000 -7.711000 41.657500
1056.000000 63.000000 5.092000 5.844000
1068.000000 63.000000 5.034000 5.236000
1080.000000 63.000000 4.918000 4.629000
1092.000000 63.000000 4.918000 3.906000
1104.000000 63.000000 4.918000 3.298000
1116.000000 63.000000 4.918000 2.560000
1128.000000 63.000000 4.918000 1.953000
1140.000000 63.000000 4.918000 1.230000
1152.000000 63.000000 4.896250 0.653250
1164.000000 63.000000 4.874500 0.076500
1176.000000 63.000000 4.852750 -0.500250
1188.000000 63.000000 4.831000 -1.077000
1200.000000 63.000000 4.809250 -1.653750
1212.000000 63.000000 4.787500 -2.230500
1224.000000 63.000000 4.765750 -2.807250
1236.000000 63.000000 4.744000 -3.384000
1248.000000 63.000000 4.722250 -3.960750
1260.000000 63.000000 4.700500 -4.537500
1272.000000 63.000000 4.678750 -5.114250
1284.000000 63.000000 4.657000 -5.691000
1116.000000 3.000000 3.804000 -5.164000
1128.000000 3.000000 3.746000 -5.280000
1140.000000 3.000000 3.703000 -5.395000
1152.000000 3.000000 3.645000 -5.395000
1164.000000 3.000000 3.587000 -5.395000
1176.000000 3.000000 3.472000 -5.395000
1188.000000 3.000000 3.414000 -5.280000
1200.000000 3.000000 3.356000 -5.280000
1212.000000 3.000000 3.300000 -5.294500
1224.000000 3.000000 3.244000 -5.309000
1236.000000 3.000000 3.188000 -5.323500
1248.000000 3.000000 3.132000 -5.338000
1260.000000 3.000000 3.076000 -5.352500
1272.000000 3.000000 3.020000 -5.367000
1284.000000 3.000000 2.964000 -5.381500
1296.000000 3.000000 2.908000 -5.396000
1308.000000 3.000000 2.852000 -5.410500
1320.000000 3.000000 2.796000 -5.425000
1332.000000 3.000000 2.740000 -5.439500
1344.000000 3.000000 2.684000 -5.454000
1152.000000 39.000000 15.579000 19.181000
1164.000000 39.000000 15.174000 19.296000
1176.000000 39.000000 14.711000 19.412000
1188.000000 39.000000 14.320000 19.412000
1200.000000 39.000000 13.915000 19.528000
1212.000000 39.000000 13.525000 19.658000
1224.000000 39.000000 13.120000 19.788000
1236.000000 39.000000 12.671000 19.788000
1248.000000 39.000000 12.307500 19.863875
1260.000000 39.000000 11.944000 19.939750
1272.000000 39.000000 11.580500 20.015625
1284.000000 39.000000 11.217000 20.091500
1296.000000 39.000000 10.853500 20.167375
1308.000000 39.000000 10.490000 20.243250
1320.000000 39.000000 10.126500 20.319125
1332.000000 39.000000 9.763000 20.395000
1344.000000 39.000000 9.399500 20.470875
1356.000000 39.000000 9.036000 20.546750
1368.000000 39.000000 8.672500 20.622625
1380.000000 39.000000 8.309000 20.698500
1188.000000 38.000000 15.116000 21.293000
1200.000000 38.000000 14.176000 20.627000
1212.000000 38.000000 13.843000 20.685000
1224.000000 38.000000 13.496000 20.815000
1236.000000 38.000000 13.149000 20.945000
1248.000000 38.000000 12.744000 21.061000
1260.000000 38.000000 12.411000 21.119000
1272.000000 38.000000 12.078000 21.235000
1284.000000 38.000000 11.698250 21.227750
1296.000000 38.000000 11.318500 21.220500
1308.000000 38.000000 10.938750 21.213250
1320.000000 38.000000 10.559000 21.206000
1332.000000 38.000000 10.179250 21.198750
1344.000000 38.000000 9.799500 21.191500
1356.000000 38.000000 9.419750 21.184250
1368.000000 38.000000 9.040000 21.177000
1380.000000 38.000000 8.660250 21.169750
1392.000000 38.000000 8.280500 21.162500
1404.000000 38.000000 7.900750 21.155250
1416.000000 38.000000 7.521000 21.148000
1200.000000 11.000000 -16.085000 33.414000
1212.000000 11.000000 -16.085000 33.414000
1224.000000 11.000000 -16.085000 33.414000
1236.000000 11.000000 -16.085000 33.299000
1248.000000 11.000000 -16.085000 33.299000
1260.000000 11.000000 -16.085000 33.299000
1272.000000 11.000000 -16.085000 33.226000
1284.000000 11.000000 -16.085000 33.226000
1296.000000 11.000000 -16.085000 33.202500
1308.000000 11.000000 -16.085000 33.179000
1320.000000 11.000000 -16.085000 33.155500
1332.000000 11.000000 -16.085000 33.132000
1344.000000 11.000000 -16.085000 33.108500
1356.000000 11.000000 -16.085000 33.085000
1368.000000 11.000000 -16.085000 33.061500
1380.000000 11.000000 -16.085000 33.038000
1392.000000 11.000000 -16.085000 33.014500
1404.000000 11.000000 -16.085000 32.991000
1416.000000 11.000000 -16.085000 32.967500
1428.000000 11.000000 -16.085000 32.944000
1236.000000 69.000000 3.298000 21.191000
1248.000000 69.000000 3.298000 20.700000
1260.000000 69.000000 3.298000 20.208000
1272.000000 69.000000 3.298000 19.716000
1284.000000 69.000000 3.414000 19.108000
1296.000000 69.000000 3.472000 18.617000
1308.000000 69.000000 3.529000 18.125000
1320.000000 69.000000 3.587000 17.662000
1332.000000 69.000000 3.623125 17.220875
1344.000000 69.000000 3.659250 16.779750
1356.000000 69.000000 3.695375 16.338625
1368.000000 69.000000 3.731500 15.897500
1380.000000 69.000000 3.767625 15.456375
1392.000000 69.000000 3.803750 15.015250
1404.000000 69.000000 3.839875 14.574125
1416.000000 69.000000 3.876000 14.133000
1428.000000 69.000000 3.912125 13.691875
1440.000000 69.000000 3.948250 13.250750
1452.000000 69.000000 3.984375 12.809625
1464.000000 69.000000 4.020500 12.368500
1260.000000 30.000000 -16.563000 -9.793000
1272.000000 30.000000 -16.852000 -10.285000
1284.000000 30.000000 -17.141000 -10.632000
1296.000000 30.000000 -17.373000 -11.008000
1308.000000 30.000000 -17.604000 -11.384000
1320.000000 30.000000 -17.792000 -11.731000
1332.000000 30.000000 -17.966000 -12.107000
1344.000000 30.000000 -18.183000 -12.397000
1356.000000 30.000000 -18.385500 -12.722500
1368.000000 30.000000 -18.588000 -13.048000
1380.000000 30.000000 -18.790500 -13.373500
1392.000000 30.000000 -18.993000 -13.699000
1404.000000 30.000000 -19.195500 -14.024500
1416.000000 30.000000 -19.398000 -14.350000
1428.000000 30.000000 -19.600500 -14.675500
1440.000000 30.000000 -19.803000 -15.001000
1452.000000 30.000000 -20.005500 -15.326500
1464.000000 30.000000 -20.208000 -15.652000
1476.000000 30.000000 -20.410500 -15.977500
1488.000000 30.000000 -20.613000 -16.303000
1272.000000 59.000000 -6.726000 34.933000
1284.000000 59.000000 -6.668000 34.326000
1296.000000 59.000000 -6.553000 33.704000
1308.000000 59.000000 -6.495000 33.096000
1320.000000 59.000000 -6.437000 32.489000
1332.000000 59.000000 -6.321000 31.881000
1344.000000 59.000000 -6.321000 31.274000
1356.000000 59.000000 -6.321000 30.550000
1368.000000 59.000000 -6.270375 30.002125
1380.000000 59.000000 -6.219750 29.454250
1392.000000 59.000000 -6.169125 28.906375
1404.000000 59.000000 -6.118500 28.358500
1416.000000 59.000000 -6.067875 27.810625
1428.000000 59.000000 -6.017250 27.262750
1440.000000 59.000000 -5.966625 26.714875
1452.000000 59.000000 -5.916000 26.167000
1464.000000 59.000000 -5.865375 25.619125
1476.000000 59.000000 -5.814750 25.071250
1488.000000 59.000000 -5.764125 24.523375
1500.000000 59.000000 -5.713500 23.975500