312.000000 104.000000 -19.495000 19.852000
324.000000 104.000000 -19.309000 19.852000
336.000000 104.000000 -18.896000 19.852000
348.000000 104.000000 -18.268000 19.852000
360.000000 104.000000 -17.640000 19.852000
372.000000 104.000000 -17.012000 19.623000
384.000000 104.000000 -16.327000 19.395000
396.000000 104.000000 -15.699000 19.395000
408.000000 104.000000 -15.224500 19.337875
420.000000 104.000000 -14.750000 19.280750
432.000000 104.000000 -14.275500 19.223625
444.000000 104.000000 -13.801000 19.166500
456.000000 104.000000 -13.326500 19.109375
468.000000 104.000000 -12.852000 19.052250
480.000000 104.000000 -12.377500 18.995125
492.000000 104.000000 -11.903000 18.938000
504.000000 104.000000 -11.428500 18.880875
516.000000 104.000000 -10.954000 18.823750
528.000000 104.000000 -10.479500 18.766625
540.000000 104.000000 -10.005000 18.709500
408.000000 108.000000 -19.495000 19.338000
420.000000 108.000000 -19.181000 19.338000
432.000000 108.000000 -18.767000 19.338000
444.000000 108.000000 -18.296000 19.338000
456.000000 108.000000 -17.768000 19.452000
468.000000 108.000000 -17.083000 19.452000
480.000000 108.000000 -16.398000 19.452000
492.000000 108.000000 -15.770000 19.338000
504.000000 108.000000 -15.304375 19.338000
516.000000 108.000000 -14.838750 19.338000
528.000000 108.000000 -14.373125 19.338000
540.000000 108.000000 -13.907500 19.338000
552.000000 108.000000 -13.441875 19.338000
564.000000 108.000000 -12.976250 19.338000
576.000000 108.000000 -12.510625 19.338000
588.000000 108.000000 -12.045000 19.338000
600.000000 108.000000 -11.579375 19.338000
612.000000 108.000000 -11.113750 19.338000
624.000000 108.000000 -10.648125 19.338000
636.000000 108.000000 -10.182500 19.338000
552.000000 105.000000 -8.078000 19.795000
564.000000 105.000000 -7.478000 19.795000
576.000000 105.000000 -6.922000 19.680000
588.000000 105.000000 -6.308000 19.680000
600.000000 105.000000 -5.766000 19.738000
612.000000 105.000000 -5.252000 19.738000
624.000000 105.000000 -4.667000 19.738000
636.000000 105.000000 -4.139000 19.738000
648.000000 105.000000 -3.646625 19.730875
660.000000 105.000000 -3.154250 19.723750
672.000000 105.000000 -2.661875 19.716625
684.000000 105.000000 -2.169500 19.709500
696.000000 105.000000 -1.677125 19.702375
708.000000 105.000000 -1.184750 19.695250
720.000000 105.000000 -0.692375 19.688125
732.000000 105.000000 -0.200000 19.681000
744.000000 105.000000 0.292375 19.673875
756.000000 105.000000 0.784750 19.666750
768.000000 105.000000 1.277125 19.659625
780.000000 105.000000 1.769500 19.652500
648.000000 109.000000 -8.206000 19.566000
660.000000 109.000000 -7.578000 19.566000
672.000000 109.000000 -7.007000 19.452000
684.000000 109.000000 -6.422000 19.452000
696.000000 109.000000 -5.894000 19.452000
708.000000 109.000000 -5.323000 19.338000
720.000000 109.000000 -4.795000 19.338000
732.000000 109.000000 -4.224000 19.338000
744.000000 109.000000 -3.726250 19.309500
756.000000 109.000000 -3.228500 19.281000
768.000000 109.000000 -2.730750 19.252500
780.000000 109.000000 -2.233000 19.224000
792.000000 109.000000 -1.735250 19.195500
804.000000 109.000000 -1.237500 19.167000
816.000000 109.000000 -0.739750 19.138500
828.000000 109.000000 -0.242000 19.110000
840.000000 109.000000 0.255750 19.081500
852.000000 109.000000 0.753500 19.053000
864.000000 109.000000 1.251250 19.024500
876.000000 109.000000 1.749000 18.996000
684.000000 100.000000 16.298000 18.111000
696.000000 100.000000 15.670000 18.111000
708.000000 100.000000 15.085000 18.111000
720.000000 100.000000 14.514000 18.111000
732.000000 100.000000 13.943000 18.111000
744.000000 100.000000 13.358000 18.111000
756.000000 100.000000 12.730000 18.054000
768.000000 100.000000 12.159000 18.054000
780.000000 100.000000 11.641625 18.046875
792.000000 100.000000 11.124250 18.039750
804.000000 100.000000 10.606875 18.032625
816.000000 100.000000 10.089500 18.025500
828.000000 100.000000 9.572125 18.018375
840.000000 100.000000 9.054750 18.011250
852.000000 100.000000 8.537375 18.004125
864.000000 100.000000 8.020000 17.997000
876.000000 100.000000 7.502625 17.989875
888.000000 100.000000 6.985250 17.982750
900.000000 100.000000 6.467875 17.975625
912.000000 100.000000 5.950500 17.968500
792.000000 106.000000 3.568000 19.623000
804.000000 106.000000 4.082000 19.623000
816.000000 106.000000 4.610000 19.623000
828.000000 106.000000 5.195000 19.623000
840.000000 106.000000 5.709000 19.509000
852.000000 106.000000 6.279000 19.509000
864.000000 106.000000 6.822000 19.395000
876.000000 106.000000 7.393000 19.395000
888.000000 106.000000 7.871125 19.366500
900.000000 106.000000 8.349250 19.338000
912.000000 106.000000 8.827375 19.309500
924.000000 106.000000 9.305500 19.281000
936.000000 106.000000 9.783625 19.252500
948.000000 106.000000 10.261750 19.224000
960.000000 106.000000 10.739875 19.195500
972.000000 106.000000 11.218000 19.167000
984.000000 106.000000 11.696125 19.138500
996.000000 106.000000 12.174250 19.110000
1008.000000 106.000000 12.652375 19.081500
1020.000000 106.000000 13.130500 19.053000
924.000000 101.000000 4.496000 17.825000
936.000000 101.000000 3.925000 17.825000
948.000000 101.000000 3.354000 17.768000
960.000000 101.000000 2.783000 17.768000
972.000000 101.000000 2.198000 17.768000
984.000000 101.000000 1.570000 17.768000
996.000000 101.000000 0.985000 17.768000
1008.000000 101.000000 0.414000 17.768000
1020.000000 101.000000 -0.096250 17.760875
1032.000000 101.000000 -0.606500 17.753750
1044.000000 101.000000 -1.116750 17.746625
1056.000000 101.000000 -1.627000 17.739500
1068.000000 101.000000 -2.137250 17.732375
1080.000000 101.000000 -2.647500 17.725250
1092.000000 101.000000 -3.157750 17.718125
1104.000000 101.000000 -3.668000 17.711000
1116.000000 101.000000 -4.178250 17.703875
1128.000000 101.000000 -4.688500 17.696750
1140.000000 101.000000 -5.198750 17.689625
1152.000000 101.000000 -5.709000 17.682500
1140.000000 67.000000 -18.439000 14.885000
1152.000000 67.000000 -17.811000 14.885000
1164.000000 67.000000 -17.183000 14.885000
1176.000000 67.000000 -16.555000 14.771000
1188.000000 67.000000 -15.927000 14.771000
1200.000000 67.000000 -15.299000 14.771000
1212.000000 67.000000 -14.671000 14.643000
1224.000000 67.000000 -14.043000 14.643000
1236.000000 67.000000 -13.493500 14.612750
1248.000000 67.000000 -12.944000 14.582500
1260.000000 67.000000 -12.394500 14.552250
1272.000000 67.000000 -11.845000 14.522000
1284.000000 67.000000 -11.295500 14.491750
1296.000000 67.000000 -10.746000 14.461500
1308.000000 67.000000 -10.196500 14.431250
1320.000000 67.000000 -9.647000 14.401000
1332.000000 67.000000 -9.097500 14.370750
1344.000000 67.000000 -8.548000 14.340500
1356.000000 67.000000 -7.998500 14.310250
1368.000000 67.000000 -7.449000 14.280000
1164.000000 102.000000 -7.721000 18.111000
1176.000000 102.000000 -8.363000 18.168000
1188.000000 102.000000 -8.991000 18.168000
1200.000000 102.000000 -9.619000 18.225000
1212.000000 102.000000 -10.247000 18.225000
1224.000000 102.000000 -10.889000 18.282000
1236.000000 102.000000 -11.517000 18.282000
1248.000000 102.000000 -12.145000 18.282000
1260.000000 102.000000 -12.698000 18.303375
1272.000000 102.000000 -13.251000 18.324750
1284.000000 102.000000 -13.804000 18.346125
1296.000000 102.000000 -14.357000 18.367500
1308.000000 102.000000 -14.910000 18.388875
1320.000000 102.000000 -15.463000 18.410250
1332.000000 102.000000 -16.016000 18.431625
1344.000000 102.000000 -16.569000 18.453000
1356.000000 102.000000 -17.122000 18.474375
1368.000000 102.000000 -17.675000 18.495750
1380.000000 102.000000 -18.228000 18.517125
1392.000000 102.000000 -18.781000 18.538500
1380.000000 68.000000 -6.251000 14.414000
1392.000000 68.000000 -5.652000 14.414000
1404.000000 68.000000 -5.081000 14.528000
1416.000000 68.000000 -4.767000 14.528000
1428.000000 68.000000 -4.396000 14.643000
1440.000000 68.000000 -4.039000 14.643000
1452.000000 68.000000 -3.682000 14.771000
1464.000000 68.000000 -3.311000 14.771000
1476.000000 68.000000 -2.943500 14.815625
1488.000000 68.000000 -2.576000 14.860250
1500.000000 68.000000 -2.208500 14.904875
1512.000000 68.000000 -1.841000 14.949500
1524.000000 68.000000 -1.473500 14.994125
1536.000000 68.000000 -1.106000 15.038750
1548.000000 68.000000 -0.738500 15.083375
1560.000000 68.000000 -0.371000 15.128000
1572.000000 68.000000 -0.003500 15.172625
1584.000000 68.000000 0.364000 15.217250
1596.000000 68.000000 0.731500 15.261875
1608.000000 68.000000 1.099000 15.306500
1500.000000 70.000000 6.494000 6.208000
1512.000000 70.000000 5.766000 6.208000
1524.000000 70.000000 5.024000 6.208000
1536.000000 70.000000 4.353000 6.322000
1548.000000 70.000000 3.611000 6.322000
1560.000000 70.000000 2.940000 6.322000
1572.000000 70.000000 2.198000 6.436000
1584.000000 70.000000 1.513000 6.436000
1596.000000 70.000000 0.890375 6.464500
1608.000000 70.000000 0.267750 6.493000
1620.000000 70.000000 -0.354875 6.521500
1632.000000 70.000000 -0.977500 6.550000
1644.000000 70.000000 -1.600125 6.578500
1656.000000 70.000000 -2.222750 6.607000
1668.000000 70.000000 -2.845375 6.635500
1680.000000 70.000000 -3.468000 6.664000
1692.000000 70.000000 -4.090625 6.692500
1704.000000 70.000000 -4.713250 6.721000
1716.000000 70.000000 -5.335875 6.749500
1728.000000 70.000000 -5.958500 6.778000
1536.000000 58.000000 16.983000 28.757000
1548.000000 58.000000 16.955000 28.186000
1560.000000 58.000000 16.926000 27.601000
1572.000000 58.000000 16.898000 27.016000
1584.000000 58.000000 16.883000 26.445000
1596.000000 58.000000 16.883000 25.874000
1608.000000 58.000000 16.855000 25.218000
1620.000000 58.000000 16.683000 24.647000
1632.000000 58.000000 16.645500 24.133250
1644.000000 58.000000 16.608000 23.619500
1656.000000 58.000000 16.570500 23.105750
1668.000000 58.000000 16.533000 22.592000
1680.000000 58.000000 16.495500 22.078250
1692.000000 58.000000 16.458000 21.564500
1704.000000 58.000000 16.420500 21.050750
1716.000000 58.000000 16.383000 20.537000
1728.000000 58.000000 16.345500 20.023250
1740.000000 58.000000 16.308000 19.509500
1752.000000 58.000000 16.270500 18.995750
1764.000000 58.000000 16.233000 18.482000
1620.000000 69.000000 2.968000 16.855000
1632.000000 69.000000 3.596000 16.969000
1644.000000 69.000000 4.224000 17.083000
1656.000000 69.000000 4.852000 17.197000
1668.000000 69.000000 5.480000 17.311000
1680.000000 69.000000 6.108000 17.426000
1692.000000 69.000000 6.736000 17.540000
1704.000000 69.000000 7.364000 17.540000
1716.000000 69.000000 7.913500 17.625625
1728.000000 69.000000 8.463000 17.711250
1740.000000 69.000000 9.012500 17.796875
1752.000000 69.000000 9.562000 17.882500
1764.000000 69.000000 10.111500 17.968125
1776.000000 69.000000 10.661000 18.053750
1788.000000 69.000000 11.210500 18.139375
1800.000000 69.000000 11.760000 18.225000
1812.000000 69.000000 12.309500 18.310625
1824.000000 69.000000 12.859000 18.396250
1836.000000 69.000000 13.408500 18.481875
1848.000000 69.000000 13.958000 18.567500
1740.000000 71.000000 -7.707000 6.436000
1752.000000 71.000000 -8.434000 6.436000
1764.000000 71.000000 -9.120000 6.436000
1776.000000 71.000000 -9.847000 6.436000
1788.000000 71.000000 -10.590000 6.551000
1800.000000 71.000000 -11.275000 6.551000
1812.000000 71.000000 -12.002000 6.551000
1824.000000 71.000000 -12.730000 6.551000
1836.000000 71.000000 -13.357875 6.565375
1848.000000 71.000000 -13.985750 6.579750
1860.000000 71.000000 -14.613625 6.594125
1872.000000 71.000000 -15.241500 6.608500
1884.000000 71.000000 -15.869375 6.622875
1896.000000 71.000000 -16.497250 6.637250
1908.000000 71.000000 -17.125125 6.651625
1920.000000 71.000000 -17.753000 6.666000
1932.000000 71.000000 -18.380875 6.680375
1944.000000 71.000000 -19.008750 6.694750
1956.000000 71.000000 -19.636625 6.709125
1968.000000 71.000000 -20.264500 6.723500
1776.000000 59.000000 12.488000 19.095000
1788.000000 59.000000 12.031000 18.867000
1800.000000 59.000000 11.546000 18.639000
1812.000000 59.000000 11.089000 18.282000
1824.000000 59.000000 10.661000 17.939000
1836.000000 59.000000 10.190000 17.597000
1848.000000 59.000000 9.776000 17.140000
1860.000000 59.000000 9.348000 16.783000
1872.000000 59.000000 8.955500 16.494000
1884.000000 59.000000 8.563000 16.205000
1896.000000 59.000000 8.170500 15.916000
1908.000000 59.000000 7.778000 15.627000
1920.000000 59.000000 7.385500 15.338000
1932.000000 59.000000 6.993000 15.049000
1944.000000 59.000000 6.600500 14.760000
1956.000000 59.000000 6.208000 14.471000
1968.000000 59.000000 5.815500 14.182000
1980.000000 59.000000 5.423000 13.893000
1992.000000 59.000000 5.030500 13.604000
2004.000000 59.000000 4.638000 13.315000
2016.000000 60.000000 4.724000 10.547000
2028.000000 60.000000 4.296000 10.076000
2040.000000 60.000000 3.882000 9.605000
2052.000000 60.000000 3.482000 9.148000
2064.000000 60.000000 3.026000 8.691000
2076.000000 60.000000 2.655000 8.235000
2088.000000 60.000000 2.226000 7.764000
2100.000000 60.000000 1.827000 7.364000
2112.000000 60.000000 1.464875 6.966125
2124.000000 60.000000 1.102750 6.568250
2136.000000 60.000000 0.740625 6.170375
2148.000000 60.000000 0.378500 5.772500
2160.000000 60.000000 0.016375 5.374625
2172.000000 60.000000 -0.345750 4.976750
2184.000000 60.000000 -0.707875 4.578875
2196.000000 60.000000 -1.070000 4.181000
2208.000000 60.000000 -1.432125 3.783125
2220.000000 60.000000 -1.794250 3.385250
2232.000000 60.000000 -2.156375 2.987375
2244.000000 60.000000 -2.518500 2.589500
2256.000000 61.000000 -4.767000 3.539000
2268.000000 61.000000 -5.195000 3.083000
2280.000000 61.000000 -5.609000 2.726000
2292.000000 61.000000 -6.037000 2.269000
2304.000000 61.000000 -6.494000 1.927000
2316.000000 61.000000 -7.022000 1.570000
2328.000000 61.000000 -7.393000 1.227000
2340.000000 61.000000 -7.707000 0.885000
2352.000000 61.000000 -8.074500 0.553250
2364.000000 61.000000 -8.442000 0.221500
2376.000000 61.000000 -8.809500 -0.110250
2388.000000 61.000000 -9.177000 -0.442000
2400.000000 61.000000 -9.544500 -0.773750
2412.000000 61.000000 -9.912000 -1.105500
2424.000000 61.000000 -10.279500 -1.437250
2436.000000 61.000000 -10.647000 -1.769000
2448.000000 61.000000 -11.014500 -2.100750
2460.000000 61.000000 -11.382000 -2.432500
2472.000000 61.000000 -11.749500 -2.764250
2484.000000 61.000000 -12.117000 -3.096000
3012.000000 21.000000 16.812000 19.795000
3024.000000 21.000000 16.155000 19.452000
3036.000000 21.000000 15.527000 19.338000
3048.000000 21.000000 14.900000 19.338000
3060.000000 21.000000 14.500000 19.338000
3072.000000 21.000000 14.015000 19.338000
3084.000000 21.000000 13.387000 19.110000
3096.000000 21.000000 12.759000 18.867000
3108.000000 21.000000 12.252375 18.751000
3120.000000 21.000000 11.745750 18.635000
3132.000000 21.000000 11.239125 18.519000
3144.000000 21.000000 10.732500 18.403000
3156.000000 21.000000 10.225875 18.287000
3168.000000 21.000000 9.719250 18.171000
3180.000000 21.000000 9.212625 18.055000
3192.000000 21.000000 8.706000 17.939000
3204.000000 21.000000 8.199375 17.823000
3216.000000 21.000000 7.692750 17.707000
3228.000000 21.000000 7.186125 17.591000
3240.000000 21.000000 6.679500 17.475000
3060.000000 141.000000 -19.538000 17.197000
3072.000000 141.000000 -19.395000 16.312000
3084.000000 141.000000 -19.024000 16.084000
3096.000000 141.000000 -18.653000 15.856000
3108.000000 141.000000 -18.282000 15.627000
3120.000000 141.000000 -17.925000 15.399000
3132.000000 141.000000 -17.397000 15.285000
3144.000000 141.000000 -16.940000 15.171000
3156.000000 141.000000 -16.615250 14.917750
3168.000000 141.000000 -16.290500 14.664500
3180.000000 141.000000 -15.965750 14.411250
3192.000000 141.000000 -15.641000 14.158000
3204.000000 141.000000 -15.316250 13.904750
3216.000000 141.000000 -14.991500 13.651500
3228.000000 141.000000 -14.666750 13.398250
3240.000000 141.000000 -14.342000 13.145000
3252.000000 141.000000 -14.017250 12.891750
3264.000000 141.000000 -13.692500 12.638500
3276.000000 141.000000 -13.367750 12.385250
3288.000000 141.000000 -13.043000 12.132000
3108.000000 137.000000 16.869000 18.910000
3120.000000 137.000000 16.270000 18.453000
3132.000000 137.000000 15.799000 18.453000
3144.000000 137.000000 15.271000 18.339000
3156.000000 137.000000 14.757000 18.339000
3168.000000 137.000000 14.214000 18.225000
3180.000000 137.000000 13.758000 18.225000
3192.000000 137.000000 13.230000 18.225000
3204.000000 137.000000 12.775125 18.139375
3216.000000 137.000000 12.320250 18.053750
3228.000000 137.000000 11.865375 17.968125
3240.000000 137.000000 11.410500 17.882500
3252.000000 137.000000 10.955625 17.796875
3264.000000 137.000000 10.500750 17.711250
3276.000000 137.000000 10.045875 17.625625
3288.000000 137.000000 9.591000 17.540000
3300.000000 137.000000 9.136125 17.454375
3312.000000 137.000000 8.681250 17.368750
3324.000000 137.000000 8.226375 17.283125
3336.000000 137.000000 7.771500 17.197500
3252.000000 22.000000 4.367000 18.995000
3264.000000 22.000000 3.682000 18.995000
3276.000000 22.000000 3.054000 18.995000
3288.000000 22.000000 2.426000 18.995000
3300.000000 22.000000 1.741000 18.995000
3312.000000 22.000000 1.113000 18.995000
3324.000000 22.000000 0.485000 18.995000
3336.000000 22.000000 -0.143000 18.995000
3348.000000 22.000000 -0.706750 18.995000
3360.000000 22.000000 -1.270500 18.995000
3372.000000 22.000000 -1.834250 18.995000
3384.000000 22.000000 -2.398000 18.995000
3396.000000 22.000000 -2.961750 18.995000
3408.000000 22.000000 -3.525500 18.995000
3420.000000 22.000000 -4.089250 18.995000
3432.000000 22.000000 -4.653000 18.995000
3444.000000 22.000000 -5.216750 18.995000
3456.000000 22.000000 -5.780500 18.995000
3468.000000 22.000000 -6.344250 18.995000
3480.000000 22.000000 -6.908000 18.995000
3300.000000 142.000000 -12.488000 10.661000
3312.000000 142.000000 -12.059000 10.433000
3324.000000 142.000000 -11.574000 10.204000
3336.000000 142.000000 -11.175000 9.962000
3348.000000 142.000000 -10.689000 9.719000
3360.000000 142.000000 -10.233000 9.491000
3372.000000 142.000000 -9.862000 9.262000
3384.000000 142.000000 -9.548000 9.034000
3396.000000 142.000000 -9.180500 8.830625
3408.000000 142.000000 -8.813000 8.627250
3420.000000 142.000000 -8.445500 8.423875
3432.000000 142.000000 -8.078000 8.220500
3444.000000 142.000000 -7.710500 8.017125
3456.000000 142.000000 -7.343000 7.813750
3468.000000 142.000000 -6.975500 7.610375
3480.000000 142.000000 -6.608000 7.407000
3492.000000 142.000000 -6.240500 7.203625
3504.000000 142.000000 -5.873000 7.000250
3516.000000 142.000000 -5.505500 6.796875
3528.000000 142.000000 -5.138000 6.593500
3348.000000 138.000000 6.479000 19.053000
3360.000000 138.000000 5.994000 19.167000
3372.000000 138.000000 5.537000 19.167000
3384.000000 138.000000 4.995000 19.281000
3396.000000 138.000000 4.481000 19.281000
3408.000000 138.000000 3.953000 19.281000
3420.000000 138.000000 3.482000 19.281000
3432.000000 138.000000 3.054000 19.281000
3444.000000 138.000000 2.625875 19.309500
3456.000000 138.000000 2.197750 19.338000
3468.000000 138.000000 1.769625 19.366500
3480.000000 138.000000 1.341500 19.395000
3492.000000 138.000000 0.913375 19.423500
3504.000000 138.000000 0.485250 19.452000
3516.000000 138.000000 0.057125 19.480500
3528.000000 138.000000 -0.371000 19.509000
3540.000000 138.000000 -0.799125 19.537500
3552.000000 138.000000 -1.227250 19.566000
3564.000000 138.000000 -1.655375 19.594500
3576.000000 138.000000 -2.083500 19.623000
3504.000000 136.000000 -6.608000 16.955000
3516.000000 136.000000 -7.264000 17.540000
3528.000000 136.000000 -7.949000 17.426000
3540.000000 136.000000 -8.634000 17.311000
3552.000000 136.000000 -9.262000 17.183000
3564.000000 136.000000 -9.890000 17.183000
3576.000000 136.000000 -10.490000 17.183000
3588.000000 136.000000 -11.060000 17.183000
3600.000000 136.000000 -11.616500 17.211500
3612.000000 136.000000 -12.173000 17.240000
3624.000000 136.000000 -12.729500 17.268500
3636.000000 136.000000 -13.286000 17.297000
3648.000000 136.000000 -13.842500 17.325500
3660.000000 136.000000 -14.399000 17.354000
3672.000000 136.000000 -14.955500 17.382500
3684.000000 136.000000 -15.512000 17.411000
3696.000000 136.000000 -16.068500 17.439500
3708.000000 136.000000 -16.625000 17.468000
3720.000000 136.000000 -17.181500 17.496500
3732.000000 136.000000 -17.738000 17.525000
3540.000000 143.000000 -4.581000 5.980000
3552.000000 143.000000 -4.153000 5.737000
3564.000000 143.000000 -3.725000 5.737000
3576.000000 143.000000 -3.297000 5.737000
3588.000000 143.000000 -2.911000 5.737000
3600.000000 143.000000 -2.440000 5.623000
3612.000000 143.000000 -1.969000 5.623000
3624.000000 143.000000 -1.441000 5.623000
3636.000000 143.000000 -1.048500 5.578375
3648.000000 143.000000 -0.656000 5.533750
3660.000000 143.000000 -0.263500 5.489125
3672.000000 143.000000 0.129000 5.444500
3684.000000 143.000000 0.521500 5.399875
3696.000000 143.000000 0.914000 5.355250
3708.000000 143.000000 1.306500 5.310625
3720.000000 143.000000 1.699000 5.266000
3732.000000 143.000000 2.091500 5.221375
3744.000000 143.000000 2.484000 5.176750
3756.000000 143.000000 2.876500 5.132125
3768.000000 143.000000 3.269000 5.087500
3588.000000 139.000000 -3.639000 19.038000
3600.000000 139.000000 -4.224000 19.038000
3612.000000 139.000000 -4.795000 19.038000
3624.000000 139.000000 -5.323000 19.038000
3636.000000 139.000000 -5.894000 18.924000
3648.000000 139.000000 -6.322000 18.810000
3660.000000 139.000000 -6.793000 18.810000
3672.000000 139.000000 -7.207000 18.696000
3684.000000 139.000000 -7.653000 18.653250
3696.000000 139.000000 -8.099000 18.610500
3708.000000 139.000000 -8.545000 18.567750
3720.000000 139.000000 -8.991000 18.525000
3732.000000 139.000000 -9.437000 18.482250
3744.000000 139.000000 -9.883000 18.439500
3756.000000 139.000000 -10.329000 18.396750
3768.000000 139.000000 -10.775000 18.354000
3780.000000 139.000000 -11.221000 18.311250
3792.000000 139.000000 -11.667000 18.268500
3804.000000 139.000000 -12.113000 18.225750
3816.000000 139.000000 -12.559000 18.183000
3780.000000 147.000000 4.567000 5.395000
3792.000000 147.000000 5.138000 5.280000
3804.000000 147.000000 5.751000 5.280000
3816.000000 147.000000 6.123000 5.280000
3828.000000 147.000000 6.494000 5.280000
3840.000000 147.000000 6.865000 5.280000
3852.000000 147.000000 7.236000 5.280000
3864.000000 147.000000 7.650000 5.152000
3876.000000 147.000000 8.035375 5.121625
3888.000000 147.000000 8.420750 5.091250
3900.000000 147.000000 8.806125 5.060875
3912.000000 147.000000 9.191500 5.030500
3924.000000 147.000000 9.576875 5.000125
3936.000000 147.000000 9.962250 4.969750
3948.000000 147.000000 10.347625 4.939375
3960.000000 147.000000 10.733000 4.909000
3972.000000 147.000000 11.118375 4.878625
3984.000000 147.000000 11.503750 4.848250
3996.000000 147.000000 11.889125 4.817875
4008.000000 147.000000 12.274500 4.787500
3996.000000 149.000000 7.321000 33.610000
4008.000000 149.000000 7.107000 33.610000
4020.000000 149.000000 7.107000 33.610000
4032.000000 149.000000 7.107000 33.610000
4044.000000 149.000000 7.107000 33.724000
4056.000000 149.000000 7.050000 33.724000
4068.000000 149.000000 7.050000 33.838000
4080.000000 149.000000 7.050000 33.838000
4092.000000 149.000000 7.016125 33.866500
4104.000000 149.000000 6.982250 33.895000
4116.000000 149.000000 6.948375 33.923500
4128.000000 149.000000 6.914500 33.952000
4140.000000 149.000000 6.880625 33.980500
4152.000000 149.000000 6.846750 34.009000
4164.000000 149.000000 6.812875 34.037500
4176.000000 149.000000 6.779000 34.066000
4188.000000 149.000000 6.745125 34.094500
4200.000000 149.000000 6.711250 34.123000
4212.000000 149.000000 6.677375 34.151500
4224.000000 149.000000 6.643500 34.180000
4236.000000 150.000000 6.879000 34.423000
4248.000000 150.000000 6.879000 34.423000
4260.000000 150.000000 6.879000 34.537000
4272.000000 150.000000 6.836000 34.537000
4284.000000 150.000000 6.836000 34.537000
4296.000000 150.000000 6.836000 34.651000
4308.000000 150.000000 6.836000 34.651000
4320.000000 150.000000 6.793000 34.651000
4332.000000 150.000000 6.782250 34.679500
4344.000000 150.000000 6.771500 34.708000
4356.000000 150.000000 6.760750 34.736500
4368.000000 150.000000 6.750000 34.765000
4380.000000 150.000000 6.739250 34.793500
4392.000000 150.000000 6.728500 34.822000
4404.000000 150.000000 6.717750 34.850500
4416.000000 150.000000 6.707000 34.879000
4428.000000 150.000000 6.696250 34.907500
4440.000000 150.000000 6.685500 34.936000
4452.000000 150.000000 6.674750 34.964500
4464.000000 150.000000 6.664000 34.993000
5400.000000 148.000000 16.655000 17.597000
5412.000000 148.000000 16.512000 17.483000
5424.000000 148.000000 16.341000 17.483000
5436.000000 148.000000 16.241000 17.369000
5448.000000 148.000000 16.084000 17.369000
5460.000000 148.000000 15.984000 17.254000
5472.000000 148.000000 15.827000 17.254000
5484.000000 148.000000 15.713000 17.140000
5496.000000 148.000000 15.595250 17.082875
5508.000000 148.000000 15.477500 17.025750
5520.000000 148.000000 15.359750 16.968625
5532.000000 148.000000 15.242000 16.911500
5544.000000 148.000000 15.124250 16.854375
5556.000000 148.000000 15.006500 16.797250
5568.000000 148.000000 14.888750 16.740125
5580.000000 148.000000 14.771000 16.683000
5592.000000 148.000000 14.653250 16.625875
5604.000000 148.000000 14.535500 16.568750
5616.000000 148.000000 14.417750 16.511625
5628.000000 148.000000 14.300000 16.454500
5484.000000 78.000000 16.541000 18.924000
5496.000000 78.000000 15.913000 19.152000
5508.000000 78.000000 14.985000 18.981000
5520.000000 78.000000 14.229000 18.867000
5532.000000 78.000000 13.772000 18.924000
5544.000000 78.000000 13.287000 18.924000
5556.000000 78.000000 12.702000 18.924000
5568.000000 78.000000 12.188000 18.810000
5580.000000 78.000000 11.643875 18.795750
5592.000000 78.000000 11.099750 18.781500
5604.000000 78.000000 10.555625 18.767250
5616.000000 78.000000 10.011500 18.753000
5628.000000 78.000000 9.467375 18.738750
5640.000000 78.000000 8.923250 18.724500
5652.000000 78.000000 8.379125 18.710250
5664.000000 78.000000 7.835000 18.696000
5676.000000 78.000000 7.290875 18.681750
5688.000000 78.000000 6.746750 18.667500
5700.000000 78.000000 6.202625 18.653250
5712.000000 78.000000 5.658500 18.639000
5484.000000 151.000000 16.213000 19.966000
5496.000000 151.000000 15.670000 19.966000
5508.000000 151.000000 14.900000 20.023000
5520.000000 151.000000 14.015000 20.251000
5532.000000 151.000000 13.158000 20.423000
5544.000000 151.000000 12.673000 20.651000
5556.000000 151.000000 12.216000 20.651000
5568.000000 151.000000 11.646000 20.423000
5580.000000 151.000000 11.075125 20.480125
5592.000000 151.000000 10.504250 20.537250
5604.000000 151.000000 9.933375 20.594375
5616.000000 151.000000 9.362500 20.651500
5628.000000 151.000000 8.791625 20.708625
5640.000000 151.000000 8.220750 20.765750
5652.000000 151.000000 7.649875 20.822875
5664.000000 151.000000 7.079000 20.880000
5676.000000 151.000000 6.508125 20.937125
5688.000000 151.000000 5.937250 20.994250
5700.000000 151.000000 5.366375 21.051375
5712.000000 151.000000 4.795500 21.108500
5556.000000 5.000000 15.642000 18.054000
5568.000000 5.000000 15.385000 18.225000
5580.000000 5.000000 15.099000 18.396000
5592.000000 5.000000 14.828000 18.567000
5604.000000 5.000000 14.557000 18.696000
5616.000000 5.000000 14.300000 18.924000
5628.000000 5.000000 14.015000 19.038000
5640.000000 5.000000 13.701000 19.167000
5652.000000 5.000000 13.458375 19.306125
5664.000000 5.000000 13.215750 19.445250
5676.000000 5.000000 12.973125 19.584375
5688.000000 5.000000 12.730500 19.723500
5700.000000 5.000000 12.487875 19.862625
5712.000000 5.000000 12.245250 20.001750
5724.000000 5.000000 12.002625 20.140875
5736.000000 5.000000 11.760000 20.280000
5748.000000 5.000000 11.517375 20.419125
5760.000000 5.000000 11.274750 20.558250
5772.000000 5.000000 11.032125 20.697375
5784.000000 5.000000 10.789500 20.836500
5580.000000 131.000000 16.170000 17.825000
5592.000000 131.000000 15.742000 17.483000
5604.000000 131.000000 15.428000 17.369000
5616.000000 131.000000 15.057000 17.369000
5628.000000 131.000000 14.800000 17.254000
5640.000000 131.000000 14.571000 17.254000
5652.000000 131.000000 14.300000 17.254000
5664.000000 131.000000 14.072000 17.254000
5676.000000 131.000000 13.809750 17.182625
5688.000000 131.000000 13.547500 17.111250
5700.000000 131.000000 13.285250 17.039875
5712.000000 131.000000 13.023000 16.968500
5724.000000 131.000000 12.760750 16.897125
5736.000000 131.000000 12.498500 16.825750
5748.000000 131.000000 12.236250 16.754375
5760.000000 131.000000 11.974000 16.683000
5772.000000 131.000000 11.711750 16.611625
5784.000000 131.000000 11.449500 16.540250
5796.000000 131.000000 11.187250 16.468875
5808.000000 131.000000 10.925000 16.397500
5640.000000 154.000000 13.344000 16.612000
5652.000000 154.000000 13.144000 16.555000
5664.000000 154.000000 12.973000 16.555000
5676.000000 154.000000 12.759000 16.498000
5688.000000 154.000000 12.573000 16.498000
5700.000000 154.000000 12.388000 16.441000
5712.000000 154.000000 12.159000 16.441000
5724.000000 154.000000 11.845000 16.441000
5736.000000 154.000000 11.657625 16.419625
5748.000000 154.000000 11.470250 16.398250
5760.000000 154.000000 11.282875 16.376875
5772.000000 154.000000 11.095500 16.355500
5784.000000 154.000000 10.908125 16.334125
5796.000000 154.000000 10.720750 16.312750
5808.000000 154.000000 10.533375 16.291375
5820.000000 154.000000 10.346000 16.270000
5832.000000 154.000000 10.158625 16.248625
5844.000000 154.000000 9.971250 16.227250
5856.000000 154.000000 9.783875 16.205875
5868.000000 154.000000 9.596500 16.184500
5724.000000 79.000000 4.039000 18.810000
5736.000000 79.000000 3.568000 18.810000
5748.000000 79.000000 3.040000 18.810000
5760.000000 79.000000 2.512000 18.810000
5772.000000 79.000000 2.041000 18.810000
5784.000000 79.000000 1.570000 18.810000
5796.000000 79.000000 0.999000 18.753000
5808.000000 79.000000 0.414000 18.624000
5820.000000 79.000000 -0.039125 18.600750
5832.000000 79.000000 -0.492250 18.577500
5844.000000 79.000000 -0.945375 18.554250
5856.000000 79.000000 -1.398500 18.531000
5868.000000 79.000000 -1.851625 18.507750
5880.000000 79.000000 -2.304750 18.484500
5892.000000 79.000000 -2.757875 18.461250
5904.000000 79.000000 -3.211000 18.438000
5916.000000 79.000000 -3.664125 18.414750
5928.000000 79.000000 -4.117250 18.391500
5940.000000 79.000000 -4.570375 18.368250
5952.000000 79.000000 -5.023500 18.345000
5724.000000 152.000000 3.967000 20.423000
5736.000000 152.000000 3.454000 20.537000
5748.000000 152.000000 2.997000 20.423000
5760.000000 152.000000 2.398000 20.423000
5772.000000 152.000000 1.884000 20.308000
5784.000000 152.000000 1.256000 20.308000
5796.000000 152.000000 0.628000 20.423000
5808.000000 152.000000 0.057000 20.423000
5820.000000 152.000000 -0.431750 20.423000
5832.000000 152.000000 -0.920500 20.423000
5844.000000 152.000000 -1.409250 20.423000
5856.000000 152.000000 -1.898000 20.423000
5868.000000 152.000000 -2.386750 20.423000
5880.000000 152.000000 -2.875500 20.423000
5892.000000 152.000000 -3.364250 20.423000
5904.000000 152.000000 -3.853000 20.423000
5916.000000 152.000000 -4.341750 20.423000
5928.000000 152.000000 -4.830500 20.423000
5940.000000 152.000000 -5.319250 20.423000
5952.000000 152.000000 -5.808000 20.423000
5736.000000 90.000000 -20.194000 13.358000
5748.000000 90.000000 -17.411000 12.559000
5760.000000 90.000000 -14.500000 12.331000
5772.000000 90.000000 -11.660000 12.502000
5784.000000 90.000000 -8.834000 12.673000
5796.000000 90.000000 -6.008000 12.902000
5808.000000 90.000000 -3.168000 13.144000
5820.000000 90.000000 -0.285000 13.372000
5832.000000 90.000000 2.203625 13.373750
5844.000000 90.000000 4.692250 13.375500
5856.000000 90.000000 7.180875 13.377250
5868.000000 90.000000 9.669500 13.379000
5880.000000 90.000000 12.158125 13.380750
5892.000000 90.000000 14.646750 13.382500
5904.000000 90.000000 17.135375 13.384250
5916.000000 90.000000 19.624000 13.386000
5928.000000 90.000000 22.112625 13.387750
5940.000000 90.000000 24.601250 13.389500
5952.000000 90.000000 27.089875 13.391250
5964.000000 90.000000 29.578500 13.393000
5796.000000 6.000000 10.033000 19.623000
5808.000000 6.000000 9.762000 19.623000
5820.000000 6.000000 9.505000 19.738000
5832.000000 6.000000 9.248000 19.738000
5844.000000 6.000000 8.991000 19.738000
5856.000000 6.000000 8.734000 19.852000
5868.000000 6.000000 8.449000 19.852000
5880.000000 6.000000 8.192000 19.966000
5892.000000 6.000000 7.961875 20.008875
5904.000000 6.000000 7.731750 20.051750
5916.000000 6.000000 7.501625 20.094625
5928.000000 6.000000 7.271500 20.137500
5940.000000 6.000000 7.041375 20.180375
5952.000000 6.000000 6.811250 20.223250
5964.000000 6.000000 6.581125 20.266125
5976.000000 6.000000 6.351000 20.309000
5988.000000 6.000000 6.120875 20.351875
6000.000000 6.000000 5.890750 20.394750
6012.000000 6.000000 5.660625 20.437625
6024.000000 6.000000 5.430500 20.480500
5820.000000 132.000000 10.347000 18.282000
5832.000000 132.000000 10.033000 18.282000
5844.000000 132.000000 9.747000 18.282000
5856.000000 132.000000 9.476000 18.282000
5868.000000 132.000000 9.191000 18.282000
5880.000000 132.000000 8.934000 18.282000
5892.000000 132.000000 8.649000 18.282000
5904.000000 132.000000 8.392000 18.396000
5916.000000 132.000000 8.147625 18.410250
5928.000000 132.000000 7.903250 18.424500
5940.000000 132.000000 7.658875 18.438750
5952.000000 132.000000 7.414500 18.453000
5964.000000 132.000000 7.170125 18.467250
5976.000000 132.000000 6.925750 18.481500
5988.000000 132.000000 6.681375 18.495750
6000.000000 132.000000 6.437000 18.510000
6012.000000 132.000000 6.192625 18.524250
6024.000000 132.000000 5.948250 18.538500
6036.000000 132.000000 5.703875 18.552750
6048.000000 132.000000 5.459500 18.567000
5880.000000 155.000000 7.749000 17.026000
5892.000000 155.000000 7.435000 17.026000
5904.000000 155.000000 7.122000 17.026000
5916.000000 155.000000 6.808000 17.026000
5928.000000 155.000000 6.494000 17.026000
5940.000000 155.000000 6.180000 17.026000
5952.000000 155.000000 5.866000 17.026000
5964.000000 155.000000 5.552000 17.026000
5976.000000 155.000000 5.277375 17.026000
5988.000000 155.000000 5.002750 17.026000
6000.000000 155.000000 4.728125 17.026000
6012.000000 155.000000 4.453500 17.026000
6024.000000 155.000000 4.178875 17.026000
6036.000000 155.000000 3.904250 17.026000
6048.000000 155.000000 3.629625 17.026000
6060.000000 155.000000 3.355000 17.026000
6072.000000 155.000000 3.080375 17.026000
6084.000000 155.000000 2.805750 17.026000
6096.000000 155.000000 2.531125 17.026000
6108.000000 155.000000 2.256500 17.026000
5964.000000 80.000000 -7.792000 18.681000
5976.000000 80.000000 -8.306000 18.810000
5988.000000 80.000000 -8.734000 18.924000
6000.000000 80.000000 -9.191000 18.681000
6012.000000 80.000000 -9.776000 18.624000
6024.000000 80.000000 -10.333000 18.624000
6036.000000 80.000000 -10.875000 18.567000
6048.000000 80.000000 -11.417000 18.567000
6060.000000 80.000000 -11.870125 18.552750
6072.000000 80.000000 -12.323250 18.538500
6084.000000 80.000000 -12.776375 18.524250
6096.000000 80.000000 -13.229500 18.510000
6108.000000 80.000000 -13.682625 18.495750
6120.000000 80.000000 -14.135750 18.481500
6132.000000 80.000000 -14.588875 18.467250
6144.000000 80.000000 -15.042000 18.453000
6156.000000 80.000000 -15.495125 18.438750
6168.000000 80.000000 -15.948250 18.424500
6180.000000 80.000000 -16.401375 18.410250
6192.000000 80.000000 -16.854500 18.396000
5964.000000 153.000000 -7.906000 20.423000
5976.000000 153.000000 -8.506000 20.423000
5988.000000 153.000000 -9.077000 20.537000
6000.000000 153.000000 -9.648000 20.651000
6012.000000 153.000000 -10.161000 20.480000
6024.000000 153.000000 -10.647000 20.366000
6036.000000 153.000000 -11.146000 20.251000
6048.000000 153.000000 -11.603000 20.137000
6060.000000 153.000000 -12.065125 20.101250
6072.000000 153.000000 -12.527250 20.065500
6084.000000 153.000000 -12.989375 20.029750
6096.000000 153.000000 -13.451500 19.994000
6108.000000 153.000000 -13.913625 19.958250
6120.000000 153.000000 -14.375750 19.922500
6132.000000 153.000000 -14.837875 19.886750
6144.000000 153.000000 -15.300000 19.851000
6156.000000 153.000000 -15.762125 19.815250
6168.000000 153.000000 -16.224250 19.779500
6180.000000 153.000000 -16.686375 19.743750
6192.000000 153.000000 -17.148500 19.708000
6000.000000 125.000000 6.779000 17.882000
6012.000000 125.000000 6.522000 17.768000
6024.000000 125.000000 6.265000 17.768000
6036.000000 125.000000 6.023000 17.768000
6048.000000 125.000000 5.794000 17.768000
6060.000000 125.000000 5.552000 17.711000
6072.000000 125.000000 5.295000 17.711000
6084.000000 125.000000 5.081000 17.711000
6096.000000 125.000000 4.868750 17.689625
6108.000000 125.000000 4.656500 17.668250
6120.000000 125.000000 4.444250 17.646875
6132.000000 125.000000 4.232000 17.625500
6144.000000 125.000000 4.019750 17.604125
6156.000000 125.000000 3.807500 17.582750
6168.000000 125.000000 3.595250 17.561375
6180.000000 125.000000 3.383000 17.540000
6192.000000 125.000000 3.170750 17.518625
6204.000000 125.000000 2.958500 17.497250
6216.000000 125.000000 2.746250 17.475875
6228.000000 125.000000 2.534000 17.454500
6036.000000 7.000000 5.423000 19.623000
6048.000000 7.000000 5.266000 19.566000
6060.000000 7.000000 5.138000 19.452000
6072.000000 7.000000 5.009000 19.395000
6084.000000 7.000000 4.838000 19.338000
6096.000000 7.000000 4.724000 19.281000
6108.000000 7.000000 4.581000 19.224000
6120.000000 7.000000 4.524000 19.110000
6132.000000 7.000000 4.411625 19.045875
6144.000000 7.000000 4.299250 18.981750
6156.000000 7.000000 4.186875 18.917625
6168.000000 7.000000 4.074500 18.853500
6180.000000 7.000000 3.962125 18.789375
6192.000000 7.000000 3.849750 18.725250
6204.000000 7.000000 3.737375 18.661125
6216.000000 7.000000 3.625000 18.597000
6228.000000 7.000000 3.512625 18.532875
6240.000000 7.000000 3.400250 18.468750
6252.000000 7.000000 3.287875 18.404625
6264.000000 7.000000 3.175500 18.340500
6060.000000 133.000000 5.309000 18.168000
6072.000000 133.000000 5.052000 18.111000
6084.000000 133.000000 4.824000 18.111000
6096.000000 133.000000 4.524000 18.054000
6108.000000 133.000000 4.324000 18.054000
6120.000000 133.000000 4.110000 18.054000
6132.000000 133.000000 3.839000 18.054000
6144.000000 133.000000 3.639000 18.168000
6156.000000 133.000000 3.430250 18.168000
6168.000000 133.000000 3.221500 18.168000
6180.000000 133.000000 3.012750 18.168000
6192.000000 133.000000 2.804000 18.168000
6204.000000 133.000000 2.595250 18.168000
6216.000000 133.000000 2.386500 18.168000
6228.000000 133.000000 2.177750 18.168000
6240.000000 133.000000 1.969000 18.168000
6252.000000 133.000000 1.760250 18.168000
6264.000000 133.000000 1.551500 18.168000
6276.000000 133.000000 1.342750 18.168000
6288.000000 133.000000 1.134000 18.168000
6120.000000 156.000000 2.369000 17.369000
6132.000000 156.000000 2.112000 17.369000
6144.000000 156.000000 1.855000 17.369000
6156.000000 156.000000 1.598000 17.369000
6168.000000 156.000000 1.342000 17.369000
6180.000000 156.000000 1.227000 17.254000
6192.000000 156.000000 1.113000 17.254000
6204.000000 156.000000 1.028000 17.254000
6216.000000 156.000000 0.860375 17.239625
6228.000000 156.000000 0.692750 17.225250
6240.000000 156.000000 0.525125 17.210875
6252.000000 156.000000 0.357500 17.196500
6264.000000 156.000000 0.189875 17.182125
6276.000000 156.000000 0.022250 17.167750
6288.000000 156.000000 -0.145375 17.153375
6300.000000 156.000000 -0.313000 17.139000
6312.000000 156.000000 -0.480625 17.124625
6324.000000 156.000000 -0.648250 17.110250
6336.000000 156.000000 -0.815875 17.095875
6348.000000 156.000000 -0.983500 17.081500
6240.000000 126.000000 1.784000 17.711000
6252.000000 126.000000 1.513000 17.825000
6264.000000 126.000000 1.413000 17.825000
6276.000000 126.000000 1.313000 17.825000
6288.000000 126.000000 1.199000 17.825000
6300.000000 126.000000 1.099000 17.825000
6312.000000 126.000000 0.999000 17.825000
6324.000000 126.000000 0.885000 17.825000
6336.000000 126.000000 0.772625 17.839250
6348.000000 126.000000 0.660250 17.853500
6360.000000 126.000000 0.547875 17.867750
6372.000000 126.000000 0.435500 17.882000
6384.000000 126.000000 0.323125 17.896250
6396.000000 126.000000 0.210750 17.910500
6408.000000 126.000000 0.098375 17.924750
6420.000000 126.000000 -0.014000 17.939000
6432.000000 126.000000 -0.126375 17.953250
6444.000000 126.000000 -0.238750 17.967500
6456.000000 126.000000 -0.351125 17.981750
6468.000000 126.000000 -0.463500 17.996000
6276.000000 8.000000 4.096000 18.624000
6288.000000 8.000000 4.096000 18.624000
6300.000000 8.000000 4.096000 18.624000
6312.000000 8.000000 4.096000 18.624000
6324.000000 8.000000 4.096000 18.624000
6336.000000 8.000000 4.096000 18.624000
6348.000000 8.000000 4.096000 18.624000
6360.000000 8.000000 4.096000 18.624000
6372.000000 8.000000 4.096000 18.624000
6384.000000 8.000000 4.096000 18.624000
6396.000000 8.000000 4.096000 18.624000
6408.000000 8.000000 4.096000 18.624000
6420.000000 8.000000 4.096000 18.624000
6432.000000 8.000000 4.096000 18.624000
6444.000000 8.000000 4.096000 18.624000
6456.000000 8.000000 4.096000 18.624000
6468.000000 8.000000 4.096000 18.624000
6480.000000 8.000000 4.096000 18.624000
6492.000000 8.000000 4.096000 18.624000
6504.000000 8.000000 4.096000 18.624000
6300.000000 134.000000 1.227000 18.525000
6312.000000 134.000000 1.070000 18.525000
6324.000000 134.000000 0.970000 18.525000
6336.000000 134.000000 0.813000 18.525000
6348.000000 134.000000 0.699000 18.525000
6360.000000 134.000000 0.599000 18.525000
6372.000000 134.000000 0.442000 18.525000
6384.000000 134.000000 0.328000 18.525000
6396.000000 134.000000 0.215625 18.525000
6408.000000 134.000000 0.103250 18.525000
6420.000000 134.000000 -0.009125 18.525000
6432.000000 134.000000 -0.121500 18.525000
6444.000000 134.000000 -0.233875 18.525000
6456.000000 134.000000 -0.346250 18.525000
6468.000000 134.000000 -0.458625 18.525000
6480.000000 134.000000 -0.571000 18.525000
6492.000000 134.000000 -0.683375 18.525000
6504.000000 134.000000 -0.795750 18.525000
6516.000000 134.000000 -0.908125 18.525000
6528.000000 134.000000 -1.020500 18.525000
6360.000000 157.000000 -0.714000 17.483000
6372.000000 157.000000 -0.856000 17.540000
6384.000000 157.000000 -1.056000 17.540000
6396.000000 157.000000 -1.199000 17.540000
6408.000000 157.000000 -1.370000 17.654000
6420.000000 157.000000 -1.513000 17.654000
6432.000000 157.000000 -1.684000 17.654000
6444.000000 157.000000 -1.884000 17.654000
6456.000000 157.000000 -2.030250 17.675375
6468.000000 157.000000 -2.176500 17.696750
6480.000000 157.000000 -2.322750 17.718125
6492.000000 157.000000 -2.469000 17.739500
6504.000000 157.000000 -2.615250 17.760875
6516.000000 157.000000 -2.761500 17.782250
6528.000000 157.000000 -2.907750 17.803625
6540.000000 157.000000 -3.054000 17.825000
6552.000000 157.000000 -3.200250 17.846375
6564.000000 157.000000 -3.346500 17.867750
6576.000000 157.000000 -3.492750 17.889125
6588.000000 157.000000 -3.639000 17.910500
6420.000000 128.000000 16.840000 19.566000
6432.000000 128.000000 16.241000 19.566000
6444.000000 128.000000 15.770000 19.680000
6456.000000 128.000000 15.299000 19.680000
6468.000000 128.000000 14.728000 19.680000
6480.000000 128.000000 14.043000 19.566000
6492.000000 128.000000 13.415000 19.566000
6504.000000 128.000000 12.573000 19.509000
6516.000000 128.000000 12.039625 19.501875
6528.000000 128.000000 11.506250 19.494750
6540.000000 128.000000 10.972875 19.487625
6552.000000 128.000000 10.439500 19.480500
6564.000000 128.000000 9.906125 19.473375
6576.000000 128.000000 9.372750 19.466250
6588.000000 128.000000 8.839375 19.459125
6600.000000 128.000000 8.306000 19.452000
6612.000000 128.000000 7.772625 19.444875
6624.000000 128.000000 7.239250 19.437750
6636.000000 128.000000 6.705875 19.430625
6648.000000 128.000000 6.172500 19.423500
6480.000000 127.000000 -1.841000 17.939000
6492.000000 127.000000 -2.155000 17.939000
6504.000000 127.000000 -2.498000 18.054000
6516.000000 127.000000 -2.811000 18.054000
6528.000000 127.000000 -3.154000 18.054000
6540.000000 127.000000 -3.468000 18.054000
6552.000000 127.000000 -3.811000 18.054000
6564.000000 127.000000 -4.096000 18.054000
6576.000000 127.000000 -4.377875 18.068375
6588.000000 127.000000 -4.659750 18.082750
6600.000000 127.000000 -4.941625 18.097125
6612.000000 127.000000 -5.223500 18.111500
6624.000000 127.000000 -5.505375 18.125875
6636.000000 127.000000 -5.787250 18.140250
6648.000000 127.000000 -6.069125 18.154625
6660.000000 127.000000 -6.351000 18.169000
6672.000000 127.000000 -6.632875 18.183375
6684.000000 127.000000 -6.914750 18.197750
6696.000000 127.000000 -7.196625 18.212125
6708.000000 127.000000 -7.478500 18.226500
6516.000000 9.000000 3.896000 18.624000
6528.000000 9.000000 3.796000 18.624000
6540.000000 9.000000 3.696000 18.624000
6552.000000 9.000000 3.554000 18.624000
6564.000000 9.000000 3.454000 18.624000
6576.000000 9.000000 3.354000 18.696000
6588.000000 9.000000 3.240000 18.696000
6600.000000 9.000000 3.111000 18.753000
6612.000000 9.000000 3.012875 18.769125
6624.000000 9.000000 2.914750 18.785250
6636.000000 9.000000 2.816625 18.801375
6648.000000 9.000000 2.718500 18.817500
6660.000000 9.000000 2.620375 18.833625
6672.000000 9.000000 2.522250 18.849750
6684.000000 9.000000 2.424125 18.865875
6696.000000 9.000000 2.326000 18.882000
6708.000000 9.000000 2.227875 18.898125
6720.000000 9.000000 2.129750 18.914250
6732.000000 9.000000 2.031625 18.930375
6744.000000 9.000000 1.933500 18.946500
6540.000000 135.000000 -3.225000 18.753000
6552.000000 135.000000 -3.511000 18.753000
6564.000000 135.000000 -3.796000 18.753000
6576.000000 135.000000 -4.110000 18.753000
6588.000000 135.000000 -4.381000 18.867000
6600.000000 135.000000 -4.667000 18.867000
6612.000000 135.000000 -4.981000 18.867000
6624.000000 135.000000 -5.280000 18.867000
6636.000000 135.000000 -5.536875 18.881250
6648.000000 135.000000 -5.793750 18.895500
6660.000000 135.000000 -6.050625 18.909750
6672.000000 135.000000 -6.307500 18.924000
6684.000000 135.000000 -6.564375 18.938250
6696.000000 135.000000 -6.821250 18.952500
6708.000000 135.000000 -7.078125 18.966750
6720.000000 135.000000 -7.335000 18.981000
6732.000000 135.000000 -7.591875 18.995250
6744.000000 135.000000 -7.848750 19.009500
6756.000000 135.000000 -8.105625 19.023750
6768.000000 135.000000 -8.362500 19.038000
6600.000000 158.000000 -6.579000 17.426000
6612.000000 158.000000 -6.965000 17.426000
6624.000000 158.000000 -7.364000 17.426000
6636.000000 158.000000 -7.764000 17.426000
6648.000000 158.000000 -8.178000 17.426000
6660.000000 158.000000 -8.549000 17.426000
6672.000000 158.000000 -8.948000 17.426000
6684.000000 158.000000 -10.276000 17.654000
6696.000000 158.000000 -10.738125 17.682500
6708.000000 158.000000 -11.200250 17.711000
6720.000000 158.000000 -11.662375 17.739500
6732.000000 158.000000 -12.124500 17.768000
6744.000000 158.000000 -12.586625 17.796500
6756.000000 158.000000 -13.048750 17.825000
6768.000000 158.000000 -13.510875 17.853500
6780.000000 158.000000 -13.973000 17.882000
6792.000000 158.000000 -14.435125 17.910500
6804.000000 158.000000 -14.897250 17.939000
6816.000000 158.000000 -15.359375 17.967500
6828.000000 158.000000 -15.821500 17.996000
6660.000000 129.000000 2.412000 19.680000
6672.000000 129.000000 1.299000 19.795000
6684.000000 129.000000 0.157000 20.023000
6696.000000 129.000000 -1.042000 20.251000
6708.000000 129.000000 -1.527000 20.251000
6720.000000 129.000000 -1.898000 20.137000
6732.000000 129.000000 -2.312000 20.137000
6744.000000 129.000000 -2.726000 20.023000
6756.000000 129.000000 -3.368250 20.065875
6768.000000 129.000000 -4.010500 20.108750
6780.000000 129.000000 -4.652750 20.151625
6792.000000 129.000000 -5.295000 20.194500
6804.000000 129.000000 -5.937250 20.237375
6816.000000 129.000000 -6.579500 20.280250
6828.000000 129.000000 -7.221750 20.323125
6840.000000 129.000000 -7.864000 20.366000
6852.000000 129.000000 -8.506250 20.408875
6864.000000 129.000000 -9.148500 20.451750
6876.000000 129.000000 -9.790750 20.494625
6888.000000 129.000000 -10.433000 20.537500
6720.000000 130.000000 -10.233000 18.111000
6732.000000 130.000000 -10.176000 17.996000
6744.000000 130.000000 -10.176000 17.882000
6756.000000 130.000000 -10.119000 17.768000
6768.000000 130.000000 -10.119000 17.654000
6780.000000 130.000000 -10.061000 17.654000
6792.000000 130.000000 -10.061000 17.540000
6804.000000 130.000000 -10.318000 17.540000
6816.000000 130.000000 -10.328625 17.468625
6828.000000 130.000000 -10.339250 17.397250
6840.000000 130.000000 -10.349875 17.325875
6852.000000 130.000000 -10.360500 17.254500
6864.000000 130.000000 -10.371125 17.183125
6876.000000 130.000000 -10.381750 17.111750
6888.000000 130.000000 -10.392375 17.040375
6900.000000 130.000000 -10.403000 16.969000
6912.000000 130.000000 -10.413625 16.897625
6924.000000 130.000000 -10.424250 16.826250
6936.000000 130.000000 -10.434875 16.754875
6948.000000 130.000000 -10.445500 16.683500
6756.000000 10.000000 3.625000 18.924000
6768.000000 10.000000 3.882000 18.924000
6780.000000 10.000000 4.139000 18.924000
6792.000000 10.000000 3.967000 18.924000
6804.000000 10.000000 3.711000 18.924000
6816.000000 10.000000 3.397000 18.924000
6828.000000 10.000000 3.140000 18.924000
6840.000000 10.000000 2.826000 18.810000
6852.000000 10.000000 2.726125 18.795750
6864.000000 10.000000 2.626250 18.781500
6876.000000 10.000000 2.526375 18.767250
6888.000000 10.000000 2.426500 18.753000
6900.000000 10.000000 2.326625 18.738750
6912.000000 10.000000 2.226750 18.724500
6924.000000 10.000000 2.126875 18.710250
6936.000000 10.000000 2.027000 18.696000
6948.000000 10.000000 1.927125 18.681750
6960.000000 10.000000 1.827250 18.667500
6972.000000 10.000000 1.727375 18.653250
6984.000000 10.000000 1.627500 18.639000
6780.000000 140.000000 -9.762000 18.981000
6792.000000 140.000000 -9.705000 18.981000
6804.000000 140.000000 -9.962000 18.867000
6816.000000 140.000000 -10.333000 18.867000
6828.000000 140.000000 -10.647000 18.867000
6840.000000 140.000000 -11.018000 18.753000
6852.000000 140.000000 -11.374000 18.753000
6864.000000 140.000000 -11.731000 18.639000
6876.000000 140.000000 -11.977125 18.596250
6888.000000 140.000000 -12.223250 18.553500
6900.000000 140.000000 -12.469375 18.510750
6912.000000 140.000000 -12.715500 18.468000
6924.000000 140.000000 -12.961625 18.425250
6936.000000 140.000000 -13.207750 18.382500
6948.000000 140.000000 -13.453875 18.339750
6960.000000 140.000000 -13.700000 18.297000
6972.000000 140.000000 -13.946125 18.254250
6984.000000 140.000000 -14.192250 18.211500
6996.000000 140.000000 -14.438375 18.168750
7008.000000 140.000000 -14.684500 18.126000
6840.000000 159.000000 -12.902000 17.083000
6852.000000 159.000000 -13.215000 17.083000
6864.000000 159.000000 -13.572000 17.083000
6876.000000 159.000000 -13.901000 17.083000
6888.000000 159.000000 -14.257000 17.083000
6900.000000 159.000000 -14.628000 17.083000
6912.000000 159.000000 -14.942000 17.083000
6924.000000 159.000000 -15.299000 17.083000
6936.000000 159.000000 -15.598625 17.083000
6948.000000 159.000000 -15.898250 17.083000
6960.000000 159.000000 -16.197875 17.083000
6972.000000 159.000000 -16.497500 17.083000
6984.000000 159.000000 -16.797125 17.083000
6996.000000 159.000000 -17.096750 17.083000
7008.000000 159.000000 -17.396375 17.083000
7020.000000 159.000000 -17.696000 17.083000
7032.000000 159.000000 -17.995625 17.083000
7044.000000 159.000000 -18.295250 17.083000
7056.000000 159.000000 -18.594875 17.083000
7068.000000 159.000000 -18.894500 17.083000
6996.000000 11.000000 -0.942000 18.567000
7008.000000 11.000000 -1.227000 18.510000
7020.000000 11.000000 -1.541000 18.510000
7032.000000 11.000000 -1.855000 18.510000
7044.000000 11.000000 -2.141000 18.567000
7056.000000 11.000000 -2.469000 18.567000
7068.000000 11.000000 -2.811000 18.624000
7080.000000 11.000000 -3.125000 18.624000
7092.000000 11.000000 -3.397875 18.631125
7104.000000 11.000000 -3.670750 18.638250
7116.000000 11.000000 -3.943625 18.645375
7128.000000 11.000000 -4.216500 18.652500
7140.000000 11.000000 -4.489375 18.659625
7152.000000 11.000000 -4.762250 18.666750
7164.000000 11.000000 -5.035125 18.673875
7176.000000 11.000000 -5.308000 18.681000
7188.000000 11.000000 -5.580875 18.688125
7200.000000 11.000000 -5.853750 18.695250
7212.000000 11.000000 -6.126625 18.702375
7224.000000 11.000000 -6.399500 18.709500
7140.000000 23.000000 15.713000 21.350000
7152.000000 23.000000 15.199000 21.008000
7164.000000 23.000000 14.671000 20.779000
7176.000000 23.000000 14.143000 20.437000
7188.000000 23.000000 13.672000 20.194000
7200.000000 23.000000 13.144000 19.966000
7212.000000 23.000000 12.630000 19.623000
7224.000000 23.000000 12.159000 19.381000
7236.000000 23.000000 11.714750 19.134875
7248.000000 23.000000 11.270500 18.888750
7260.000000 23.000000 10.826250 18.642625
7272.000000 23.000000 10.382000 18.396500
7284.000000 23.000000 9.937750 18.150375
7296.000000 23.000000 9.493500 17.904250
7308.000000 23.000000 9.049250 17.658125
7320.000000 23.000000 8.605000 17.412000
7332.000000 23.000000 8.160750 17.165875
7344.000000 23.000000 7.716500 16.919750
7356.000000 23.000000 7.272250 16.673625
7368.000000 23.000000 6.828000 16.427500
7236.000000 12.000000 -7.150000 18.924000
7248.000000 12.000000 -7.478000 18.924000
7260.000000 12.000000 -7.792000 18.924000
7272.000000 12.000000 -8.106000 18.981000
7284.000000 12.000000 -8.420000 18.981000
7296.000000 12.000000 -8.706000 19.038000
7308.000000 12.000000 -9.048000 19.038000
7320.000000 12.000000 -9.362000 19.038000
7332.000000 12.000000 -9.638500 19.052250
7344.000000 12.000000 -9.915000 19.066500
7356.000000 12.000000 -10.191500 19.080750
7368.000000 12.000000 -10.468000 19.095000
7380.000000 12.000000 -10.744500 19.109250
7392.000000 12.000000 -11.021000 19.123500
7404.000000 12.000000 -11.297500 19.137750
7416.000000 12.000000 -11.574000 19.152000
7428.000000 12.000000 -11.850500 19.166250
7440.000000 12.000000 -12.127000 19.180500
7452.000000 12.000000 -12.403500 19.194750
7464.000000 12.000000 -12.680000 19.209000
7380.000000 24.000000 4.082000 18.696000
7392.000000 24.000000 3.454000 18.696000
7404.000000 24.000000 2.783000 18.696000
7416.000000 24.000000 2.141000 18.696000
7428.000000 24.000000 1.513000 18.696000
7440.000000 24.000000 0.885000 18.696000
7452.000000 24.000000 0.214000 18.696000
7464.000000 24.000000 -0.414000 18.696000
7476.000000 24.000000 -0.976000 18.696000
7488.000000 24.000000 -1.538000 18.696000
7500.000000 24.000000 -2.100000 18.696000
7512.000000 24.000000 -2.662000 18.696000
7524.000000 24.000000 -3.224000 18.696000
7536.000000 24.000000 -3.786000 18.696000
7548.000000 24.000000 -4.348000 18.696000
7560.000000 24.000000 -4.910000 18.696000
7572.000000 24.000000 -5.472000 18.696000
7584.000000 24.000000 -6.034000 18.696000
7596.000000 24.000000 -6.596000 18.696000
7608.000000 24.000000 -7.158000 18.696000
7476.000000 13.000000 -13.401000 19.324000
7488.000000 13.000000 -13.715000 19.324000
7500.000000 13.000000 -13.744000 19.381000
7512.000000 13.000000 -14.257000 19.152000
7524.000000 13.000000 -14.728000 18.924000
7536.000000 13.000000 -15.256000 18.739000
7548.000000 13.000000 -15.656000 18.624000
7560.000000 13.000000 -16.013000 18.624000
7572.000000 13.000000 -16.339500 18.536500
7584.000000 13.000000 -16.666000 18.449000
7596.000000 13.000000 -16.992500 18.361500
7608.000000 13.000000 -17.319000 18.274000
7620.000000 13.000000 -17.645500 18.186500
7632.000000 13.000000 -17.972000 18.099000
7644.000000 13.000000 -18.298500 18.011500
7656.000000 13.000000 -18.625000 17.924000
7668.000000 13.000000 -18.951500 17.836500
7680.000000 13.000000 -19.278000 17.749000
7692.000000 13.000000 -19.604500 17.661500
7704.000000 13.000000 -19.931000 17.574000
7620.000000 38.000000 2.740000 38.576000
7632.000000 38.000000 3.054000 38.119000
7644.000000 38.000000 3.425000 37.891000
7656.000000 38.000000 3.768000 37.663000
7668.000000 38.000000 4.110000 37.377000
7680.000000 38.000000 4.481000 37.092000
7692.000000 38.000000 4.852000 36.863000
7704.000000 38.000000 5.209000 36.549000
7716.000000 38.000000 5.517625 36.295625
7728.000000 38.000000 5.826250 36.042250
7740.000000 38.000000 6.134875 35.788875
7752.000000 38.000000 6.443500 35.535500
7764.000000 38.000000 6.752125 35.282125
7776.000000 38.000000 7.060750 35.028750
7788.000000 38.000000 7.369375 34.775375
7800.000000 38.000000 7.678000 34.522000
7812.000000 38.000000 7.986625 34.268625
7824.000000 38.000000 8.295250 34.015250
7836.000000 38.000000 8.603875 33.761875
7848.000000 38.000000 8.912500 33.508500
7716.000000 14.000000 -19.752000 19.110000
7728.000000 14.000000 -19.809000 19.110000
7740.000000 14.000000 -19.837000 19.109000
7752.000000 14.000000 -19.827000 19.104000
7764.000000 14.000000 -19.818000 19.099000
7776.000000 14.000000 -19.809000 19.094000
7788.000000 14.000000 -19.800000 19.089000
7800.000000 14.000000 -19.791000 19.083000
7812.000000 14.000000 -19.795875 19.079625
7824.000000 14.000000 -19.800750 19.076250
7836.000000 14.000000 -19.805625 19.072875
7848.000000 14.000000 -19.810500 19.069500
7860.000000 14.000000 -19.815375 19.066125
7872.000000 14.000000 -19.820250 19.062750
7884.000000 14.000000 -19.825125 19.059375
7896.000000 14.000000 -19.830000 19.056000
7908.000000 14.000000 -19.834875 19.052625
7920.000000 14.000000 -19.839750 19.049250
7932.000000 14.000000 -19.844625 19.045875
7944.000000 14.000000 -19.849500 19.042500
7860.000000 39.000000 9.962000 34.951000
7872.000000 39.000000 10.318000 34.951000
7884.000000 39.000000 10.746000 34.951000
7896.000000 39.000000 11.160000 34.951000
7908.000000 39.000000 11.574000 34.951000
7920.000000 39.000000 12.002000 34.951000
7932.000000 39.000000 12.416000 34.837000
7944.000000 39.000000 12.787000 34.837000
7956.000000 39.000000 13.140125 34.822750
7968.000000 39.000000 13.493250 34.808500
7980.000000 39.000000 13.846375 34.794250
7992.000000 39.000000 14.199500 34.780000
8004.000000 39.000000 14.552625 34.765750
8016.000000 39.000000 14.905750 34.751500
8028.000000 39.000000 15.258875 34.737250
8040.000000 39.000000 15.612000 34.723000
8052.000000 39.000000 15.965125 34.708750
8064.000000 39.000000 16.318250 34.694500
8076.000000 39.000000 16.671375 34.680250
8088.000000 39.000000 17.024500 34.666000
7956.000000 15.000000 -19.672000 19.016000
7968.000000 15.000000 -19.663000 19.011000
7980.000000 15.000000 -19.654000 19.005000
7992.000000 15.000000 -19.645000 19.000000
8004.000000 15.000000 -19.636000 18.995000
8016.000000 15.000000 -19.627000 18.990000
8028.000000 15.000000 -19.617000 18.985000
8040.000000 15.000000 -19.608000 18.980000
8052.000000 15.000000 -19.600000 18.975500
8064.000000 15.000000 -19.592000 18.971000
8076.000000 15.000000 -19.584000 18.966500
8088.000000 15.000000 -19.576000 18.962000
8100.000000 15.000000 -19.568000 18.957500
8112.000000 15.000000 -19.560000 18.953000
8124.000000 15.000000 -19.552000 18.948500
8136.000000 15.000000 -19.544000 18.944000
8148.000000 15.000000 -19.536000 18.939500
8160.000000 15.000000 -19.528000 18.935000
8172.000000 15.000000 -19.520000 18.930500
8184.000000 15.000000 -19.512000 18.926000
8004.000000 37.000000 11.003000 35.750000
8016.000000 37.000000 11.317000 35.750000
8028.000000 37.000000 11.631000 35.750000
8040.000000 37.000000 11.945000 35.636000
8052.000000 37.000000 12.202000 35.522000
8064.000000 37.000000 12.673000 35.522000
8076.000000 37.000000 13.158000 35.522000
8088.000000 37.000000 13.315000 35.522000
8100.000000 37.000000 13.604000 35.493500
8112.000000 37.000000 13.893000 35.465000
8124.000000 37.000000 14.182000 35.436500
8136.000000 37.000000 14.471000 35.408000
8148.000000 37.000000 14.760000 35.379500
8160.000000 37.000000 15.049000 35.351000
8172.000000 37.000000 15.338000 35.322500
8184.000000 37.000000 15.627000 35.294000
8196.000000 37.000000 15.916000 35.265500
8208.000000 37.000000 16.205000 35.237000
8220.000000 37.000000 16.494000 35.208500
8232.000000 37.000000 16.783000 35.180000
8052.000000 81.000000 16.555000 6.379000
8064.000000 81.000000 15.984000 6.379000
8076.000000 81.000000 15.413000 6.379000
8088.000000 81.000000 14.828000 6.379000
8100.000000 81.000000 14.243000 6.379000
8112.000000 81.000000 13.672000 6.379000
8124.000000 81.000000 13.101000 6.379000
8136.000000 81.000000 12.530000 6.379000
8148.000000 81.000000 12.026875 6.379000
8160.000000 81.000000 11.523750 6.379000
8172.000000 81.000000 11.020625 6.379000
8184.000000 81.000000 10.517500 6.379000
8196.000000 81.000000 10.014375 6.379000
8208.000000 81.000000 9.511250 6.379000
8220.000000 81.000000 9.008125 6.379000
8232.000000 81.000000 8.505000 6.379000
8244.000000 81.000000 8.001875 6.379000
8256.000000 81.000000 7.498750 6.379000
8268.000000 81.000000 6.995625 6.379000
8280.000000 81.000000 6.492500 6.379000
8196.000000 16.000000 -19.489000 18.912000
8208.000000 16.000000 -19.480000 18.907000
8220.000000 16.000000 -19.471000 18.902000
8232.000000 16.000000 -19.462000 18.897000
8244.000000 16.000000 -19.453000 18.892000
8256.000000 16.000000 -19.444000 18.886000
8268.000000 16.000000 -19.434000 18.881000
8280.000000 16.000000 -19.425000 18.876000
8292.000000 16.000000 -19.417000 18.871500
8304.000000 16.000000 -19.409000 18.867000
8316.000000 16.000000 -19.401000 18.862500
8328.000000 16.000000 -19.393000 18.858000
8340.000000 16.000000 -19.385000 18.853500
8352.000000 16.000000 -19.377000 18.849000
8364.000000 16.000000 -19.369000 18.844500
8376.000000 16.000000 -19.361000 18.840000
8388.000000 16.000000 -19.353000 18.835500
8400.000000 16.000000 -19.345000 18.831000
8412.000000 16.000000 -19.337000 18.826500
8424.000000 16.000000 -19.329000 18.822000
8292.000000 82.000000 4.767000 6.265000
8304.000000 82.000000 4.139000 6.265000
8316.000000 82.000000 3.511000 6.265000
8328.000000 82.000000 2.883000 6.265000
8340.000000 82.000000 2.312000 6.265000
8352.000000 82.000000 1.727000 6.265000
8364.000000 82.000000 1.142000 6.265000
8376.000000 82.000000 0.628000 6.379000
8388.000000 82.000000 0.110625 6.393250
8400.000000 82.000000 -0.406750 6.407500
8412.000000 82.000000 -0.924125 6.421750
8424.000000 82.000000 -1.441500 6.436000
8436.000000 82.000000 -1.958875 6.450250
8448.000000 82.000000 -2.476250 6.464500
8460.000000 82.000000 -2.993625 6.478750
8472.000000 82.000000 -3.511000 6.493000
8484.000000 82.000000 -4.028375 6.507250
8496.000000 82.000000 -4.545750 6.521500
8508.000000 82.000000 -5.063125 6.535750
8520.000000 82.000000 -5.580500 6.550000
8436.000000 17.000000 -12.074000 19.224000
8448.000000 17.000000 -11.446000 19.224000
8460.000000 17.000000 -10.818000 19.224000
8472.000000 17.000000 -10.190000 19.224000
8484.000000 17.000000 -9.562000 19.224000
8496.000000 17.000000 -8.934000 19.224000
8508.000000 17.000000 -8.363000 19.053000
8520.000000 17.000000 -7.749000 18.867000
8532.000000 17.000000 -7.208375 18.822375
8544.000000 17.000000 -6.667750 18.777750
8556.000000 17.000000 -6.127125 18.733125
8568.000000 17.000000 -5.586500 18.688500
8580.000000 17.000000 -5.045875 18.643875
8592.000000 17.000000 -4.505250 18.599250
8604.000000 17.000000 -3.964625 18.554625
8616.000000 17.000000 -3.424000 18.510000
8628.000000 17.000000 -2.883375 18.465375
8640.000000 17.000000 -2.342750 18.420750
8652.000000 17.000000 -1.802125 18.376125
8664.000000 17.000000 -1.261500 18.331500
8532.000000 83.000000 -7.179000 6.551000
8544.000000 83.000000 -7.807000 6.322000
8556.000000 83.000000 -8.377000 5.980000
8568.000000 83.000000 -9.005000 5.923000
8580.000000 83.000000 -9.662000 5.980000
8592.000000 83.000000 -10.304000 6.037000
8604.000000 83.000000 -10.961000 6.094000
8616.000000 83.000000 -11.589000 6.037000
8628.000000 83.000000 -12.140250 5.972750
8640.000000 83.000000 -12.691500 5.908500
8652.000000 83.000000 -13.242750 5.844250
8664.000000 83.000000 -13.794000 5.780000
8676.000000 83.000000 -14.345250 5.715750
8688.000000 83.000000 -14.896500 5.651500
8700.000000 83.000000 -15.447750 5.587250
8712.000000 83.000000 -15.999000 5.523000
8724.000000 83.000000 -16.550250 5.458750
8736.000000 83.000000 -17.101500 5.394500
8748.000000 83.000000 -17.652750 5.330250
8760.000000 83.000000 -18.204000 5.266000
8676.000000 18.000000 0.271000 18.339000
8688.000000 18.000000 0.842000 18.339000
8700.000000 18.000000 1.470000 18.225000
8712.000000 18.000000 2.098000 18.225000
8724.000000 18.000000 2.669000 18.225000
8736.000000 18.000000 3.297000 18.339000
8748.000000 18.000000 3.868000 18.453000
8760.000000 18.000000 4.453000 18.567000
8772.000000 18.000000 4.975750 18.595500
8784.000000 18.000000 5.498500 18.624000
8796.000000 18.000000 6.021250 18.652500
8808.000000 18.000000 6.544000 18.681000
8820.000000 18.000000 7.066750 18.709500
8832.000000 18.000000 7.589500 18.738000
8844.000000 18.000000 8.112250 18.766500
8856.000000 18.000000 8.635000 18.795000
8868.000000 18.000000 9.157750 18.823500
8880.000000 18.000000 9.680500 18.852000
8892.000000 18.000000 10.203250 18.880500
8904.000000 18.000000 10.726000 18.909000
8820.000000 2.000000 16.113000 23.719000
8832.000000 2.000000 16.041000 22.906000
8844.000000 2.000000 15.956000 22.107000
8856.000000 2.000000 15.899000 21.365000
8868.000000 2.000000 15.827000 20.537000
8880.000000 2.000000 15.770000 19.852000
8892.000000 2.000000 15.456000 19.167000
8904.000000 2.000000 15.142000 18.453000
8916.000000 2.000000 15.020625 17.794750
8928.000000 2.000000 14.899250 17.136500
8940.000000 2.000000 14.777875 16.478250
8952.000000 2.000000 14.656500 15.820000
8964.000000 2.000000 14.535125 15.161750
8976.000000 2.000000 14.413750 14.503500
8988.000000 2.000000 14.292375 13.845250
9000.000000 2.000000 14.171000 13.187000
9012.000000 2.000000 14.049625 12.528750
9024.000000 2.000000 13.928250 11.870500
9036.000000 2.000000 13.806875 11.212250
9048.000000 2.000000 13.685500 10.554000
9060.000000 3.000000 11.060000 10.946000
9072.000000 3.000000 10.433000 10.375000
9084.000000 3.000000 9.862000 9.904000
9096.000000 3.000000 9.248000 9.319000
9108.000000 3.000000 8.663000 8.748000
9120.000000 3.000000 8.035000 8.178000
9132.000000 3.000000 10.147000 10.133000
9144.000000 3.000000 7.022000 7.407000
9156.000000 3.000000 6.517250 6.964625
9168.000000 3.000000 6.012500 6.522250
9180.000000 3.000000 5.507750 6.079875
9192.000000 3.000000 5.003000 5.637500
9204.000000 3.000000 4.498250 5.195125
9216.000000 3.000000 3.993500 4.752750
9228.000000 3.000000 3.488750 4.310375
9240.000000 3.000000 2.984000 3.868000
9252.000000 3.000000 2.479250 3.425625
9264.000000 3.000000 1.974500 2.983250
9276.000000 3.000000 1.469750 2.540875
9288.000000 3.000000 0.965000 2.098500
9108.000000 19.000000 14.971000 7.350000
9120.000000 19.000000 14.172000 7.122000
9132.000000 19.000000 13.430000 7.007000
9144.000000 19.000000 12.802000 6.893000
9156.000000 19.000000 12.174000 6.665000
9168.000000 19.000000 11.603000 6.551000
9180.000000 19.000000 11.089000 6.436000
9192.000000 19.000000 10.547000 6.322000
9204.000000 19.000000 9.994000 6.193500
9216.000000 19.000000 9.441000 6.065000
9228.000000 19.000000 8.888000 5.936500
9240.000000 19.000000 8.335000 5.808000
9252.000000 19.000000 7.782000 5.679500
9264.000000 19.000000 7.229000 5.551000
9276.000000 19.000000 6.676000 5.422500
9288.000000 19.000000 6.123000 5.294000
9300.000000 19.000000 5.570000 5.165500
9312.000000 19.000000 5.017000 5.037000
9324.000000 19.000000 4.464000 4.908500
9336.000000 19.000000 3.911000 4.780000
9300.000000 4.000000 0.842000 -1.727000
9312.000000 4.000000 0.842000 -1.727000
9324.000000 4.000000 0.842000 -1.727000
9336.000000 4.000000 0.842000 -1.727000
9348.000000 4.000000 0.842000 -1.727000
9360.000000 4.000000 0.842000 -1.727000
9372.000000 4.000000 0.842000 -1.727000
9384.000000 4.000000 0.842000 -1.727000
9396.000000 4.000000 0.842000 -1.727000
9408.000000 4.000000 0.842000 -1.727000
9420.000000 4.000000 0.842000 -1.727000
9432.000000 4.000000 0.842000 -1.727000
9444.000000 4.000000 0.842000 -1.727000
9456.000000 4.000000 0.842000 -1.727000
9468.000000 4.000000 0.842000 -1.727000
9480.000000 4.000000 0.842000 -1.727000
9492.000000 4.000000 0.842000 -1.727000
9504.000000 4.000000 0.842000 -1.727000
9516.000000 4.000000 0.842000 -1.727000
9528.000000 4.000000 0.842000 -1.727000
9456.000000 27.000000 -18.867000 18.054000
9468.000000 27.000000 -18.239000 18.111000
9480.000000 27.000000 -17.611000 18.225000
9492.000000 27.000000 -17.083000 18.168000
9504.000000 27.000000 -16.569000 18.054000
9516.000000 27.000000 -16.041000 17.939000
9528.000000 27.000000 -15.513000 17.768000
9540.000000 27.000000 -14.957000 17.711000
9552.000000 27.000000 -14.468250 17.668125
9564.000000 27.000000 -13.979500 17.625250
9576.000000 27.000000 -13.490750 17.582375
9588.000000 27.000000 -13.002000 17.539500
9600.000000 27.000000 -12.513250 17.496625
9612.000000 27.000000 -12.024500 17.453750
9624.000000 27.000000 -11.535750 17.410875
9636.000000 27.000000 -11.047000 17.368000
9648.000000 27.000000 -10.558250 17.325125
9660.000000 27.000000 -10.069500 17.282250
9672.000000 27.000000 -9.580750 17.239375
9684.000000 27.000000 -9.092000 17.196500
9456.000000 111.000000 -18.353000 17.197000
9468.000000 111.000000 -17.754000 17.197000
9480.000000 111.000000 -17.183000 17.197000
9492.000000 111.000000 -16.612000 17.083000
9504.000000 111.000000 -16.141000 16.840000
9516.000000 111.000000 -15.727000 16.840000
9528.000000 111.000000 -15.342000 16.726000
9540.000000 111.000000 -14.800000 16.840000
9552.000000 111.000000 -14.355875 16.795375
9564.000000 111.000000 -13.911750 16.750750
9576.000000 111.000000 -13.467625 16.706125
9588.000000 111.000000 -13.023500 16.661500
9600.000000 111.000000 -12.579375 16.616875
9612.000000 111.000000 -12.135250 16.572250
9624.000000 111.000000 -11.691125 16.527625
9636.000000 111.000000 -11.247000 16.483000
9648.000000 111.000000 -10.802875 16.438375
9660.000000 111.000000 -10.358750 16.393750
9672.000000 111.000000 -9.914625 16.349125
9684.000000 111.000000 -9.470500 16.304500
9696.000000 28.000000 -7.592000 17.996000
9708.000000 28.000000 -7.136000 17.996000
9720.000000 28.000000 -6.708000 17.996000
9732.000000 28.000000 -6.251000 18.111000
9744.000000 28.000000 -5.709000 18.111000
9756.000000 28.000000 -5.195000 18.111000
9768.000000 28.000000 -4.710000 18.111000
9780.000000 28.000000 -4.196000 18.111000
9792.000000 28.000000 -3.771500 18.125375
9804.000000 28.000000 -3.347000 18.139750
9816.000000 28.000000 -2.922500 18.154125
9828.000000 28.000000 -2.498000 18.168500
9840.000000 28.000000 -2.073500 18.182875
9852.000000 28.000000 -1.649000 18.197250
9864.000000 28.000000 -1.224500 18.211625
9876.000000 28.000000 -0.800000 18.226000
9888.000000 28.000000 -0.375500 18.240375
9900.000000 28.000000 0.049000 18.254750
9912.000000 28.000000 0.473500 18.269125
9924.000000 28.000000 0.898000 18.283500
9696.000000 112.000000 -7.407000 16.969000
9708.000000 112.000000 -6.950000 16.840000
9720.000000 112.000000 -6.522000 16.840000
9732.000000 112.000000 -6.108000 16.840000
9744.000000 112.000000 -5.751000 16.969000
9756.000000 112.000000 -5.380000 16.969000
9768.000000 112.000000 -4.895000 17.083000
9780.000000 112.000000 -4.324000 17.083000
9792.000000 112.000000 -3.938625 17.097250
9804.000000 112.000000 -3.553250 17.111500
9816.000000 112.000000 -3.167875 17.125750
9828.000000 112.000000 -2.782500 17.140000
9840.000000 112.000000 -2.397125 17.154250
9852.000000 112.000000 -2.011750 17.168500
9864.000000 112.000000 -1.626375 17.182750
9876.000000 112.000000 -1.241000 17.197000
9888.000000 112.000000 -0.855625 17.211250
9900.000000 112.000000 -0.470250 17.225500
9912.000000 112.000000 -0.084875 17.239750
9924.000000 112.000000 0.300500 17.254000
9936.000000 29.000000 3.083000 18.111000
9948.000000 29.000000 3.397000 18.111000
9960.000000 29.000000 3.654000 18.111000
9972.000000 29.000000 4.139000 18.111000
9984.000000 29.000000 4.710000 18.111000
9996.000000 29.000000 5.338000 18.111000
10008.000000 29.000000 5.837000 17.939000
10020.000000 29.000000 6.294000 17.882000
10032.000000 29.000000 6.695375 17.853375
10044.000000 29.000000 7.096750 17.824750
10056.000000 29.000000 7.498125 17.796125
10068.000000 29.000000 7.899500 17.767500
10080.000000 29.000000 8.300875 17.738875
10092.000000 29.000000 8.702250 17.710250
10104.000000 29.000000 9.103625 17.681625
10116.000000 29.000000 9.505000 17.653000
10128.000000 29.000000 9.906375 17.624375
10140.000000 29.000000 10.307750 17.595750
10152.000000 29.000000 10.709125 17.567125
10164.000000 29.000000 11.110500 17.538500
9936.000000 113.000000 3.354000 17.197000
9948.000000 113.000000 3.668000 17.197000
9960.000000 113.000000 3.925000 17.197000
9972.000000 113.000000 4.353000 16.969000
9984.000000 113.000000 4.810000 16.840000
9996.000000 113.000000 5.181000 16.726000
10008.000000 113.000000 5.580000 16.726000
10020.000000 113.000000 6.194000 16.840000
10032.000000 113.000000 6.549000 16.795375
10044.000000 113.000000 6.904000 16.750750
10056.000000 113.000000 7.259000 16.706125
10068.000000 113.000000 7.614000 16.661500
10080.000000 113.000000 7.969000 16.616875
10092.000000 113.000000 8.324000 16.572250
10104.000000 113.000000 8.679000 16.527625
10116.000000 113.000000 9.034000 16.483000
10128.000000 113.000000 9.389000 16.438375
10140.000000 113.000000 9.744000 16.393750
10152.000000 113.000000 10.099000 16.349125
10164.000000 113.000000 10.454000 16.304500
10308.000000 144.000000 -20.180000 19.252000
10320.000000 144.000000 -19.837000 18.339000
10332.000000 144.000000 -19.566000 18.396000
10344.000000 144.000000 -19.295000 18.510000
10356.000000 144.000000 -18.838000 18.739000
10368.000000 144.000000 -18.325000 18.739000
10380.000000 144.000000 -17.740000 18.739000
10392.000000 144.000000 -17.169000 18.739000
10404.000000 144.000000 -16.792625 18.674875
10416.000000 144.000000 -16.416250 18.610750
10428.000000 144.000000 -16.039875 18.546625
10440.000000 144.000000 -15.663500 18.482500
10452.000000 144.000000 -15.287125 18.418375
10464.000000 144.000000 -14.910750 18.354250
10476.000000 144.000000 -14.534375 18.290125
10488.000000 144.000000 -14.158000 18.226000
10500.000000 144.000000 -13.781625 18.161875
10512.000000 144.000000 -13.405250 18.097750
10524.000000 144.000000 -13.028875 18.033625
10536.000000 144.000000 -12.652500 17.969500
10452.000000 75.000000 -20.094000 18.054000
10464.000000 75.000000 -19.880000 18.168000
10476.000000 75.000000 -19.595000 18.111000
10488.000000 75.000000 -19.181000 18.054000
10500.000000 75.000000 -18.582000 18.054000
10512.000000 75.000000 -18.068000 17.996000
10524.000000 75.000000 -17.483000 18.054000
10536.000000 75.000000 -16.912000 18.111000
10548.000000 75.000000 -16.514250 18.118125
10560.000000 75.000000 -16.116500 18.125250
10572.000000 75.000000 -15.718750 18.132375
10584.000000 75.000000 -15.321000 18.139500
10596.000000 75.000000 -14.923250 18.146625
10608.000000 75.000000 -14.525500 18.153750
10620.000000 75.000000 -14.127750 18.160875
10632.000000 75.000000 -13.730000 18.168000
10644.000000 75.000000 -13.332250 18.175125
10656.000000 75.000000 -12.934500 18.182250
10668.000000 75.000000 -12.536750 18.189375
10680.000000 75.000000 -12.139000 18.196500
10548.000000 145.000000 -9.933000 17.825000
10560.000000 145.000000 -9.462000 17.711000
10572.000000 145.000000 -8.963000 17.597000
10584.000000 145.000000 -8.520000 17.311000
10596.000000 145.000000 -8.106000 16.840000
10608.000000 145.000000 -7.735000 16.270000
10620.000000 145.000000 -7.307000 15.799000
10632.000000 145.000000 -6.936000 15.342000
10644.000000 145.000000 -6.561375 15.031625
10656.000000 145.000000 -6.186750 14.721250
10668.000000 145.000000 -5.812125 14.410875
10680.000000 145.000000 -5.437500 14.100500
10692.000000 145.000000 -5.062875 13.790125
10704.000000 145.000000 -4.688250 13.479750
10716.000000 145.000000 -4.313625 13.169375
10728.000000 145.000000 -3.939000 12.859000
10740.000000 145.000000 -3.564375 12.548625
10752.000000 145.000000 -3.189750 12.238250
10764.000000 145.000000 -2.815125 11.927875
10776.000000 145.000000 -2.440500 11.617500
10692.000000 76.000000 -9.676000 18.168000
10704.000000 76.000000 -9.091000 18.168000
10716.000000 76.000000 -8.520000 18.054000
10728.000000 76.000000 -7.935000 17.939000
10740.000000 76.000000 -7.364000 17.825000
10752.000000 76.000000 -6.836000 17.711000
10764.000000 76.000000 -6.265000 17.711000
10776.000000 76.000000 -5.737000 17.711000
10788.000000 76.000000 -5.244625 17.653875
10800.000000 76.000000 -4.752250 17.596750
10812.000000 76.000000 -4.259875 17.539625
10824.000000 76.000000 -3.767500 17.482500
10836.000000 76.000000 -3.275125 17.425375
10848.000000 76.000000 -2.782750 17.368250
10860.000000 76.000000 -2.290375 17.311125
10872.000000 76.000000 -1.798000 17.254000
10884.000000 76.000000 -1.305625 17.196875
10896.000000 76.000000 -0.813250 17.139750
10908.000000 76.000000 -0.320875 17.082625
10920.000000 76.000000 0.171500 17.025500
10788.000000 146.000000 -2.655000 8.977000
10800.000000 146.000000 -2.226000 8.520000
10812.000000 146.000000 -1.798000 8.049000
10824.000000 146.000000 -1.342000 7.707000
10836.000000 146.000000 -0.813000 7.592000
10848.000000 146.000000 -0.228000 7.364000
10860.000000 146.000000 0.285000 7.236000
10872.000000 146.000000 0.856000 7.122000
10884.000000 146.000000 1.294875 6.890125
10896.000000 146.000000 1.733750 6.658250
10908.000000 146.000000 2.172625 6.426375
10920.000000 146.000000 2.611500 6.194500
10932.000000 146.000000 3.050375 5.962625
10944.000000 146.000000 3.489250 5.730750
10956.000000 146.000000 3.928125 5.498875
10968.000000 146.000000 4.367000 5.267000
10980.000000 146.000000 4.805875 5.035125
10992.000000 146.000000 5.244750 4.803250
11004.000000 146.000000 5.683625 4.571375
11016.000000 146.000000 6.122500 4.339500
10932.000000 77.000000 1.912000 18.282000
10944.000000 77.000000 2.483000 18.282000
10956.000000 77.000000 3.068000 18.168000
10968.000000 77.000000 3.582000 18.054000
10980.000000 77.000000 4.167000 18.054000
10992.000000 77.000000 4.738000 17.939000
11004.000000 77.000000 5.338000 17.882000
11016.000000 77.000000 5.980000 17.825000
11028.000000 77.000000 6.488500 17.767875
11040.000000 77.000000 6.997000 17.710750
11052.000000 77.000000 7.505500 17.653625
11064.000000 77.000000 8.014000 17.596500
11076.000000 77.000000 8.522500 17.539375
11088.000000 77.000000 9.031000 17.482250
11100.000000 77.000000 9.539500 17.425125
11112.000000 77.000000 10.048000 17.368000
11124.000000 77.000000 10.556500 17.310875
11136.000000 77.000000 11.065000 17.253750
11148.000000 77.000000 11.573500 17.196625
11160.000000 77.000000 12.082000 17.139500
12072.000000 166.000000 16.427000 4.981000
12084.000000 166.000000 15.856000 4.981000
12096.000000 166.000000 15.328000 5.095000
12108.000000 166.000000 14.800000 5.095000
12120.000000 166.000000 14.229000 5.209000
12132.000000 166.000000 13.715000 5.209000
12144.000000 166.000000 13.116000 5.338000
12156.000000 166.000000 12.602000 5.338000
12168.000000 166.000000 12.123875 5.382625
12180.000000 166.000000 11.645750 5.427250
12192.000000 166.000000 11.167625 5.471875
12204.000000 166.000000 10.689500 5.516500
12216.000000 166.000000 10.211375 5.561125
12228.000000 166.000000 9.733250 5.605750
12240.000000 166.000000 9.255125 5.650375
12252.000000 166.000000 8.777000 5.695000
12264.000000 166.000000 8.298875 5.739625
12276.000000 166.000000 7.820750 5.784250
12288.000000 166.000000 7.342625 5.828875
12300.000000 166.000000 6.864500 5.873500
12312.000000 168.000000 3.211000 5.095000
12324.000000 168.000000 2.440000 5.095000
12336.000000 168.000000 1.641000 5.095000
12348.000000 168.000000 0.871000 5.095000
12360.000000 168.000000 0.071000 5.095000
12372.000000 168.000000 -0.699000 5.095000
12384.000000 168.000000 -1.499000 5.095000
12396.000000 168.000000 -2.269000 5.095000
12408.000000 168.000000 -2.954000 5.095000
12420.000000 168.000000 -3.639000 5.095000
12432.000000 168.000000 -4.324000 5.095000
12444.000000 168.000000 -5.009000 5.095000
12456.000000 168.000000 -5.694000 5.095000
12468.000000 168.000000 -6.379000 5.095000
12480.000000 168.000000 -7.064000 5.095000
12492.000000 168.000000 -7.749000 5.095000
12504.000000 168.000000 -8.434000 5.095000
12516.000000 168.000000 -9.119000 5.095000
12528.000000 168.000000 -9.804000 5.095000
12540.000000 168.000000 -10.489000 5.095000
12360.000000 121.000000 -19.495000 6.608000
12372.000000 121.000000 -19.081000 6.722000
12384.000000 121.000000 -18.610000 6.836000
12396.000000 121.000000 -18.139000 7.079000
12408.000000 121.000000 -17.711000 7.193000
12420.000000 121.000000 -17.254000 7.307000
12432.000000 121.000000 -16.769000 7.535000
12444.000000 121.000000 -16.255000 7.535000
12456.000000 121.000000 -15.850000 7.650875
12468.000000 121.000000 -15.445000 7.766750
12480.000000 121.000000 -15.040000 7.882625
12492.000000 121.000000 -14.635000 7.998500
12504.000000 121.000000 -14.230000 8.114375
12516.000000 121.000000 -13.825000 8.230250
12528.000000 121.000000 -13.420000 8.346125
12540.000000 121.000000 -13.015000 8.462000
12552.000000 121.000000 -12.610000 8.577875
12564.000000 121.000000 -12.205000 8.693750
12576.000000 121.000000 -11.800000 8.809625
12588.000000 121.000000 -11.395000 8.925500
12480.000000 45.000000 16.598000 6.950000
12492.000000 45.000000 16.369000 7.407000
12504.000000 45.000000 16.113000 7.992000
12516.000000 45.000000 15.799000 8.463000
12528.000000 45.000000 15.428000 8.920000
12540.000000 45.000000 15.085000 9.376000
12552.000000 45.000000 14.743000 9.847000
12564.000000 45.000000 14.371000 10.304000
12576.000000 45.000000 14.092625 10.723250
12588.000000 45.000000 13.814250 11.142500
12600.000000 45.000000 13.535875 11.561750
12612.000000 45.000000 13.257500 11.981000
12624.000000 45.000000 12.979125 12.400250
12636.000000 45.000000 12.700750 12.819500
12648.000000 45.000000 12.422375 13.238750
12660.000000 45.000000 12.144000 13.658000
12672.000000 45.000000 11.865625 14.077250
12684.000000 45.000000 11.587250 14.496500
12696.000000 45.000000 11.308875 14.915750
12708.000000 45.000000 11.030500 15.335000
12600.000000 122.000000 -6.750000 7.179000
12612.000000 122.000000 -5.809000 7.179000
12624.000000 122.000000 -4.867000 7.179000
12636.000000 122.000000 -4.096000 7.179000
12648.000000 122.000000 -3.468000 7.179000
12660.000000 122.000000 -2.840000 7.236000
12672.000000 122.000000 -2.212000 7.236000
12684.000000 122.000000 -1.627000 7.236000
12696.000000 122.000000 -0.986625 7.243125
12708.000000 122.000000 -0.346250 7.250250
12720.000000 122.000000 0.294125 7.257375
12732.000000 122.000000 0.934500 7.264500
12744.000000 122.000000 1.574875 7.271625
12756.000000 122.000000 2.215250 7.278750
12768.000000 122.000000 2.855625 7.285875
12780.000000 122.000000 3.496000 7.293000
12792.000000 122.000000 4.136375 7.300125
12804.000000 122.000000 4.776750 7.307250
12816.000000 122.000000 5.417125 7.314375
12828.000000 122.000000 6.057500 7.321500
12720.000000 46.000000 9.462000 16.270000
12732.000000 46.000000 8.991000 16.726000
12744.000000 46.000000 8.534000 17.197000
12756.000000 46.000000 8.121000 17.540000
12768.000000 46.000000 7.807000 17.768000
12780.000000 46.000000 7.493000 18.111000
12792.000000 46.000000 7.122000 18.339000
12804.000000 46.000000 6.808000 18.582000
12816.000000 46.000000 6.476250 18.871000
12828.000000 46.000000 6.144500 19.160000
12840.000000 46.000000 5.812750 19.449000
12852.000000 46.000000 5.481000 19.738000
12864.000000 46.000000 5.149250 20.027000
12876.000000 46.000000 4.817500 20.316000
12888.000000 46.000000 4.485750 20.605000
12900.000000 46.000000 4.154000 20.894000
12912.000000 46.000000 3.822250 21.183000
12924.000000 46.000000 3.490500 21.472000
12936.000000 46.000000 3.158750 21.761000
12948.000000 46.000000 2.827000 22.050000
12840.000000 123.000000 5.809000 6.665000
12852.000000 123.000000 6.379000 6.665000
12864.000000 123.000000 6.979000 6.665000
12876.000000 123.000000 7.550000 6.665000
12888.000000 123.000000 8.178000 6.665000
12900.000000 123.000000 8.748000 6.665000
12912.000000 123.000000 9.319000 6.665000
12924.000000 123.000000 9.890000 6.665000
12936.000000 123.000000 10.400125 6.665000
12948.000000 123.000000 10.910250 6.665000
12960.000000 123.000000 11.420375 6.665000
12972.000000 123.000000 11.930500 6.665000
12984.000000 123.000000 12.440625 6.665000
12996.000000 123.000000 12.950750 6.665000
13008.000000 123.000000 13.460875 6.665000
13020.000000 123.000000 13.971000 6.665000
13032.000000 123.000000 14.481125 6.665000
13044.000000 123.000000 14.991250 6.665000
13056.000000 123.000000 15.501375 6.665000
13068.000000 123.000000 16.011500 6.665000
12960.000000 47.000000 -0.457000 19.395000
12972.000000 47.000000 -1.028000 19.509000
12984.000000 47.000000 -1.627000 19.509000
12996.000000 47.000000 -2.198000 19.509000
13008.000000 47.000000 -2.797000 19.566000
13020.000000 47.000000 -3.468000 19.680000
13032.000000 47.000000 -4.124000 19.738000
13044.000000 47.000000 -4.767000 19.795000
13056.000000 47.000000 -5.305750 19.845000
13068.000000 47.000000 -5.844500 19.895000
13080.000000 47.000000 -6.383250 19.945000
13092.000000 47.000000 -6.922000 19.995000
13104.000000 47.000000 -7.460750 20.045000
13116.000000 47.000000 -7.999500 20.095000
13128.000000 47.000000 -8.538250 20.145000
13140.000000 47.000000 -9.077000 20.195000
13152.000000 47.000000 -9.615750 20.245000
13164.000000 47.000000 -10.154500 20.295000
13176.000000 47.000000 -10.693250 20.345000
13188.000000 47.000000 -11.232000 20.395000
13068.000000 167.000000 -19.466000 18.168000
13080.000000 167.000000 -17.797000 18.168000
13092.000000 167.000000 -16.070000 18.168000
13104.000000 167.000000 -14.386000 18.168000
13116.000000 167.000000 -12.659000 18.168000
13128.000000 167.000000 -10.932000 18.168000
13140.000000 167.000000 -9.305000 18.054000
13152.000000 167.000000 -7.778000 18.054000
13164.000000 167.000000 -6.317000 18.039750
13176.000000 167.000000 -4.856000 18.025500
13188.000000 167.000000 -3.395000 18.011250
13200.000000 167.000000 -1.934000 17.997000
13212.000000 167.000000 -0.473000 17.982750
13224.000000 167.000000 0.988000 17.968500
13236.000000 167.000000 2.449000 17.954250
13248.000000 167.000000 3.910000 17.940000
13260.000000 167.000000 5.371000 17.925750
13272.000000 167.000000 6.832000 17.911500
13284.000000 167.000000 8.293000 17.897250
13296.000000 167.000000 9.754000 17.883000
13188.000000 51.000000 16.840000 31.826000
13200.000000 51.000000 16.798000 31.826000
13212.000000 51.000000 16.741000 31.826000
13224.000000 51.000000 16.641000 31.826000
13236.000000 51.000000 16.584000 31.826000
13248.000000 51.000000 16.526000 31.826000
13260.000000 51.000000 16.526000 31.940000
13272.000000 51.000000 16.526000 31.940000
13284.000000 51.000000 16.486750 31.954250
13296.000000 51.000000 16.447500 31.968500
13308.000000 51.000000 16.408250 31.982750
13320.000000 51.000000 16.369000 31.997000
13332.000000 51.000000 16.329750 32.011250
13344.000000 51.000000 16.290500 32.025500
13356.000000 51.000000 16.251250 32.039750
13368.000000 51.000000 16.212000 32.054000
13380.000000 51.000000 16.172750 32.068250
13392.000000 51.000000 16.133500 32.082500
13404.000000 51.000000 16.094250 32.096750
13416.000000 51.000000 16.055000 32.111000
13200.000000 48.000000 -12.331000 20.194000
13212.000000 48.000000 -12.902000 20.194000
13224.000000 48.000000 -13.472000 20.080000
13236.000000 48.000000 -14.043000 20.080000
13248.000000 48.000000 -14.614000 20.080000
13260.000000 48.000000 -15.213000 20.080000
13272.000000 48.000000 -15.784000 20.080000
13284.000000 48.000000 -16.355000 20.080000
13296.000000 48.000000 -16.858000 20.065750
13308.000000 48.000000 -17.361000 20.051500
13320.000000 48.000000 -17.864000 20.037250
13332.000000 48.000000 -18.367000 20.023000
13344.000000 48.000000 -18.870000 20.008750
13356.000000 48.000000 -19.373000 19.994500
13368.000000 48.000000 -19.876000 19.980250
13380.000000 48.000000 -20.379000 19.966000
13392.000000 48.000000 -20.882000 19.951750
13404.000000 48.000000 -21.385000 19.937500
13416.000000 48.000000 -21.888000 19.923250
13428.000000 48.000000 -22.391000 19.909000
13428.000000 52.000000 16.526000 31.940000
13440.000000 52.000000 16.526000 31.940000
13452.000000 52.000000 16.526000 31.940000
13464.000000 52.000000 16.526000 31.940000
13476.000000 52.000000 16.526000 31.940000
13488.000000 52.000000 16.526000 31.940000
13500.000000 52.000000 16.526000 31.940000
13512.000000 52.000000 16.484000 31.883000
13524.000000 52.000000 16.478750 31.875875
13536.000000 52.000000 16.473500 31.868750
13548.000000 52.000000 16.468250 31.861625
13560.000000 52.000000 16.463000 31.854500
13572.000000 52.000000 16.457750 31.847375
13584.000000 52.000000 16.452500 31.840250
13596.000000 52.000000 16.447250 31.833125
13608.000000 52.000000 16.442000 31.826000
13620.000000 52.000000 16.436750 31.818875
13632.000000 52.000000 16.431500 31.811750
13644.000000 52.000000 16.426250 31.804625
13656.000000 52.000000 16.421000 31.797500
13440.000000 49.000000 -19.568000 20.033000
13452.000000 49.000000 -19.546000 20.026000
13464.000000 49.000000 -19.524000 20.019000
13476.000000 49.000000 -19.503000 20.013000
13488.000000 49.000000 -19.481000 20.006000
13500.000000 49.000000 -19.459000 20.000000
13512.000000 49.000000 -19.438000 19.993000
13524.000000 49.000000 -19.416000 19.986000
13536.000000 49.000000 -19.397000 19.980125
13548.000000 49.000000 -19.378000 19.974250
13560.000000 49.000000 -19.359000 19.968375
13572.000000 49.000000 -19.340000 19.962500
13584.000000 49.000000 -19.321000 19.956625
13596.000000 49.000000 -19.302000 19.950750
13608.000000 49.000000 -19.283000 19.944875
13620.000000 49.000000 -19.264000 19.939000
13632.000000 49.000000 -19.245000 19.933125
13644.000000 49.000000 -19.226000 19.927250
13656.000000 49.000000 -19.207000 19.921375
13668.000000 49.000000 -19.188000 19.915500
13524.000000 42.000000 16.869000 28.301000
13536.000000 42.000000 16.741000 27.715000
13548.000000 42.000000 16.626000 27.130000
13560.000000 42.000000 16.512000 26.616000
13572.000000 42.000000 16.369000 26.046000
13584.000000 42.000000 16.270000 25.460000
13596.000000 42.000000 16.113000 24.875000
13608.000000 42.000000 15.984000 24.247000
13620.000000 42.000000 15.873375 23.740250
13632.000000 42.000000 15.762750 23.233500
13644.000000 42.000000 15.652125 22.726750
13656.000000 42.000000 15.541500 22.220000
13668.000000 42.000000 15.430875 21.713250
13680.000000 42.000000 15.320250 21.206500
13692.000000 42.000000 15.209625 20.699750
13704.000000 42.000000 15.099000 20.193000
13716.000000 42.000000 14.988375 19.686250
13728.000000 42.000000 14.877750 19.179500
13740.000000 42.000000 14.767125 18.672750
13752.000000 42.000000 14.656500 18.166000
13668.000000 53.000000 16.398000 31.868000
13680.000000 53.000000 16.398000 31.868000
13692.000000 53.000000 16.398000 31.868000
13704.000000 53.000000 16.369000 31.868000
13716.000000 53.000000 16.369000 31.868000
13728.000000 53.000000 16.369000 31.868000
13740.000000 53.000000 16.369000 31.868000
13752.000000 53.000000 16.341000 31.926000
13764.000000 53.000000 16.333875 31.933250
13776.000000 53.000000 16.326750 31.940500
13788.000000 53.000000 16.319625 31.947750
13800.000000 53.000000 16.312500 31.955000
13812.000000 53.000000 16.305375 31.962250
13824.000000 53.000000 16.298250 31.969500
13836.000000 53.000000 16.291125 31.976750
13848.000000 53.000000 16.284000 31.984000
13860.000000 53.000000 16.276875 31.991250
13872.000000 53.000000 16.269750 31.998500
13884.000000 53.000000 16.262625 32.005750
13896.000000 53.000000 16.255500 32.013000
13680.000000 50.000000 -19.134000 19.900000
13692.000000 50.000000 -19.112000 19.894000
13704.000000 50.000000 -19.090000 19.887000
13716.000000 50.000000 -19.069000 19.881000
13728.000000 50.000000 -19.047000 19.874000
13740.000000 50.000000 -19.025000 19.867000
13752.000000 50.000000 -19.003000 19.861000
13764.000000 50.000000 -18.982000 19.854000
13776.000000 50.000000 -18.963000 19.848250
13788.000000 50.000000 -18.944000 19.842500
13800.000000 50.000000 -18.925000 19.836750
13812.000000 50.000000 -18.906000 19.831000
13824.000000 50.000000 -18.887000 19.825250
13836.000000 50.000000 -18.868000 19.819500
13848.000000 50.000000 -18.849000 19.813750
13860.000000 50.000000 -18.830000 19.808000
13872.000000 50.000000 -18.811000 19.802250
13884.000000 50.000000 -18.792000 19.796500
13896.000000 50.000000 -18.773000 19.790750
13908.000000 50.000000 -18.754000 19.785000
13764.000000 43.000000 12.216000 17.426000
13776.000000 43.000000 11.474000 17.197000
13788.000000 43.000000 11.003000 16.855000
13800.000000 43.000000 10.475000 16.498000
13812.000000 43.000000 9.790000 16.255000
13824.000000 43.000000 9.162000 16.369000
13836.000000 43.000000 8.763000 15.913000
13848.000000 43.000000 8.335000 15.570000
13860.000000 43.000000 7.849875 15.338000
13872.000000 43.000000 7.364750 15.106000
13884.000000 43.000000 6.879625 14.874000
13896.000000 43.000000 6.394500 14.642000
13908.000000 43.000000 5.909375 14.410000
13920.000000 43.000000 5.424250 14.178000
13932.000000 43.000000 4.939125 13.946000
13944.000000 43.000000 4.454000 13.714000
13956.000000 43.000000 3.968875 13.482000
13968.000000 43.000000 3.483750 13.250000
13980.000000 43.000000 2.998625 13.018000
13992.000000 43.000000 2.513500 12.786000