504.000000 10.000000 4.086000 16.706000
516.000000 10.000000 4.767000 16.706000
528.000000 10.000000 5.447000 16.706000
540.000000 10.000000 6.083000 16.706000
552.000000 10.000000 6.719000 16.706000
564.000000 10.000000 7.309000 16.706000
576.000000 10.000000 7.899000 16.706000
588.000000 10.000000 8.580000 16.524000
600.000000 10.000000 9.141750 16.501250
612.000000 10.000000 9.703500 16.478500
624.000000 10.000000 10.265250 16.455750
636.000000 10.000000 10.827000 16.433000
648.000000 10.000000 11.388750 16.410250
660.000000 10.000000 11.950500 16.387500
672.000000 10.000000 12.512250 16.364750
684.000000 10.000000 13.074000 16.342000
696.000000 10.000000 13.635750 16.319250
708.000000 10.000000 14.197500 16.296500
720.000000 10.000000 14.759250 16.273750
732.000000 10.000000 15.321000 16.251000
504.000000 11.000000 -11.258000 15.208000
516.000000 11.000000 -11.780000 15.208000
528.000000 11.000000 -12.370000 15.208000
540.000000 11.000000 -12.892000 15.208000
552.000000 11.000000 -13.483000 15.208000
564.000000 11.000000 -14.027000 15.208000
576.000000 11.000000 -14.527000 15.208000
588.000000 11.000000 -15.139000 15.208000
600.000000 11.000000 -15.624125 15.208000
612.000000 11.000000 -16.109250 15.208000
624.000000 11.000000 -16.594375 15.208000
636.000000 11.000000 -17.079500 15.208000
648.000000 11.000000 -17.564625 15.208000
660.000000 11.000000 -18.049750 15.208000
672.000000 11.000000 -18.534875 15.208000
684.000000 11.000000 -19.020000 15.208000
696.000000 11.000000 -19.505125 15.208000
708.000000 11.000000 -19.990250 15.208000
720.000000 11.000000 -20.475375 15.208000
732.000000 11.000000 -20.960500 15.208000
504.000000 13.000000 -20.360000 17.296000
516.000000 13.000000 -21.041000 17.296000
528.000000 13.000000 -21.631000 17.296000
540.000000 13.000000 -22.312000 17.455000
552.000000 13.000000 -22.993000 17.455000
564.000000 13.000000 -23.583000 17.455000
576.000000 13.000000 -24.309000 17.296000
588.000000 13.000000 -24.990000 17.114000
600.000000 13.000000 -25.568750 17.091250
612.000000 13.000000 -26.147500 17.068500
624.000000 13.000000 -26.726250 17.045750
636.000000 13.000000 -27.305000 17.023000
648.000000 13.000000 -27.883750 17.000250
660.000000 13.000000 -28.462500 16.977500
672.000000 13.000000 -29.041250 16.954750
684.000000 13.000000 -29.620000 16.932000
696.000000 13.000000 -30.198750 16.909250
708.000000 13.000000 -30.777500 16.886500
720.000000 13.000000 -31.356250 16.863750
732.000000 13.000000 -31.935000 16.841000
504.000000 16.000000 -0.545000 -0.182000
516.000000 16.000000 -0.840000 -0.182000
528.000000 16.000000 -1.180000 -0.182000
540.000000 16.000000 -1.521000 -0.182000
552.000000 16.000000 -1.816000 -0.182000
564.000000 16.000000 -2.134000 -0.182000
576.000000 16.000000 -2.451000 -0.182000
588.000000 16.000000 -2.815000 -0.340000
600.000000 16.000000 -3.098750 -0.359750
612.000000 16.000000 -3.382500 -0.379500
624.000000 16.000000 -3.666250 -0.399250
636.000000 16.000000 -3.950000 -0.419000
648.000000 16.000000 -4.233750 -0.438750
660.000000 16.000000 -4.517500 -0.458500
672.000000 16.000000 -4.801250 -0.478250
684.000000 16.000000 -5.085000 -0.498000
696.000000 16.000000 -5.368750 -0.517750
708.000000 16.000000 -5.652500 -0.537500
720.000000 16.000000 -5.936250 -0.557250
732.000000 16.000000 -6.220000 -0.577000
504.000000 28.000000 7.173000 12.053000
516.000000 28.000000 6.946000 12.552000
528.000000 28.000000 6.809000 12.870000
540.000000 28.000000 6.582000 13.369000
552.000000 28.000000 6.446000 13.710000
564.000000 28.000000 6.219000 14.209000
576.000000 28.000000 6.060000 14.549000
588.000000 28.000000 5.765000 14.867000
600.000000 28.000000 5.589000 15.218750
612.000000 28.000000 5.413000 15.570500
624.000000 28.000000 5.237000 15.922250
636.000000 28.000000 5.061000 16.274000
648.000000 28.000000 4.885000 16.625750
660.000000 28.000000 4.709000 16.977500
672.000000 28.000000 4.533000 17.329250
684.000000 28.000000 4.357000 17.681000
696.000000 28.000000 4.181000 18.032750
708.000000 28.000000 4.005000 18.384500
720.000000 28.000000 3.829000 18.736250
732.000000 28.000000 3.653000 19.088000
516.000000 14.000000 7.967000 10.055000
528.000000 14.000000 7.967000 10.373000
540.000000 14.000000 7.967000 10.713000
552.000000 14.000000 7.967000 11.213000
564.000000 14.000000 7.967000 11.712000
576.000000 14.000000 7.967000 12.053000
588.000000 14.000000 7.967000 12.552000
600.000000 14.000000 8.103000 13.051000
612.000000 14.000000 8.120000 13.425500
624.000000 14.000000 8.137000 13.800000
636.000000 14.000000 8.154000 14.174500
648.000000 14.000000 8.171000 14.549000
660.000000 14.000000 8.188000 14.923500
672.000000 14.000000 8.205000 15.298000
684.000000 14.000000 8.222000 15.672500
696.000000 14.000000 8.239000 16.047000
708.000000 14.000000 8.256000 16.421500
720.000000 14.000000 8.273000 16.796000
732.000000 14.000000 8.290000 17.170500
744.000000 14.000000 8.307000 17.545000
516.000000 26.000000 8.239000 23.197000
528.000000 26.000000 8.012000 22.879000
540.000000 26.000000 7.853000 22.380000
552.000000 26.000000 7.626000 22.017000
564.000000 26.000000 7.400000 21.518000
576.000000 26.000000 7.195000 21.200000
588.000000 26.000000 7.036000 20.700000
600.000000 26.000000 6.809000 20.383000
612.000000 26.000000 6.630250 20.031250
624.000000 26.000000 6.451500 19.679500
636.000000 26.000000 6.272750 19.327750
648.000000 26.000000 6.094000 18.976000
660.000000 26.000000 5.915250 18.624250
672.000000 26.000000 5.736500 18.272500
684.000000 26.000000 5.557750 17.920750
696.000000 26.000000 5.379000 17.569000
708.000000 26.000000 5.200250 17.217250
720.000000 26.000000 5.021500 16.865500
732.000000 26.000000 4.842750 16.513750
744.000000 26.000000 4.664000 16.162000
696.000000 20.000000 -31.255000 10.804000
708.000000 20.000000 -28.940000 11.122000
720.000000 20.000000 -26.557000 11.621000
732.000000 20.000000 -24.173000 11.962000
744.000000 20.000000 -21.767000 12.121000
756.000000 20.000000 -19.316000 11.803000
768.000000 20.000000 -17.137000 11.803000
780.000000 20.000000 -15.366000 11.803000
792.000000 20.000000 -13.379875 11.927875
804.000000 20.000000 -11.393750 12.052750
816.000000 20.000000 -9.407625 12.177625
828.000000 20.000000 -7.421500 12.302500
840.000000 20.000000 -5.435375 12.427375
852.000000 20.000000 -3.449250 12.552250
864.000000 20.000000 -1.463125 12.677125
876.000000 20.000000 0.523000 12.802000
888.000000 20.000000 2.509125 12.926875
900.000000 20.000000 4.495250 13.051750
912.000000 20.000000 6.481375 13.176625
924.000000 20.000000 8.467500 13.301500
744.000000 12.000000 -18.567000 18.045000
756.000000 12.000000 -18.249000 18.204000
768.000000 12.000000 -18.521000 18.204000
780.000000 12.000000 -18.748000 18.204000
792.000000 12.000000 -19.066000 18.204000
804.000000 12.000000 -19.656000 18.204000
816.000000 12.000000 -20.473000 18.363000
828.000000 12.000000 -21.835000 18.544000
840.000000 12.000000 -22.243500 18.606375
852.000000 12.000000 -22.652000 18.668750
864.000000 12.000000 -23.060500 18.731125
876.000000 12.000000 -23.469000 18.793500
888.000000 12.000000 -23.877500 18.855875
900.000000 12.000000 -24.286000 18.918250
912.000000 12.000000 -24.694500 18.980625
924.000000 12.000000 -25.103000 19.043000
936.000000 12.000000 -25.511500 19.105375
948.000000 12.000000 -25.920000 19.167750
960.000000 12.000000 -26.328500 19.230125
972.000000 12.000000 -26.737000 19.292500
744.000000 17.000000 -6.106000 -4.676000
756.000000 17.000000 -6.174000 -5.334000
768.000000 17.000000 -6.265000 -5.833000
780.000000 17.000000 -6.537000 -6.174000
792.000000 17.000000 -6.855000 -6.333000
804.000000 17.000000 -7.218000 -6.673000
816.000000 17.000000 -7.218000 -7.173000
828.000000 17.000000 -7.309000 -7.831000
840.000000 17.000000 -7.459375 -8.225375
852.000000 17.000000 -7.609750 -8.619750
864.000000 17.000000 -7.760125 -9.014125
876.000000 17.000000 -7.910500 -9.408500
888.000000 17.000000 -8.060875 -9.802875
900.000000 17.000000 -8.211250 -10.197250
912.000000 17.000000 -8.361625 -10.591625
924.000000 17.000000 -8.512000 -10.986000
936.000000 17.000000 -8.662375 -11.380375
948.000000 17.000000 -8.812750 -11.774750
960.000000 17.000000 -8.963125 -12.169125
972.000000 17.000000 -9.113500 -12.563500
744.000000 29.000000 4.403000 20.360000
756.000000 29.000000 4.630000 20.700000
768.000000 29.000000 4.630000 21.041000
780.000000 29.000000 4.358000 21.200000
792.000000 29.000000 4.131000 21.200000
804.000000 29.000000 3.813000 21.359000
816.000000 29.000000 3.450000 21.540000
828.000000 29.000000 2.928000 21.858000
840.000000 29.000000 2.743625 22.045250
852.000000 29.000000 2.559250 22.232500
864.000000 29.000000 2.374875 22.419750
876.000000 29.000000 2.190500 22.607000
888.000000 29.000000 2.006125 22.794250
900.000000 29.000000 1.821750 22.981500
912.000000 29.000000 1.637375 23.168750
924.000000 29.000000 1.453000 23.356000
936.000000 29.000000 1.268625 23.543250
948.000000 29.000000 1.084250 23.730500
960.000000 29.000000 0.899875 23.917750
972.000000 29.000000 0.715500 24.105000
744.000000 31.000000 -10.713000 -8.648000
756.000000 31.000000 -10.623000 -8.648000
768.000000 31.000000 -10.486000 -8.512000
780.000000 31.000000 -10.305000 -8.330000
792.000000 31.000000 -10.078000 -8.012000
804.000000 31.000000 -9.715000 -7.649000
816.000000 31.000000 -9.352000 -7.150000
828.000000 31.000000 -9.034000 -6.650000
840.000000 31.000000 -8.824125 -6.400250
852.000000 31.000000 -8.614250 -6.150500
864.000000 31.000000 -8.404375 -5.900750
876.000000 31.000000 -8.194500 -5.651000
888.000000 31.000000 -7.984625 -5.401250
900.000000 31.000000 -7.774750 -5.151500
912.000000 31.000000 -7.564875 -4.901750
924.000000 31.000000 -7.355000 -4.652000
936.000000 31.000000 -7.145125 -4.402250
948.000000 31.000000 -6.935250 -4.152500
960.000000 31.000000 -6.725375 -3.902750
972.000000 31.000000 -6.515500 -3.653000
756.000000 27.000000 7.853000 18.204000
768.000000 27.000000 7.922000 18.204000
780.000000 27.000000 7.490000 18.204000
792.000000 27.000000 7.104000 18.204000
804.000000 27.000000 6.650000 18.204000
816.000000 27.000000 6.287000 18.204000
828.000000 27.000000 5.765000 18.204000
840.000000 27.000000 5.175000 18.204000
852.000000 27.000000 4.840250 18.204000
864.000000 27.000000 4.505500 18.204000
876.000000 27.000000 4.170750 18.204000
888.000000 27.000000 3.836000 18.204000
900.000000 27.000000 3.501250 18.204000
912.000000 27.000000 3.166500 18.204000
924.000000 27.000000 2.831750 18.204000
936.000000 27.000000 2.497000 18.204000
948.000000 27.000000 2.162250 18.204000
960.000000 27.000000 1.827500 18.204000
972.000000 27.000000 1.492750 18.204000
984.000000 27.000000 1.158000 18.204000
780.000000 30.000000 -9.215000 -8.489000
792.000000 30.000000 -9.056000 -8.171000
804.000000 30.000000 -8.988000 -7.831000
816.000000 30.000000 -8.829000 -7.331000
828.000000 30.000000 -8.602000 -7.173000
840.000000 30.000000 -8.307000 -6.991000
852.000000 30.000000 -8.012000 -6.673000
864.000000 30.000000 -7.717000 -6.333000
876.000000 30.000000 -7.529750 -6.063500
888.000000 30.000000 -7.342500 -5.794000
900.000000 30.000000 -7.155250 -5.524500
912.000000 30.000000 -6.968000 -5.255000
924.000000 30.000000 -6.780750 -4.985500
936.000000 30.000000 -6.593500 -4.716000
948.000000 30.000000 -6.406250 -4.446500
960.000000 30.000000 -6.219000 -4.177000
972.000000 30.000000 -6.031750 -3.907500
984.000000 30.000000 -5.844500 -3.638000
996.000000 30.000000 -5.657250 -3.368500
1008.000000 30.000000 -5.470000 -3.099000