0.000000 0.000000 -9.746000 -14.063000
12.000000 0.000000 -9.266000 -13.845000
24.000000 0.000000 -8.787000 -13.562000
36.000000 0.000000 -8.307000 -13.365000
48.000000 0.000000 -7.827000 -13.060000
60.000000 0.000000 -7.239000 -12.755000
72.000000 0.000000 -6.759000 -12.581000
84.000000 0.000000 -6.279000 -12.275000
96.000000 0.000000 -5.845625 -12.051500
108.000000 0.000000 -5.412250 -11.828000
120.000000 0.000000 -4.978875 -11.604500
132.000000 0.000000 -4.545500 -11.381000
144.000000 0.000000 -4.112125 -11.157500
156.000000 0.000000 -3.678750 -10.934000
168.000000 0.000000 -3.245375 -10.710500
180.000000 0.000000 -2.812000 -10.487000
192.000000 0.000000 -2.378625 -10.263500
204.000000 0.000000 -1.945250 -10.040000
216.000000 0.000000 -1.511875 -9.816500
228.000000 0.000000 -1.078500 -9.593000
0.000000 1.000000 -7.588000 15.284000
12.000000 1.000000 -7.217000 15.415000
24.000000 1.000000 -6.868000 15.502000
36.000000 1.000000 -6.388000 15.698000
48.000000 1.000000 -6.040000 15.807000
60.000000 1.000000 -5.560000 15.982000
72.000000 1.000000 -5.189000 16.091000
84.000000 1.000000 -4.819000 16.200000
96.000000 1.000000 -4.472875 16.314500
108.000000 1.000000 -4.126750 16.429000
120.000000 1.000000 -3.780625 16.543500
132.000000 1.000000 -3.434500 16.658000
144.000000 1.000000 -3.088375 16.772500
156.000000 1.000000 -2.742250 16.887000
168.000000 1.000000 -2.396125 17.001500
180.000000 1.000000 -2.050000 17.116000
192.000000 1.000000 -1.703875 17.230500
204.000000 1.000000 -1.357750 17.345000
216.000000 1.000000 -1.011625 17.459500
228.000000 1.000000 -0.665500 17.574000
0.000000 3.000000 28.148000 19.558000
12.000000 3.000000 28.148000 19.558000
24.000000 3.000000 28.148000 19.558000
36.000000 3.000000 28.148000 19.558000
48.000000 3.000000 28.148000 19.558000
60.000000 3.000000 28.148000 19.558000
72.000000 3.000000 28.148000 19.558000
84.000000 3.000000 28.148000 19.558000
96.000000 3.000000 28.148000 19.558000
108.000000 3.000000 28.148000 19.558000
120.000000 3.000000 28.148000 19.558000
132.000000 3.000000 28.148000 19.558000
144.000000 3.000000 28.148000 19.558000
156.000000 3.000000 28.148000 19.558000
168.000000 3.000000 28.148000 19.558000
180.000000 3.000000 28.148000 19.558000
192.000000 3.000000 28.148000 19.558000
204.000000 3.000000 28.148000 19.558000
216.000000 3.000000 28.148000 19.558000
228.000000 3.000000 28.148000 19.558000
0.000000 5.000000 27.123000 20.735000
12.000000 5.000000 27.123000 20.735000
24.000000 5.000000 27.123000 20.735000
36.000000 5.000000 27.123000 20.735000
48.000000 5.000000 27.123000 20.735000
60.000000 5.000000 27.123000 20.735000
72.000000 5.000000 27.123000 20.735000
84.000000 5.000000 27.123000 20.735000
96.000000 5.000000 27.123000 20.735000
108.000000 5.000000 27.123000 20.735000
120.000000 5.000000 27.123000 20.735000
132.000000 5.000000 27.123000 20.735000
144.000000 5.000000 27.123000 20.735000
156.000000 5.000000 27.123000 20.735000
168.000000 5.000000 27.123000 20.735000
180.000000 5.000000 27.123000 20.735000
192.000000 5.000000 27.123000 20.735000
204.000000 5.000000 27.123000 20.735000
216.000000 5.000000 27.123000 20.735000
228.000000 5.000000 27.123000 20.735000
0.000000 7.000000 27.254000 21.629000
12.000000 7.000000 27.254000 21.629000
24.000000 7.000000 27.254000 21.629000
36.000000 7.000000 27.254000 21.629000
48.000000 7.000000 27.254000 21.629000
60.000000 7.000000 27.254000 21.629000
72.000000 7.000000 27.254000 21.629000
84.000000 7.000000 27.254000 21.629000
96.000000 7.000000 27.254000 21.629000
108.000000 7.000000 27.254000 21.629000
120.000000 7.000000 27.254000 21.629000
132.000000 7.000000 27.254000 21.629000
144.000000 7.000000 27.254000 21.629000
156.000000 7.000000 27.254000 21.629000
168.000000 7.000000 27.254000 21.629000
180.000000 7.000000 27.254000 21.629000
192.000000 7.000000 27.254000 21.629000
204.000000 7.000000 27.254000 21.629000
216.000000 7.000000 27.254000 21.629000
228.000000 7.000000 27.254000 21.629000
0.000000 9.000000 11.338000 21.367000
12.000000 9.000000 11.817000 21.476000
24.000000 9.000000 12.406000 21.585000
36.000000 9.000000 12.908000 21.673000
48.000000 9.000000 13.475000 21.782000
60.000000 9.000000 14.085000 21.869000
72.000000 9.000000 14.565000 21.978000
84.000000 9.000000 15.175000 22.065000
96.000000 9.000000 15.654625 22.152250
108.000000 9.000000 16.134250 22.239500
120.000000 9.000000 16.613875 22.326750
132.000000 9.000000 17.093500 22.414000
144.000000 9.000000 17.573125 22.501250
156.000000 9.000000 18.052750 22.588500
168.000000 9.000000 18.532375 22.675750
180.000000 9.000000 19.012000 22.763000
192.000000 9.000000 19.491625 22.850250
204.000000 9.000000 19.971250 22.937500
216.000000 9.000000 20.450875 23.024750
228.000000 9.000000 20.930500 23.112000
240.000000 2.000000 0.589000 17.857000
252.000000 2.000000 0.938000 18.075000
264.000000 2.000000 1.417000 18.162000
276.000000 2.000000 1.766000 18.249000
288.000000 2.000000 2.137000 18.380000
300.000000 2.000000 2.507000 18.555000
312.000000 2.000000 2.856000 18.664000
324.000000 2.000000 3.205000 18.860000
336.000000 2.000000 3.532000 18.985375
348.000000 2.000000 3.859000 19.110750
360.000000 2.000000 4.186000 19.236125
372.000000 2.000000 4.513000 19.361500
384.000000 2.000000 4.840000 19.486875
396.000000 2.000000 5.167000 19.612250
408.000000 2.000000 5.494000 19.737625
420.000000 2.000000 5.821000 19.863000
432.000000 2.000000 6.148000 19.988375
444.000000 2.000000 6.475000 20.113750
456.000000 2.000000 6.802000 20.239125
468.000000 2.000000 7.129000 20.364500
240.000000 4.000000 28.148000 19.558000
252.000000 4.000000 28.148000 19.558000
264.000000 4.000000 28.148000 19.558000
276.000000 4.000000 28.148000 19.558000
288.000000 4.000000 28.148000 19.558000
300.000000 4.000000 28.148000 19.558000
312.000000 4.000000 28.148000 19.558000
324.000000 4.000000 28.148000 19.558000
336.000000 4.000000 28.148000 19.558000
348.000000 4.000000 28.148000 19.558000
360.000000 4.000000 28.148000 19.558000
372.000000 4.000000 28.148000 19.558000
384.000000 4.000000 28.148000 19.558000
396.000000 4.000000 28.148000 19.558000
408.000000 4.000000 28.148000 19.558000
420.000000 4.000000 28.148000 19.558000
432.000000 4.000000 28.148000 19.558000
444.000000 4.000000 28.148000 19.558000
456.000000 4.000000 28.148000 19.558000
468.000000 4.000000 28.148000 19.558000
240.000000 6.000000 27.123000 20.735000
252.000000 6.000000 27.123000 20.735000
264.000000 6.000000 27.123000 20.735000
276.000000 6.000000 27.123000 20.735000
288.000000 6.000000 27.123000 20.735000
300.000000 6.000000 27.123000 20.735000
312.000000 6.000000 27.123000 20.735000
324.000000 6.000000 27.123000 20.735000
336.000000 6.000000 27.123000 20.735000
348.000000 6.000000 27.123000 20.735000
360.000000 6.000000 27.123000 20.735000
372.000000 6.000000 27.123000 20.735000
384.000000 6.000000 27.123000 20.735000
396.000000 6.000000 27.123000 20.735000
408.000000 6.000000 27.123000 20.735000
420.000000 6.000000 27.123000 20.735000
432.000000 6.000000 27.123000 20.735000
444.000000 6.000000 27.123000 20.735000
456.000000 6.000000 27.123000 20.735000
468.000000 6.000000 27.123000 20.735000
240.000000 8.000000 27.254000 21.629000
252.000000 8.000000 27.254000 21.629000
264.000000 8.000000 27.254000 21.629000
276.000000 8.000000 27.254000 21.629000
288.000000 8.000000 27.254000 21.629000
300.000000 8.000000 27.254000 21.629000
312.000000 8.000000 27.254000 21.629000
324.000000 8.000000 27.254000 21.629000
336.000000 8.000000 27.254000 21.629000
348.000000 8.000000 27.254000 21.629000
360.000000 8.000000 27.254000 21.629000
372.000000 8.000000 27.254000 21.629000
384.000000 8.000000 27.254000 21.629000
396.000000 8.000000 27.254000 21.629000
408.000000 8.000000 27.254000 21.629000
420.000000 8.000000 27.254000 21.629000
432.000000 8.000000 27.254000 21.629000
444.000000 8.000000 27.254000 21.629000
456.000000 8.000000 27.254000 21.629000
468.000000 8.000000 27.254000 21.629000