0.000000 1.000000 10.292000 13.907000
12.000000 1.000000 10.803000 14.014000
24.000000 1.000000 11.398000 14.205000
36.000000 1.000000 11.994000 14.396000
48.000000 1.000000 12.568000 14.545000
60.000000 1.000000 13.163000 14.715000
72.000000 1.000000 13.737000 14.864000
84.000000 1.000000 14.333000 15.077000
96.000000 1.000000 14.838125 15.223250
108.000000 1.000000 15.343250 15.369500
120.000000 1.000000 15.848375 15.515750
132.000000 1.000000 16.353500 15.662000
144.000000 1.000000 16.858625 15.808250
156.000000 1.000000 17.363750 15.954500
168.000000 1.000000 17.868875 16.100750
180.000000 1.000000 18.374000 16.247000
192.000000 1.000000 18.879125 16.393250
204.000000 1.000000 19.384250 16.539500
216.000000 1.000000 19.889375 16.685750
228.000000 1.000000 20.394500 16.832000
0.000000 3.000000 35.938000 22.201000
12.000000 3.000000 35.470000 22.094000
24.000000 3.000000 35.002000 22.009000
36.000000 3.000000 34.535000 21.924000
48.000000 3.000000 34.194000 21.797000
60.000000 3.000000 33.726000 21.712000
72.000000 3.000000 33.259000 21.627000
84.000000 3.000000 32.833000 21.542000
96.000000 3.000000 32.444875 21.459625
108.000000 3.000000 32.056750 21.377250
120.000000 3.000000 31.668625 21.294875
132.000000 3.000000 31.280500 21.212500
144.000000 3.000000 30.892375 21.130125
156.000000 3.000000 30.504250 21.047750
168.000000 3.000000 30.116125 20.965375
180.000000 3.000000 29.728000 20.883000
192.000000 3.000000 29.339875 20.800625
204.000000 3.000000 28.951750 20.718250
216.000000 3.000000 28.563625 20.635875
228.000000 3.000000 28.175500 20.553500
0.000000 5.000000 32.663000 15.119000
12.000000 5.000000 32.195000 14.630000
24.000000 5.000000 31.728000 14.248000
36.000000 5.000000 31.260000 13.865000
48.000000 5.000000 30.898000 13.461000
60.000000 5.000000 30.430000 13.078000
72.000000 5.000000 29.963000 12.695000
84.000000 5.000000 29.601000 12.227000
96.000000 5.000000 29.218250 11.865500
108.000000 5.000000 28.835500 11.504000
120.000000 5.000000 28.452750 11.142500
132.000000 5.000000 28.070000 10.781000
144.000000 5.000000 27.687250 10.419500
156.000000 5.000000 27.304500 10.058000
168.000000 5.000000 26.921750 9.696500
180.000000 5.000000 26.539000 9.335000
192.000000 5.000000 26.156250 8.973500
204.000000 5.000000 25.773500 8.612000
216.000000 5.000000 25.390750 8.250500
228.000000 5.000000 25.008000 7.889000
0.000000 7.000000 41.680000 13.673000
12.000000 7.000000 40.978000 13.269000
24.000000 7.000000 40.276000 12.887000
36.000000 7.000000 39.681000 12.610000
48.000000 7.000000 38.979000 12.227000
60.000000 7.000000 38.341000 11.930000
72.000000 7.000000 37.682000 11.547000
84.000000 7.000000 37.044000 11.271000
96.000000 7.000000 36.464500 10.970750
108.000000 7.000000 35.885000 10.670500
120.000000 7.000000 35.305500 10.370250
132.000000 7.000000 34.726000 10.070000
144.000000 7.000000 34.146500 9.769750
156.000000 7.000000 33.567000 9.469500
168.000000 7.000000 32.987500 9.169250
180.000000 7.000000 32.408000 8.869000
192.000000 7.000000 31.828500 8.568750
204.000000 7.000000 31.249000 8.268500
216.000000 7.000000 30.669500 7.968250
228.000000 7.000000 30.090000 7.668000
0.000000 9.000000 10.866000 -16.693000
12.000000 9.000000 11.334000 -16.587000
24.000000 9.000000 11.930000 -16.502000
36.000000 9.000000 12.504000 -16.417000
48.000000 9.000000 13.099000 -16.310000
60.000000 9.000000 13.673000 -16.119000
72.000000 9.000000 14.141000 -16.034000
84.000000 9.000000 14.737000 -15.928000
96.000000 9.000000 15.220875 -15.832375
108.000000 9.000000 15.704750 -15.736750
120.000000 9.000000 16.188625 -15.641125
132.000000 9.000000 16.672500 -15.545500
144.000000 9.000000 17.156375 -15.449875
156.000000 9.000000 17.640250 -15.354250
168.000000 9.000000 18.124125 -15.258625
180.000000 9.000000 18.608000 -15.163000
192.000000 9.000000 19.091875 -15.067375
204.000000 9.000000 19.575750 -14.971750
216.000000 9.000000 20.059625 -14.876125
228.000000 9.000000 20.543500 -14.780500
0.000000 11.000000 -25.731000 13.907000
12.000000 11.000000 -25.263000 13.716000
24.000000 11.000000 -24.753000 13.610000
36.000000 11.000000 -24.285000 13.525000
48.000000 11.000000 -23.753000 13.440000
60.000000 11.000000 -23.221000 13.291000
72.000000 11.000000 -22.690000 13.184000
84.000000 11.000000 -22.222000 13.078000
96.000000 11.000000 -21.783375 12.974375
108.000000 11.000000 -21.344750 12.870750
120.000000 11.000000 -20.906125 12.767125
132.000000 11.000000 -20.467500 12.663500
144.000000 11.000000 -20.028875 12.559875
156.000000 11.000000 -19.590250 12.456250
168.000000 11.000000 -19.151625 12.352625
180.000000 11.000000 -18.713000 12.249000
192.000000 11.000000 -18.274375 12.145375
204.000000 11.000000 -17.835750 12.041750
216.000000 11.000000 -17.397125 11.938125
228.000000 11.000000 -16.958500 11.834500
0.000000 13.000000 -26.092000 5.338000
12.000000 13.000000 -25.965000 5.146000
24.000000 13.000000 -25.731000 4.934000
36.000000 13.000000 -25.497000 4.763000
48.000000 13.000000 -25.263000 4.551000
60.000000 13.000000 -25.029000 4.466000
72.000000 13.000000 -24.923000 4.551000
84.000000 13.000000 -24.689000 4.657000
96.000000 13.000000 -24.513625 4.571875
108.000000 13.000000 -24.338250 4.486750
120.000000 13.000000 -24.162875 4.401625
132.000000 13.000000 -23.987500 4.316500
144.000000 13.000000 -23.812125 4.231375
156.000000 13.000000 -23.636750 4.146250
168.000000 13.000000 -23.461375 4.061125
180.000000 13.000000 -23.286000 3.976000
192.000000 13.000000 -23.110625 3.890875
204.000000 13.000000 -22.935250 3.805750
216.000000 13.000000 -22.759875 3.720625
228.000000 13.000000 -22.584500 3.635500
0.000000 15.000000 -20.797000 11.079000
12.000000 15.000000 -20.585000 11.079000
24.000000 15.000000 -20.329000 11.164000
36.000000 15.000000 -20.117000 11.249000
48.000000 15.000000 -19.862000 11.356000
60.000000 15.000000 -19.649000 11.462000
72.000000 15.000000 -19.394000 11.547000
84.000000 15.000000 -19.181000 11.632000
96.000000 15.000000 -18.979000 11.701125
108.000000 15.000000 -18.777000 11.770250
120.000000 15.000000 -18.575000 11.839375
132.000000 15.000000 -18.373000 11.908500
144.000000 15.000000 -18.171000 11.977625
156.000000 15.000000 -17.969000 12.046750
168.000000 15.000000 -17.767000 12.115875
180.000000 15.000000 -17.565000 12.185000
192.000000 15.000000 -17.363000 12.254125
204.000000 15.000000 -17.161000 12.323250
216.000000 15.000000 -16.959000 12.392375
228.000000 15.000000 -16.757000 12.461500
0.000000 17.000000 -23.115000 -1.744000
12.000000 17.000000 -23.200000 -1.744000
24.000000 17.000000 -23.200000 -1.744000
36.000000 17.000000 -23.200000 -1.744000
48.000000 17.000000 -23.200000 -1.744000
60.000000 17.000000 -23.200000 -1.744000
72.000000 17.000000 -23.200000 -1.744000
84.000000 17.000000 -23.200000 -1.744000
96.000000 17.000000 -23.210625 -1.744000
108.000000 17.000000 -23.221250 -1.744000
120.000000 17.000000 -23.231875 -1.744000
132.000000 17.000000 -23.242500 -1.744000
144.000000 17.000000 -23.253125 -1.744000
156.000000 17.000000 -23.263750 -1.744000
168.000000 17.000000 -23.274375 -1.744000
180.000000 17.000000 -23.285000 -1.744000
192.000000 17.000000 -23.295625 -1.744000
204.000000 17.000000 -23.306250 -1.744000
216.000000 17.000000 -23.316875 -1.744000
228.000000 17.000000 -23.327500 -1.744000
0.000000 19.000000 -7.507000 -22.711000
12.000000 19.000000 -7.166000 -22.626000
24.000000 19.000000 -6.699000 -22.541000
36.000000 19.000000 -6.231000 -22.435000
48.000000 19.000000 -5.827000 -22.286000
60.000000 19.000000 -5.359000 -22.137000
72.000000 19.000000 -4.955000 -22.052000
84.000000 19.000000 -4.529000 -21.903000
96.000000 19.000000 -4.156750 -21.802000
108.000000 19.000000 -3.784500 -21.701000
120.000000 19.000000 -3.412250 -21.600000
132.000000 19.000000 -3.040000 -21.499000
144.000000 19.000000 -2.667750 -21.398000
156.000000 19.000000 -2.295500 -21.297000
168.000000 19.000000 -1.923250 -21.196000
180.000000 19.000000 -1.551000 -21.095000
192.000000 19.000000 -1.178750 -20.994000
204.000000 19.000000 -0.806500 -20.893000
216.000000 19.000000 -0.434250 -20.792000
228.000000 19.000000 -0.062000 -20.691000
240.000000 2.000000 21.116000 17.055000
252.000000 2.000000 21.712000 17.225000
264.000000 2.000000 22.286000 17.437000
276.000000 2.000000 22.881000 17.522000
288.000000 2.000000 23.583000 17.714000
300.000000 2.000000 24.051000 18.012000
312.000000 2.000000 24.625000 18.203000
324.000000 2.000000 25.093000 18.501000
336.000000 2.000000 25.590125 18.681750
348.000000 2.000000 26.087250 18.862500
360.000000 2.000000 26.584375 19.043250
372.000000 2.000000 27.081500 19.224000
384.000000 2.000000 27.578625 19.404750
396.000000 2.000000 28.075750 19.585500
408.000000 2.000000 28.572875 19.766250
420.000000 2.000000 29.070000 19.947000
432.000000 2.000000 29.567125 20.127750
444.000000 2.000000 30.064250 20.308500
456.000000 2.000000 30.561375 20.489250
468.000000 2.000000 31.058500 20.670000
240.000000 4.000000 26.858000 20.648000
252.000000 4.000000 26.390000 20.648000
264.000000 4.000000 25.795000 20.563000
276.000000 4.000000 25.327000 20.563000
288.000000 4.000000 24.859000 20.478000
300.000000 4.000000 24.391000 20.478000
312.000000 4.000000 23.817000 20.351000
324.000000 4.000000 23.349000 20.266000
336.000000 4.000000 22.910375 20.218250
348.000000 4.000000 22.471750 20.170500
360.000000 4.000000 22.033125 20.122750
372.000000 4.000000 21.594500 20.075000
384.000000 4.000000 21.155875 20.027250
396.000000 4.000000 20.717250 19.979500
408.000000 4.000000 20.278625 19.931750
420.000000 4.000000 19.840000 19.884000
432.000000 4.000000 19.401375 19.836250
444.000000 4.000000 18.962750 19.788500
456.000000 4.000000 18.524125 19.740750
468.000000 4.000000 18.085500 19.693000
240.000000 6.000000 23.859000 7.400000
252.000000 6.000000 23.392000 7.017000
264.000000 6.000000 22.924000 6.741000
276.000000 6.000000 22.456000 6.358000
288.000000 6.000000 21.988000 6.061000
300.000000 6.000000 21.520000 5.678000
312.000000 6.000000 21.052000 5.295000
324.000000 6.000000 20.585000 4.997000
336.000000 6.000000 20.175750 4.696625
348.000000 6.000000 19.766500 4.396250
360.000000 6.000000 19.357250 4.095875
372.000000 6.000000 18.948000 3.795500
384.000000 6.000000 18.538750 3.495125
396.000000 6.000000 18.129500 3.194750
408.000000 6.000000 17.720250 2.894375
420.000000 6.000000 17.311000 2.594000
432.000000 6.000000 16.901750 2.293625
444.000000 6.000000 16.492500 1.993250
456.000000 6.000000 16.083250 1.692875
468.000000 6.000000 15.674000 1.392500
240.000000 8.000000 29.197000 6.146000
252.000000 8.000000 28.623000 5.763000
264.000000 8.000000 28.027000 5.274000
276.000000 8.000000 27.453000 4.891000
288.000000 8.000000 26.858000 4.508000
300.000000 8.000000 26.156000 4.125000
312.000000 8.000000 25.582000 3.658000
324.000000 8.000000 24.986000 3.254000
336.000000 8.000000 24.459625 2.892500
348.000000 8.000000 23.933250 2.531000
360.000000 8.000000 23.406875 2.169500
372.000000 8.000000 22.880500 1.808000
384.000000 8.000000 22.354125 1.446500
396.000000 8.000000 21.827750 1.085000
408.000000 8.000000 21.301375 0.723500
420.000000 8.000000 20.775000 0.362000
432.000000 8.000000 20.248625 0.000500
444.000000 8.000000 19.722250 -0.361000
456.000000 8.000000 19.195875 -0.722500
468.000000 8.000000 18.669500 -1.084000
240.000000 10.000000 21.542000 -14.758000
252.000000 10.000000 22.116000 -14.673000
264.000000 10.000000 22.584000 -14.588000
276.000000 10.000000 23.051000 -14.588000
288.000000 10.000000 23.519000 -14.482000
300.000000 10.000000 24.093000 -14.375000
312.000000 10.000000 24.561000 -14.375000
324.000000 10.000000 25.050000 -14.290000
336.000000 10.000000 25.488500 -14.231500
348.000000 10.000000 25.927000 -14.173000
360.000000 10.000000 26.365500 -14.114500
372.000000 10.000000 26.804000 -14.056000
384.000000 10.000000 27.242500 -13.997500
396.000000 10.000000 27.681000 -13.939000
408.000000 10.000000 28.119500 -13.880500
420.000000 10.000000 28.558000 -13.822000
432.000000 10.000000 28.996500 -13.763500
444.000000 10.000000 29.435000 -13.705000
456.000000 10.000000 29.873500 -13.646500
468.000000 10.000000 30.312000 -13.588000
240.000000 12.000000 -19.543000 14.248000
252.000000 12.000000 -19.415000 14.248000
264.000000 12.000000 -19.075000 14.354000
276.000000 12.000000 -18.820000 14.354000
288.000000 12.000000 -18.479000 14.439000
300.000000 12.000000 -18.224000 14.439000
312.000000 12.000000 -17.884000 14.524000
324.000000 12.000000 -17.671000 14.524000
336.000000 12.000000 -17.437000 14.558500
348.000000 12.000000 -17.203000 14.593000
360.000000 12.000000 -16.969000 14.627500
372.000000 12.000000 -16.735000 14.662000
384.000000 12.000000 -16.501000 14.696500
396.000000 12.000000 -16.267000 14.731000
408.000000 12.000000 -16.033000 14.765500
420.000000 12.000000 -15.799000 14.800000
432.000000 12.000000 -15.565000 14.834500
444.000000 12.000000 -15.331000 14.869000
456.000000 12.000000 -15.097000 14.903500
468.000000 12.000000 -14.863000 14.938000
240.000000 14.000000 -21.520000 6.592000
252.000000 14.000000 -21.159000 6.677000
264.000000 14.000000 -20.819000 6.869000
276.000000 14.000000 -20.457000 6.975000
288.000000 14.000000 -20.117000 7.166000
300.000000 14.000000 -19.755000 7.251000
312.000000 14.000000 -19.415000 7.443000
324.000000 14.000000 -19.054000 7.655000
336.000000 14.000000 -18.745750 7.787875
348.000000 14.000000 -18.437500 7.920750
360.000000 14.000000 -18.129250 8.053625
372.000000 14.000000 -17.821000 8.186500
384.000000 14.000000 -17.512750 8.319375
396.000000 14.000000 -17.204500 8.452250
408.000000 14.000000 -16.896250 8.585125
420.000000 14.000000 -16.588000 8.718000
432.000000 14.000000 -16.279750 8.850875
444.000000 14.000000 -15.971500 8.983750
456.000000 14.000000 -15.663250 9.116625
468.000000 14.000000 -15.355000 9.249500
240.000000 16.000000 -15.906000 12.695000
252.000000 16.000000 -15.524000 12.695000
264.000000 16.000000 -15.311000 12.695000
276.000000 16.000000 -15.056000 12.695000
288.000000 16.000000 -14.843000 12.802000
300.000000 16.000000 -14.503000 12.802000
312.000000 16.000000 -14.248000 12.802000
324.000000 16.000000 -14.035000 12.802000
336.000000 16.000000 -13.801125 12.815375
348.000000 16.000000 -13.567250 12.828750
360.000000 16.000000 -13.333375 12.842125
372.000000 16.000000 -13.099500 12.855500
384.000000 16.000000 -12.865625 12.868875
396.000000 16.000000 -12.631750 12.882250
408.000000 16.000000 -12.397875 12.895625
420.000000 16.000000 -12.164000 12.909000
432.000000 16.000000 -11.930125 12.922375
444.000000 16.000000 -11.696250 12.935750
456.000000 16.000000 -11.462375 12.949125
468.000000 16.000000 -11.228500 12.962500
240.000000 18.000000 -23.392000 -1.616000
252.000000 18.000000 -23.392000 -1.616000
264.000000 18.000000 -23.392000 -1.616000
276.000000 18.000000 -23.392000 -1.510000
288.000000 18.000000 -23.392000 -1.510000
300.000000 18.000000 -23.392000 -1.510000
312.000000 18.000000 -23.392000 -1.510000
324.000000 18.000000 -23.392000 -1.510000
336.000000 18.000000 -23.392000 -1.496750
348.000000 18.000000 -23.392000 -1.483500
360.000000 18.000000 -23.392000 -1.470250
372.000000 18.000000 -23.392000 -1.457000
384.000000 18.000000 -23.392000 -1.443750
396.000000 18.000000 -23.392000 -1.430500
408.000000 18.000000 -23.392000 -1.417250
420.000000 18.000000 -23.392000 -1.404000
432.000000 18.000000 -23.392000 -1.390750
444.000000 18.000000 -23.392000 -1.377500
456.000000 18.000000 -23.392000 -1.364250
468.000000 18.000000 -23.392000 -1.351000
240.000000 20.000000 0.510000 -20.457000
252.000000 20.000000 0.851000 -20.351000
264.000000 20.000000 1.212000 -20.181000
276.000000 20.000000 1.552000 -19.968000
288.000000 20.000000 1.914000 -19.777000
300.000000 20.000000 2.148000 -19.585000
312.000000 20.000000 2.488000 -19.394000
324.000000 20.000000 2.850000 -19.287000
336.000000 20.000000 3.142500 -19.140750
348.000000 20.000000 3.435000 -18.994500
360.000000 20.000000 3.727500 -18.848250
372.000000 20.000000 4.020000 -18.702000
384.000000 20.000000 4.312500 -18.555750
396.000000 20.000000 4.605000 -18.409500
408.000000 20.000000 4.897500 -18.263250
420.000000 20.000000 5.190000 -18.117000
432.000000 20.000000 5.482500 -17.970750
444.000000 20.000000 5.775000 -17.824500
456.000000 20.000000 6.067500 -17.678250
468.000000 20.000000 6.360000 -17.532000