0.000000 1.000000 20.467000 11.255000
12.000000 1.000000 20.334000 11.255000
24.000000 1.000000 20.334000 11.255000
36.000000 1.000000 20.201000 11.255000
48.000000 1.000000 20.201000 11.255000
60.000000 1.000000 20.090000 11.255000
72.000000 1.000000 19.979000 11.255000
84.000000 1.000000 19.979000 11.255000
96.000000 1.000000 19.918000 11.255000
108.000000 1.000000 19.857000 11.255000
120.000000 1.000000 19.796000 11.255000
132.000000 1.000000 19.735000 11.255000
144.000000 1.000000 19.674000 11.255000
156.000000 1.000000 19.613000 11.255000
168.000000 1.000000 19.552000 11.255000
180.000000 1.000000 19.491000 11.255000
192.000000 1.000000 19.430000 11.255000
204.000000 1.000000 19.369000 11.255000
216.000000 1.000000 19.308000 11.255000
228.000000 1.000000 19.247000 11.255000
0.000000 3.000000 -25.906000 13.519000
12.000000 3.000000 -23.486000 13.807000
24.000000 3.000000 -21.310000 14.429000
36.000000 3.000000 -18.735000 14.829000
48.000000 3.000000 -16.538000 15.517000
60.000000 3.000000 -14.340000 16.227000
72.000000 3.000000 -12.120000 17.337000
84.000000 3.000000 -9.923000 18.536000
96.000000 3.000000 -7.925125 19.163125
108.000000 3.000000 -5.927250 19.790250
120.000000 3.000000 -3.929375 20.417375
132.000000 3.000000 -1.931500 21.044500
144.000000 3.000000 0.066375 21.671625
156.000000 3.000000 2.064250 22.298750
168.000000 3.000000 4.062125 22.925875
180.000000 3.000000 6.060000 23.553000
192.000000 3.000000 8.057875 24.180125
204.000000 3.000000 10.055750 24.807250
216.000000 3.000000 12.053625 25.434375
228.000000 3.000000 14.051500 26.061500
0.000000 5.000000 5.372000 11.565000
12.000000 5.000000 2.908000 11.255000
24.000000 5.000000 1.066000 11.166000
36.000000 5.000000 -0.755000 11.033000
48.000000 5.000000 -2.575000 10.855000
60.000000 5.000000 -4.440000 10.744000
72.000000 5.000000 -6.260000 10.744000
84.000000 5.000000 -8.080000 10.633000
96.000000 5.000000 -9.761500 10.516500
108.000000 5.000000 -11.443000 10.400000
120.000000 5.000000 -13.124500 10.283500
132.000000 5.000000 -14.806000 10.167000
144.000000 5.000000 -16.487500 10.050500
156.000000 5.000000 -18.169000 9.934000
168.000000 5.000000 -19.850500 9.817500
180.000000 5.000000 -21.532000 9.701000
192.000000 5.000000 -23.213500 9.584500
204.000000 5.000000 -24.895000 9.468000
216.000000 5.000000 -26.576500 9.351500
228.000000 5.000000 -28.258000 9.235000
0.000000 7.000000 12.143000 16.782000
12.000000 7.000000 12.387000 16.582000
24.000000 7.000000 12.764000 16.382000
36.000000 7.000000 12.986000 16.294000
48.000000 7.000000 13.363000 16.072000
60.000000 7.000000 13.608000 15.983000
72.000000 7.000000 13.985000 15.783000
84.000000 7.000000 14.340000 15.672000
96.000000 7.000000 14.614625 15.533250
108.000000 7.000000 14.889250 15.394500
120.000000 7.000000 15.163875 15.255750
132.000000 7.000000 15.438500 15.117000
144.000000 7.000000 15.713125 14.978250
156.000000 7.000000 15.987750 14.839500
168.000000 7.000000 16.262375 14.700750
180.000000 7.000000 16.537000 14.562000
192.000000 7.000000 16.811625 14.423250
204.000000 7.000000 17.086250 14.284500
216.000000 7.000000 17.360875 14.145750
228.000000 7.000000 17.635500 14.007000
0.000000 9.000000 12.098000 4.706000
12.000000 9.000000 13.075000 5.217000
24.000000 9.000000 14.163000 5.705000
36.000000 9.000000 15.250000 6.216000
48.000000 9.000000 16.360000 6.815000
60.000000 9.000000 17.470000 7.325000
72.000000 9.000000 18.558000 7.836000
84.000000 9.000000 19.646000 8.324000
96.000000 9.000000 20.589500 8.776250
108.000000 9.000000 21.533000 9.228500
120.000000 9.000000 22.476500 9.680750
132.000000 9.000000 23.420000 10.133000
144.000000 9.000000 24.363500 10.585250
156.000000 9.000000 25.307000 11.037500
168.000000 9.000000 26.250500 11.489750
180.000000 9.000000 27.194000 11.942000
192.000000 9.000000 28.137500 12.394250
204.000000 9.000000 29.081000 12.846500
216.000000 9.000000 30.024500 13.298750
228.000000 9.000000 30.968000 13.751000
192.000000 0.000000 -30.478000 13.608000
204.000000 0.000000 -28.747000 13.918000
216.000000 0.000000 -27.060000 14.207000
228.000000 0.000000 -25.328000 14.518000
240.000000 0.000000 -23.508000 14.829000
252.000000 0.000000 -21.777000 15.228000
264.000000 0.000000 -19.823000 15.428000
276.000000 0.000000 -17.870000 15.539000
288.000000 0.000000 -16.294000 15.780375
300.000000 0.000000 -14.718000 16.021750
312.000000 0.000000 -13.142000 16.263125
324.000000 0.000000 -11.566000 16.504500
336.000000 0.000000 -9.990000 16.745875
348.000000 0.000000 -8.414000 16.987250
360.000000 0.000000 -6.838000 17.228625
372.000000 0.000000 -5.262000 17.470000
384.000000 0.000000 -3.686000 17.711375
396.000000 0.000000 -2.110000 17.952750
408.000000 0.000000 -0.534000 18.194125
420.000000 0.000000 1.042000 18.435500
240.000000 2.000000 19.601000 11.055000
252.000000 2.000000 19.601000 11.055000
264.000000 2.000000 19.601000 11.144000
276.000000 2.000000 19.601000 11.144000
288.000000 2.000000 19.490000 11.144000
300.000000 2.000000 19.490000 11.144000
312.000000 2.000000 19.490000 11.255000
324.000000 2.000000 19.490000 11.255000
336.000000 2.000000 19.476125 11.280000
348.000000 2.000000 19.462250 11.305000
360.000000 2.000000 19.448375 11.330000
372.000000 2.000000 19.434500 11.355000
384.000000 2.000000 19.420625 11.380000
396.000000 2.000000 19.406750 11.405000
408.000000 2.000000 19.392875 11.430000
420.000000 2.000000 19.379000 11.455000
432.000000 2.000000 19.365125 11.480000
444.000000 2.000000 19.351250 11.505000
456.000000 2.000000 19.337375 11.530000
468.000000 2.000000 19.323500 11.555000
240.000000 4.000000 -6.435000 21.047000
252.000000 4.000000 -6.767000 20.840000
264.000000 4.000000 -7.099000 20.633000
276.000000 4.000000 -7.431000 20.427000
288.000000 4.000000 -7.763000 20.220000
300.000000 4.000000 -8.095000 20.013000
312.000000 4.000000 -8.427000 19.806000
324.000000 4.000000 -8.759000 19.599000
336.000000 4.000000 -9.049500 19.418000
348.000000 4.000000 -9.340000 19.237000
360.000000 4.000000 -9.630500 19.056000
372.000000 4.000000 -9.921000 18.875000
384.000000 4.000000 -10.211500 18.694000
396.000000 4.000000 -10.502000 18.513000
408.000000 4.000000 -10.792500 18.332000
420.000000 4.000000 -11.083000 18.151000
432.000000 4.000000 -11.373500 17.970000
444.000000 4.000000 -11.664000 17.789000
456.000000 4.000000 -11.954500 17.608000
468.000000 4.000000 -12.245000 17.427000
240.000000 6.000000 -29.259000 8.520000
252.000000 6.000000 -27.797000 8.646000
264.000000 6.000000 -26.335000 8.772000
276.000000 6.000000 -24.873000 8.899000
288.000000 6.000000 -23.410000 9.025000
300.000000 6.000000 -21.948000 9.152000
312.000000 6.000000 -20.486000 9.278000
324.000000 6.000000 -19.024000 9.405000
336.000000 6.000000 -17.744625 9.515625
348.000000 6.000000 -16.465250 9.626250
360.000000 6.000000 -15.185875 9.736875
372.000000 6.000000 -13.906500 9.847500
384.000000 6.000000 -12.627125 9.958125
396.000000 6.000000 -11.347750 10.068750
408.000000 6.000000 -10.068375 10.179375
420.000000 6.000000 -8.789000 10.290000
432.000000 6.000000 -7.509625 10.400625
444.000000 6.000000 -6.230250 10.511250
456.000000 6.000000 -4.950875 10.621875
468.000000 6.000000 -3.671500 10.732500
240.000000 8.000000 19.246000 13.452000
252.000000 8.000000 19.601000 13.363000
264.000000 8.000000 19.956000 13.164000
276.000000 8.000000 20.445000 13.053000
288.000000 8.000000 20.822000 12.964000
300.000000 8.000000 21.310000 12.875000
312.000000 8.000000 21.799000 12.764000
324.000000 8.000000 22.287000 12.653000
336.000000 8.000000 22.667125 12.553125
348.000000 8.000000 23.047250 12.453250
360.000000 8.000000 23.427375 12.353375
372.000000 8.000000 23.807500 12.253500
384.000000 8.000000 24.187625 12.153625
396.000000 8.000000 24.567750 12.053750
408.000000 8.000000 24.947875 11.953875
420.000000 8.000000 25.328000 11.854000
432.000000 8.000000 25.708125 11.754125
444.000000 8.000000 26.088250 11.654250
456.000000 8.000000 26.468375 11.554375
468.000000 8.000000 26.848500 11.454500
240.000000 10.000000 34.829000 13.252000
252.000000 10.000000 36.161000 13.474000
264.000000 10.000000 37.515000 13.763000
276.000000 10.000000 38.736000 14.052000
288.000000 10.000000 40.068000 14.362000
300.000000 10.000000 41.444000 14.673000
312.000000 10.000000 42.776000 14.873000
324.000000 10.000000 44.241000 15.073000
336.000000 10.000000 45.417500 15.300625
348.000000 10.000000 46.594000 15.528250
360.000000 10.000000 47.770500 15.755875
372.000000 10.000000 48.947000 15.983500
384.000000 10.000000 50.123500 16.211125
396.000000 10.000000 51.300000 16.438750
408.000000 10.000000 52.476500 16.666375
420.000000 10.000000 53.653000 16.894000
432.000000 10.000000 54.829500 17.121625
444.000000 10.000000 56.006000 17.349250
456.000000 10.000000 57.182500 17.576875
468.000000 10.000000 58.359000 17.804500
276.000000 11.000000 54.386000 -21.310000
288.000000 11.000000 53.720000 -21.111000
300.000000 11.000000 53.720000 -20.711000
312.000000 11.000000 53.720000 -20.289000
324.000000 11.000000 53.587000 -19.801000
336.000000 11.000000 53.587000 -19.401000
348.000000 11.000000 53.587000 -18.980000
360.000000 11.000000 53.587000 -18.580000
372.000000 11.000000 53.487125 -18.238750
384.000000 11.000000 53.387250 -17.897500
396.000000 11.000000 53.287375 -17.556250
408.000000 11.000000 53.187500 -17.215000
420.000000 11.000000 53.087625 -16.873750
432.000000 11.000000 52.987750 -16.532500
444.000000 11.000000 52.887875 -16.191250
456.000000 11.000000 52.788000 -15.850000
468.000000 11.000000 52.688125 -15.508750
480.000000 11.000000 52.588250 -15.167500
492.000000 11.000000 52.488375 -14.826250
504.000000 11.000000 52.388500 -14.485000