0.000000 3.000000 40.391000 7.389000
12.000000 3.000000 40.391000 7.389000
24.000000 3.000000 40.391000 7.389000
36.000000 3.000000 40.391000 7.389000
48.000000 3.000000 40.391000 7.389000
60.000000 3.000000 40.391000 7.389000
72.000000 3.000000 40.391000 7.389000
84.000000 3.000000 40.391000 7.498000
96.000000 3.000000 40.391000 7.511625
108.000000 3.000000 40.391000 7.525250
120.000000 3.000000 40.391000 7.538875
132.000000 3.000000 40.391000 7.552500
144.000000 3.000000 40.391000 7.566125
156.000000 3.000000 40.391000 7.579750
168.000000 3.000000 40.391000 7.593375
180.000000 3.000000 40.391000 7.607000
192.000000 3.000000 40.391000 7.620625
204.000000 3.000000 40.391000 7.634250
216.000000 3.000000 40.391000 7.647875
228.000000 3.000000 40.391000 7.661500
0.000000 5.000000 40.500000 5.526000
12.000000 5.000000 40.500000 5.526000
24.000000 5.000000 40.500000 5.526000
36.000000 5.000000 40.500000 5.526000
48.000000 5.000000 40.500000 5.526000
60.000000 5.000000 40.500000 5.526000
72.000000 5.000000 40.500000 5.526000
84.000000 5.000000 40.500000 5.526000
96.000000 5.000000 40.500000 5.526000
108.000000 5.000000 40.500000 5.526000
120.000000 5.000000 40.500000 5.526000
132.000000 5.000000 40.500000 5.526000
144.000000 5.000000 40.500000 5.526000
156.000000 5.000000 40.500000 5.526000
168.000000 5.000000 40.500000 5.526000
180.000000 5.000000 40.500000 5.526000
192.000000 5.000000 40.500000 5.526000
204.000000 5.000000 40.500000 5.526000
216.000000 5.000000 40.500000 5.526000
228.000000 5.000000 40.500000 5.526000
0.000000 7.000000 45.028000 7.541000
12.000000 7.000000 45.028000 7.541000
24.000000 7.000000 45.028000 7.541000
36.000000 7.000000 45.028000 7.541000
48.000000 7.000000 45.028000 7.541000
60.000000 7.000000 45.028000 7.541000
72.000000 7.000000 45.028000 7.541000
84.000000 7.000000 45.028000 7.541000
96.000000 7.000000 45.028000 7.541000
108.000000 7.000000 45.028000 7.541000
120.000000 7.000000 45.028000 7.541000
132.000000 7.000000 45.028000 7.541000
144.000000 7.000000 45.028000 7.541000
156.000000 7.000000 45.028000 7.541000
168.000000 7.000000 45.028000 7.541000
180.000000 7.000000 45.028000 7.541000
192.000000 7.000000 45.028000 7.541000
204.000000 7.000000 45.028000 7.541000
216.000000 7.000000 45.028000 7.541000
228.000000 7.000000 45.028000 7.541000
0.000000 9.000000 44.552000 6.869000
12.000000 9.000000 44.552000 6.869000
24.000000 9.000000 44.552000 6.869000
36.000000 9.000000 44.552000 6.869000
48.000000 9.000000 44.552000 6.869000
60.000000 9.000000 44.552000 6.869000
72.000000 9.000000 44.552000 6.869000
84.000000 9.000000 44.552000 6.869000
96.000000 9.000000 44.552000 6.869000
108.000000 9.000000 44.552000 6.869000
120.000000 9.000000 44.552000 6.869000
132.000000 9.000000 44.552000 6.869000
144.000000 9.000000 44.552000 6.869000
156.000000 9.000000 44.552000 6.869000
168.000000 9.000000 44.552000 6.869000
180.000000 9.000000 44.552000 6.869000
192.000000 9.000000 44.552000 6.869000
204.000000 9.000000 44.552000 6.869000
216.000000 9.000000 44.552000 6.869000
228.000000 9.000000 44.552000 6.869000
0.000000 11.000000 47.889000 6.414000
12.000000 11.000000 47.889000 6.414000
24.000000 11.000000 47.889000 6.414000
36.000000 11.000000 47.889000 6.414000
48.000000 11.000000 47.889000 6.414000
60.000000 11.000000 47.889000 6.414000
72.000000 11.000000 47.889000 6.414000
84.000000 11.000000 47.889000 6.414000
96.000000 11.000000 47.889000 6.414000
108.000000 11.000000 47.889000 6.414000
120.000000 11.000000 47.889000 6.414000
132.000000 11.000000 47.889000 6.414000
144.000000 11.000000 47.889000 6.414000
156.000000 11.000000 47.889000 6.414000
168.000000 11.000000 47.889000 6.414000
180.000000 11.000000 47.889000 6.414000
192.000000 11.000000 47.889000 6.414000
204.000000 11.000000 47.889000 6.414000
216.000000 11.000000 47.889000 6.414000
228.000000 11.000000 47.889000 6.414000
0.000000 13.000000 52.483000 3.922000
12.000000 13.000000 52.483000 3.922000
24.000000 13.000000 52.483000 3.922000
36.000000 13.000000 52.483000 3.922000
48.000000 13.000000 52.483000 3.922000
60.000000 13.000000 52.483000 3.922000
72.000000 13.000000 52.483000 3.922000
84.000000 13.000000 52.483000 3.922000
96.000000 13.000000 52.483000 3.922000
108.000000 13.000000 52.483000 3.922000
120.000000 13.000000 52.483000 3.922000
132.000000 13.000000 52.483000 3.922000
144.000000 13.000000 52.483000 3.922000
156.000000 13.000000 52.483000 3.922000
168.000000 13.000000 52.483000 3.922000
180.000000 13.000000 52.483000 3.922000
192.000000 13.000000 52.483000 3.922000
204.000000 13.000000 52.483000 3.922000
216.000000 13.000000 52.483000 3.922000
228.000000 13.000000 52.483000 3.922000
0.000000 15.000000 51.182000 6.111000
12.000000 15.000000 51.182000 6.024000
24.000000 15.000000 51.182000 6.024000
36.000000 15.000000 51.182000 5.916000
48.000000 15.000000 51.312000 5.916000
60.000000 15.000000 51.312000 5.829000
72.000000 15.000000 51.312000 5.829000
84.000000 15.000000 51.312000 5.829000
96.000000 15.000000 51.328250 5.793750
108.000000 15.000000 51.344500 5.758500
120.000000 15.000000 51.360750 5.723250
132.000000 15.000000 51.377000 5.688000
144.000000 15.000000 51.393250 5.652750
156.000000 15.000000 51.409500 5.617500
168.000000 15.000000 51.425750 5.582250
180.000000 15.000000 51.442000 5.547000
192.000000 15.000000 51.458250 5.511750
204.000000 15.000000 51.474500 5.476500
216.000000 15.000000 51.490750 5.441250
228.000000 15.000000 51.507000 5.406000
0.000000 17.000000 50.467000 5.396000
12.000000 17.000000 50.706000 5.179000
24.000000 17.000000 51.052000 4.984000
36.000000 17.000000 51.312000 4.897000
48.000000 17.000000 51.529000 4.897000
60.000000 17.000000 51.659000 4.897000
72.000000 17.000000 51.789000 4.897000
84.000000 17.000000 52.006000 4.897000
96.000000 17.000000 52.198375 4.834625
108.000000 17.000000 52.390750 4.772250
120.000000 17.000000 52.583125 4.709875
132.000000 17.000000 52.775500 4.647500
144.000000 17.000000 52.967875 4.585125
156.000000 17.000000 53.160250 4.522750
168.000000 17.000000 53.352625 4.460375
180.000000 17.000000 53.545000 4.398000
192.000000 17.000000 53.737375 4.335625
204.000000 17.000000 53.929750 4.273250
216.000000 17.000000 54.122125 4.210875
228.000000 17.000000 54.314500 4.148500
0.000000 19.000000 46.632000 9.253000
12.000000 19.000000 46.415000 9.751000
24.000000 19.000000 46.155000 10.249000
36.000000 19.000000 45.938000 10.726000
48.000000 19.000000 45.808000 11.225000
60.000000 19.000000 45.678000 11.723000
72.000000 19.000000 45.570000 12.200000
84.000000 19.000000 45.570000 12.698000
96.000000 19.000000 45.437250 13.128625
108.000000 19.000000 45.304500 13.559250
120.000000 19.000000 45.171750 13.989875
132.000000 19.000000 45.039000 14.420500
144.000000 19.000000 44.906250 14.851125
156.000000 19.000000 44.773500 15.281750
168.000000 19.000000 44.640750 15.712375
180.000000 19.000000 44.508000 16.143000
192.000000 19.000000 44.375250 16.573625
204.000000 19.000000 44.242500 17.004250
216.000000 19.000000 44.109750 17.434875
228.000000 19.000000 43.977000 17.865500
0.000000 21.000000 46.762000 12.806000
12.000000 21.000000 46.762000 12.698000
24.000000 21.000000 46.762000 12.698000
36.000000 21.000000 46.762000 12.698000
48.000000 21.000000 46.762000 12.698000
60.000000 21.000000 46.762000 12.611000
72.000000 21.000000 46.762000 12.611000
84.000000 21.000000 46.762000 12.611000
96.000000 21.000000 46.762000 12.586625
108.000000 21.000000 46.762000 12.562250
120.000000 21.000000 46.762000 12.537875
132.000000 21.000000 46.762000 12.513500
144.000000 21.000000 46.762000 12.489125
156.000000 21.000000 46.762000 12.464750
168.000000 21.000000 46.762000 12.440375
180.000000 21.000000 46.762000 12.416000
192.000000 21.000000 46.762000 12.391625
204.000000 21.000000 46.762000 12.367250
216.000000 21.000000 46.762000 12.342875
228.000000 21.000000 46.762000 12.318500
0.000000 23.000000 47.130000 11.615000
12.000000 23.000000 47.130000 11.615000
24.000000 23.000000 47.130000 11.615000
36.000000 23.000000 47.130000 11.615000
48.000000 23.000000 47.130000 11.615000
60.000000 23.000000 47.130000 11.615000
72.000000 23.000000 47.130000 11.615000
84.000000 23.000000 47.130000 11.615000
96.000000 23.000000 47.130000 11.615000
108.000000 23.000000 47.130000 11.615000
120.000000 23.000000 47.130000 11.615000
132.000000 23.000000 47.130000 11.615000
144.000000 23.000000 47.130000 11.615000
156.000000 23.000000 47.130000 11.615000
168.000000 23.000000 47.130000 11.615000
180.000000 23.000000 47.130000 11.615000
192.000000 23.000000 47.130000 11.615000
204.000000 23.000000 47.130000 11.615000
216.000000 23.000000 47.130000 11.615000
228.000000 23.000000 47.130000 11.615000
0.000000 25.000000 52.006000 9.209000
12.000000 25.000000 52.266000 9.318000
24.000000 25.000000 52.613000 9.404000
36.000000 25.000000 52.959000 9.513000
48.000000 25.000000 52.962000 9.515000
60.000000 25.000000 52.965000 9.517000
72.000000 25.000000 52.968000 9.521000
84.000000 25.000000 52.972000 9.523000
96.000000 25.000000 53.092750 9.562250
108.000000 25.000000 53.213500 9.601500
120.000000 25.000000 53.334250 9.640750
132.000000 25.000000 53.455000 9.680000
144.000000 25.000000 53.575750 9.719250
156.000000 25.000000 53.696500 9.758500
168.000000 25.000000 53.817250 9.797750
180.000000 25.000000 53.938000 9.837000
192.000000 25.000000 54.058750 9.876250
204.000000 25.000000 54.179500 9.915500
216.000000 25.000000 54.300250 9.954750
228.000000 25.000000 54.421000 9.994000
0.000000 27.000000 53.393000 -1.950000
12.000000 27.000000 53.393000 -1.950000
24.000000 27.000000 53.393000 -1.950000
36.000000 27.000000 53.393000 -1.820000
48.000000 27.000000 53.393000 -1.820000
60.000000 27.000000 53.436000 -1.734000
72.000000 27.000000 53.436000 -1.734000
84.000000 27.000000 53.501000 -1.647000
96.000000 27.000000 53.514500 -1.609125
108.000000 27.000000 53.528000 -1.571250
120.000000 27.000000 53.541500 -1.533375
132.000000 27.000000 53.555000 -1.495500
144.000000 27.000000 53.568500 -1.457625
156.000000 27.000000 53.582000 -1.419750
168.000000 27.000000 53.595500 -1.381875
180.000000 27.000000 53.609000 -1.344000
192.000000 27.000000 53.622500 -1.306125
204.000000 27.000000 53.636000 -1.268250
216.000000 27.000000 53.649500 -1.230375
228.000000 27.000000 53.663000 -1.192500
0.000000 29.000000 11.961000 -22.124000
12.000000 29.000000 12.221000 -22.319000
24.000000 29.000000 12.438000 -22.471000
36.000000 29.000000 12.698000 -22.601000
48.000000 29.000000 13.045000 -22.774000
60.000000 29.000000 13.305000 -22.904000
72.000000 29.000000 13.522000 -23.056000
84.000000 29.000000 13.653000 -23.099000
96.000000 29.000000 13.864500 -23.220875
108.000000 29.000000 14.076000 -23.342750
120.000000 29.000000 14.287500 -23.464625
132.000000 29.000000 14.499000 -23.586500
144.000000 29.000000 14.710500 -23.708375
156.000000 29.000000 14.922000 -23.830250
168.000000 29.000000 15.133500 -23.952125
180.000000 29.000000 15.345000 -24.074000
192.000000 29.000000 15.556500 -24.195875
204.000000 29.000000 15.768000 -24.317750
216.000000 29.000000 15.979500 -24.439625
228.000000 29.000000 16.191000 -24.561500
60.000000 1.000000 -13.391000 -22.601000
72.000000 1.000000 -11.355000 -21.431000
84.000000 1.000000 -9.318000 -20.261000
96.000000 1.000000 -7.302000 -18.982000
108.000000 1.000000 -5.287000 -17.790000
120.000000 1.000000 -3.380000 -16.230000
132.000000 1.000000 -1.560000 -14.562000
144.000000 1.000000 0.347000 -12.980000
156.000000 1.000000 2.064250 -11.777375
168.000000 1.000000 3.781500 -10.574750
180.000000 1.000000 5.498750 -9.372125
192.000000 1.000000 7.216000 -8.169500
204.000000 1.000000 8.933250 -6.966875
216.000000 1.000000 10.650500 -5.764250
228.000000 1.000000 12.367750 -4.561625
240.000000 1.000000 14.085000 -3.359000
252.000000 1.000000 15.802250 -2.156375
264.000000 1.000000 17.519500 -0.953750
276.000000 1.000000 19.236750 0.248875
288.000000 1.000000 20.954000 1.451500
240.000000 4.000000 40.391000 7.693000
252.000000 4.000000 40.391000 7.693000
264.000000 4.000000 40.391000 7.693000
276.000000 4.000000 40.391000 7.693000
288.000000 4.000000 40.391000 7.693000
300.000000 4.000000 40.391000 7.693000
312.000000 4.000000 40.391000 7.693000
324.000000 4.000000 40.391000 7.693000
336.000000 4.000000 40.391000 7.693000
348.000000 4.000000 40.391000 7.693000
360.000000 4.000000 40.391000 7.693000
372.000000 4.000000 40.391000 7.693000
384.000000 4.000000 40.391000 7.693000
396.000000 4.000000 40.391000 7.693000
408.000000 4.000000 40.391000 7.693000
420.000000 4.000000 40.391000 7.693000
432.000000 4.000000 40.391000 7.693000
444.000000 4.000000 40.391000 7.693000
456.000000 4.000000 40.391000 7.693000
468.000000 4.000000 40.391000 7.693000
240.000000 6.000000 40.500000 5.526000
252.000000 6.000000 40.500000 5.526000
264.000000 6.000000 40.500000 5.526000
276.000000 6.000000 40.500000 5.526000
288.000000 6.000000 40.500000 5.526000
300.000000 6.000000 40.500000 5.526000
312.000000 6.000000 40.500000 5.526000
324.000000 6.000000 40.500000 5.526000
336.000000 6.000000 40.500000 5.526000
348.000000 6.000000 40.500000 5.526000
360.000000 6.000000 40.500000 5.526000
372.000000 6.000000 40.500000 5.526000
384.000000 6.000000 40.500000 5.526000
396.000000 6.000000 40.500000 5.526000
408.000000 6.000000 40.500000 5.526000
420.000000 6.000000 40.500000 5.526000
432.000000 6.000000 40.500000 5.526000
444.000000 6.000000 40.500000 5.526000
456.000000 6.000000 40.500000 5.526000
468.000000 6.000000 40.500000 5.526000
240.000000 8.000000 45.028000 7.541000
252.000000 8.000000 45.028000 7.541000
264.000000 8.000000 45.028000 7.541000
276.000000 8.000000 45.028000 7.541000
288.000000 8.000000 45.028000 7.541000
300.000000 8.000000 45.028000 7.541000
312.000000 8.000000 45.028000 7.541000
324.000000 8.000000 45.028000 7.541000
336.000000 8.000000 45.028000 7.541000
348.000000 8.000000 45.028000 7.541000
360.000000 8.000000 45.028000 7.541000
372.000000 8.000000 45.028000 7.541000
384.000000 8.000000 45.028000 7.541000
396.000000 8.000000 45.028000 7.541000
408.000000 8.000000 45.028000 7.541000
420.000000 8.000000 45.028000 7.541000
432.000000 8.000000 45.028000 7.541000
444.000000 8.000000 45.028000 7.541000
456.000000 8.000000 45.028000 7.541000
468.000000 8.000000 45.028000 7.541000
240.000000 10.000000 44.552000 6.869000
252.000000 10.000000 44.552000 6.869000
264.000000 10.000000 44.552000 6.869000
276.000000 10.000000 44.552000 6.869000
288.000000 10.000000 44.552000 6.869000
300.000000 10.000000 44.552000 6.869000
312.000000 10.000000 44.552000 6.869000
324.000000 10.000000 44.552000 6.869000
336.000000 10.000000 44.552000 6.869000
348.000000 10.000000 44.552000 6.869000
360.000000 10.000000 44.552000 6.869000
372.000000 10.000000 44.552000 6.869000
384.000000 10.000000 44.552000 6.869000
396.000000 10.000000 44.552000 6.869000
408.000000 10.000000 44.552000 6.869000
420.000000 10.000000 44.552000 6.869000
432.000000 10.000000 44.552000 6.869000
444.000000 10.000000 44.552000 6.869000
456.000000 10.000000 44.552000 6.869000
468.000000 10.000000 44.552000 6.869000
240.000000 12.000000 47.889000 6.414000
252.000000 12.000000 47.889000 6.414000
264.000000 12.000000 47.889000 6.414000
276.000000 12.000000 47.889000 6.414000
288.000000 12.000000 47.889000 6.414000
300.000000 12.000000 47.889000 6.414000
312.000000 12.000000 47.889000 6.414000
324.000000 12.000000 47.889000 6.414000
336.000000 12.000000 47.889000 6.414000
348.000000 12.000000 47.889000 6.414000
360.000000 12.000000 47.889000 6.414000
372.000000 12.000000 47.889000 6.414000
384.000000 12.000000 47.889000 6.414000
396.000000 12.000000 47.889000 6.414000
408.000000 12.000000 47.889000 6.414000
420.000000 12.000000 47.889000 6.414000
432.000000 12.000000 47.889000 6.414000
444.000000 12.000000 47.889000 6.414000
456.000000 12.000000 47.889000 6.414000
468.000000 12.000000 47.889000 6.414000
240.000000 14.000000 52.483000 3.922000
252.000000 14.000000 52.483000 3.922000
264.000000 14.000000 52.483000 3.922000
276.000000 14.000000 52.483000 3.922000
288.000000 14.000000 52.483000 3.922000
300.000000 14.000000 52.483000 3.922000
312.000000 14.000000 52.483000 3.922000
324.000000 14.000000 52.483000 3.922000
336.000000 14.000000 52.483000 3.922000
348.000000 14.000000 52.483000 3.922000
360.000000 14.000000 52.483000 3.922000
372.000000 14.000000 52.483000 3.922000
384.000000 14.000000 52.483000 3.922000
396.000000 14.000000 52.483000 3.922000
408.000000 14.000000 52.483000 3.922000
420.000000 14.000000 52.483000 3.922000
432.000000 14.000000 52.483000 3.922000
444.000000 14.000000 52.483000 3.922000
456.000000 14.000000 52.483000 3.922000
468.000000 14.000000 52.483000 3.922000
240.000000 16.000000 51.659000 5.526000
252.000000 16.000000 51.659000 5.526000
264.000000 16.000000 51.659000 5.526000
276.000000 16.000000 51.659000 5.526000
288.000000 16.000000 51.659000 5.526000
300.000000 16.000000 51.659000 5.526000
312.000000 16.000000 51.659000 5.526000
324.000000 16.000000 51.659000 5.526000
336.000000 16.000000 51.659000 5.526000
348.000000 16.000000 51.659000 5.526000
360.000000 16.000000 51.659000 5.526000
372.000000 16.000000 51.659000 5.526000
384.000000 16.000000 51.659000 5.526000
396.000000 16.000000 51.659000 5.526000
408.000000 16.000000 51.659000 5.526000
420.000000 16.000000 51.659000 5.526000
432.000000 16.000000 51.659000 5.526000
444.000000 16.000000 51.659000 5.526000
456.000000 16.000000 51.659000 5.526000
468.000000 16.000000 51.659000 5.526000
240.000000 18.000000 53.089000 5.396000
252.000000 18.000000 53.089000 5.396000
264.000000 18.000000 52.959000 5.396000
276.000000 18.000000 52.851000 5.396000
288.000000 18.000000 52.851000 5.287000
300.000000 18.000000 52.743000 5.287000
312.000000 18.000000 52.613000 5.287000
324.000000 18.000000 52.483000 5.287000
336.000000 18.000000 52.407250 5.273375
348.000000 18.000000 52.331500 5.259750
360.000000 18.000000 52.255750 5.246125
372.000000 18.000000 52.180000 5.232500
384.000000 18.000000 52.104250 5.218875
396.000000 18.000000 52.028500 5.205250
408.000000 18.000000 51.952750 5.191625
420.000000 18.000000 51.877000 5.178000
432.000000 18.000000 51.801250 5.164375
444.000000 18.000000 51.725500 5.150750
456.000000 18.000000 51.649750 5.137125
468.000000 18.000000 51.574000 5.123500
240.000000 20.000000 46.153000 18.568000
252.000000 20.000000 46.132000 18.283000
264.000000 20.000000 46.111000 17.998000
276.000000 20.000000 46.090000 17.713000
288.000000 20.000000 46.068000 17.428000
300.000000 20.000000 46.047000 17.142000
312.000000 20.000000 46.026000 16.857000
324.000000 20.000000 46.004000 16.572000
336.000000 20.000000 45.985375 16.322500
348.000000 20.000000 45.966750 16.073000
360.000000 20.000000 45.948125 15.823500
372.000000 20.000000 45.929500 15.574000
384.000000 20.000000 45.910875 15.324500
396.000000 20.000000 45.892250 15.075000
408.000000 20.000000 45.873625 14.825500
420.000000 20.000000 45.855000 14.576000
432.000000 20.000000 45.836375 14.326500
444.000000 20.000000 45.817750 14.077000
456.000000 20.000000 45.799125 13.827500
468.000000 20.000000 45.780500 13.578000
240.000000 22.000000 46.892000 12.308000
252.000000 22.000000 46.892000 12.308000
264.000000 22.000000 46.892000 12.308000
276.000000 22.000000 46.892000 12.200000
288.000000 22.000000 46.892000 12.200000
300.000000 22.000000 46.892000 12.200000
312.000000 22.000000 46.892000 12.200000
324.000000 22.000000 46.892000 12.200000
336.000000 22.000000 46.892000 12.186500
348.000000 22.000000 46.892000 12.173000
360.000000 22.000000 46.892000 12.159500
372.000000 22.000000 46.892000 12.146000
384.000000 22.000000 46.892000 12.132500
396.000000 22.000000 46.892000 12.119000
408.000000 22.000000 46.892000 12.105500
420.000000 22.000000 46.892000 12.092000
432.000000 22.000000 46.892000 12.078500
444.000000 22.000000 46.892000 12.065000
456.000000 22.000000 46.892000 12.051500
468.000000 22.000000 46.892000 12.038000
240.000000 24.000000 47.130000 11.615000
252.000000 24.000000 47.130000 11.615000
264.000000 24.000000 47.130000 11.615000
276.000000 24.000000 47.130000 11.615000
288.000000 24.000000 47.130000 11.615000
300.000000 24.000000 47.130000 11.615000
312.000000 24.000000 47.130000 11.615000
324.000000 24.000000 47.130000 11.615000
336.000000 24.000000 47.130000 11.615000
348.000000 24.000000 47.130000 11.615000
360.000000 24.000000 47.130000 11.615000
372.000000 24.000000 47.130000 11.615000
384.000000 24.000000 47.130000 11.615000
396.000000 24.000000 47.130000 11.615000
408.000000 24.000000 47.130000 11.615000
420.000000 24.000000 47.130000 11.615000
432.000000 24.000000 47.130000 11.615000
444.000000 24.000000 47.130000 11.615000
456.000000 24.000000 47.130000 11.615000
468.000000 24.000000 47.130000 11.615000
240.000000 26.000000 53.015000 9.559000
252.000000 26.000000 53.018000 9.562000
264.000000 26.000000 53.022000 9.565000
276.000000 26.000000 53.025000 9.567000
288.000000 26.000000 53.028000 9.570000
300.000000 26.000000 53.032000 9.573000
312.000000 26.000000 53.035000 9.576000
324.000000 26.000000 53.038000 9.579000
336.000000 26.000000 53.040875 9.581500
348.000000 26.000000 53.043750 9.584000
360.000000 26.000000 53.046625 9.586500
372.000000 26.000000 53.049500 9.589000
384.000000 26.000000 53.052375 9.591500
396.000000 26.000000 53.055250 9.594000
408.000000 26.000000 53.058125 9.596500
420.000000 26.000000 53.061000 9.599000
432.000000 26.000000 53.063875 9.601500
444.000000 26.000000 53.066750 9.604000
456.000000 26.000000 53.069625 9.606500
468.000000 26.000000 53.072500 9.609000
240.000000 28.000000 53.804000 -1.040000
252.000000 28.000000 53.848000 -0.953000
264.000000 28.000000 53.848000 -0.953000
276.000000 28.000000 53.848000 -0.867000
288.000000 28.000000 53.848000 -0.867000
300.000000 28.000000 53.978000 -0.737000
312.000000 28.000000 53.978000 -0.737000
324.000000 28.000000 53.978000 -0.650000
336.000000 28.000000 53.999750 -0.601250
348.000000 28.000000 54.021500 -0.552500
360.000000 28.000000 54.043250 -0.503750
372.000000 28.000000 54.065000 -0.455000
384.000000 28.000000 54.086750 -0.406250
396.000000 28.000000 54.108500 -0.357500
408.000000 28.000000 54.130250 -0.308750
420.000000 28.000000 54.152000 -0.260000
432.000000 28.000000 54.173750 -0.211250
444.000000 28.000000 54.195500 -0.162500
456.000000 28.000000 54.217250 -0.113750
468.000000 28.000000 54.239000 -0.065000
240.000000 30.000000 13.700000 -23.099000
252.000000 30.000000 13.704000 -23.099000
264.000000 30.000000 13.707000 -23.099000
276.000000 30.000000 13.711000 -23.099000
288.000000 30.000000 13.715000 -23.099000
300.000000 30.000000 13.719000 -23.099000
312.000000 30.000000 13.722000 -23.099000
324.000000 30.000000 13.726000 -23.099000
336.000000 30.000000 13.729250 -23.099000
348.000000 30.000000 13.732500 -23.099000
360.000000 30.000000 13.735750 -23.099000
372.000000 30.000000 13.739000 -23.099000
384.000000 30.000000 13.742250 -23.099000
396.000000 30.000000 13.745500 -23.099000
408.000000 30.000000 13.748750 -23.099000
420.000000 30.000000 13.752000 -23.099000
432.000000 30.000000 13.755250 -23.099000
444.000000 30.000000 13.758500 -23.099000
456.000000 30.000000 13.761750 -23.099000
468.000000 30.000000 13.765000 -23.099000
276.000000 0.000000 -16.967000 -22.861000
288.000000 0.000000 -15.233000 -22.861000
300.000000 0.000000 -13.457000 -22.861000
312.000000 0.000000 -11.680000 -22.861000
324.000000 0.000000 -9.859000 -22.753000
336.000000 0.000000 -7.823000 -22.666000
348.000000 0.000000 -5.829000 -22.666000
360.000000 0.000000 -3.792000 -22.558000
372.000000 0.000000 -2.145125 -22.520125
384.000000 0.000000 -0.498250 -22.482250
396.000000 0.000000 1.148625 -22.444375
408.000000 0.000000 2.795500 -22.406500
420.000000 0.000000 4.442375 -22.368625
432.000000 0.000000 6.089250 -22.330750
444.000000 0.000000 7.736125 -22.292875
456.000000 0.000000 9.383000 -22.255000
468.000000 0.000000 11.029875 -22.217125
480.000000 0.000000 12.676750 -22.179250
492.000000 0.000000 14.323625 -22.141375
504.000000 0.000000 15.970500 -22.103500