0.000000 1.000000 0.295000 8.091000
10.000000 1.000000 1.031000 7.852000
20.000000 1.000000 1.768000 7.613000
30.000000 1.000000 2.515000 7.364000
40.000000 1.000000 3.279000 7.099000
50.000000 1.000000 4.043000 6.834000
60.000000 1.000000 4.851000 6.618000
70.000000 1.000000 5.677000 6.424000
80.000000 1.000000 6.183000 6.179000
90.000000 1.000000 6.919000 5.940000
100.000000 1.000000 7.655000 5.701000
110.000000 1.000000 8.391000 5.462000
120.000000 1.000000 9.127000 5.223000
130.000000 1.000000 9.863000 4.984000
140.000000 1.000000 10.599000 4.745000
150.000000 1.000000 11.335000 4.506000
160.000000 1.000000 12.071000 4.267000
170.000000 1.000000 12.807000 4.028000
180.000000 1.000000 13.543000 3.789000
190.000000 1.000000 14.279000 3.550000
10.000000 2.000000 0.279000 9.989000
20.000000 2.000000 1.064000 9.859000
30.000000 2.000000 1.848000 9.729000
40.000000 2.000000 2.611000 9.567000
50.000000 2.000000 3.363000 9.393000
60.000000 2.000000 4.112000 9.202000
70.000000 2.000000 4.821000 8.857000
80.000000 2.000000 5.531000 8.512000
90.000000 2.000000 6.559000 8.949000
100.000000 2.000000 7.344000 8.819000
110.000000 2.000000 8.129000 8.689000
120.000000 2.000000 8.914000 8.559000
130.000000 2.000000 9.699000 8.429000
140.000000 2.000000 10.484000 8.299000
150.000000 2.000000 11.269000 8.169000
160.000000 2.000000 12.054000 8.039000
170.000000 2.000000 12.839000 7.909000
180.000000 2.000000 13.624000 7.779000
190.000000 2.000000 14.409000 7.649000
200.000000 2.000000 15.194000 7.519000
230.000000 4.000000 15.294000 9.097000
240.000000 4.000000 14.615000 9.162000
250.000000 4.000000 13.936000 9.228000
260.000000 4.000000 13.240000 9.338000
270.000000 4.000000 12.529000 9.495000
280.000000 4.000000 11.818000 9.651000
290.000000 4.000000 11.139000 9.851000
300.000000 4.000000 10.483000 10.080000
310.000000 4.000000 9.862000 9.617000
320.000000 4.000000 9.183000 9.682000
330.000000 4.000000 8.504000 9.747000
340.000000 4.000000 7.825000 9.812000
350.000000 4.000000 7.146000 9.877000
360.000000 4.000000 6.467000 9.942000
370.000000 4.000000 5.788000 10.007000
380.000000 4.000000 5.109000 10.072000
390.000000 4.000000 4.430000 10.137000
400.000000 4.000000 3.751000 10.202000
410.000000 4.000000 3.072000 10.267000
420.000000 4.000000 2.393000 10.332000
240.000000 5.000000 15.042000 8.569000
250.000000 5.000000 14.351000 8.580000
260.000000 5.000000 13.659000 8.592000
270.000000 5.000000 12.948000 8.773000
280.000000 5.000000 12.237000 8.954000
290.000000 5.000000 11.525000 9.134000
300.000000 5.000000 10.804000 9.309000
310.000000 5.000000 10.084000 9.483000
320.000000 5.000000 9.514000 8.657000
330.000000 5.000000 8.823000 8.668000
340.000000 5.000000 8.132000 8.679000
350.000000 5.000000 7.441000 8.690000
360.000000 5.000000 6.750000 8.701000
370.000000 5.000000 6.059000 8.712000
380.000000 5.000000 5.368000 8.723000
390.000000 5.000000 4.677000 8.734000
400.000000 5.000000 3.986000 8.745000
410.000000 5.000000 3.295000 8.756000
420.000000 5.000000 2.604000 8.767000
430.000000 5.000000 1.913000 8.778000
500.000000 6.000000 15.005000 9.014000
510.000000 6.000000 14.576000 8.981000
520.000000 6.000000 14.148000 8.946000
530.000000 6.000000 13.712000 8.922000
540.000000 6.000000 13.265000 8.912000
550.000000 6.000000 12.817000 8.902000
560.000000 6.000000 12.329000 9.004000
570.000000 6.000000 11.840000 9.107000
580.000000 6.000000 11.573000 8.750000
590.000000 6.000000 11.144000 8.717000
600.000000 6.000000 10.715000 8.684000
610.000000 6.000000 10.286000 8.651000
620.000000 6.000000 9.857000 8.618000
630.000000 6.000000 9.428000 8.585000
640.000000 6.000000 8.999000 8.552000
650.000000 6.000000 8.570000 8.519000
660.000000 6.000000 8.141000 8.486000
670.000000 6.000000 7.712000 8.453000
680.000000 6.000000 7.283000 8.420000
690.000000 6.000000 6.854000 8.387000
610.000000 7.000000 11.282000 8.098000
620.000000 7.000000 10.821000 8.258000
630.000000 7.000000 10.393000 8.445000
640.000000 7.000000 10.014000 8.676000
650.000000 7.000000 9.635000 8.907000
660.000000 7.000000 9.253000 9.150000
670.000000 7.000000 8.865000 9.411000
680.000000 7.000000 8.476000 9.672000
690.000000 7.000000 7.594000 9.378000
700.000000 7.000000 7.133000 9.538000
710.000000 7.000000 6.672000 9.698000
720.000000 7.000000 6.211000 9.858000
730.000000 7.000000 5.750000 10.018000
740.000000 7.000000 5.289000 10.178000
750.000000 7.000000 4.828000 10.338000
760.000000 7.000000 4.367000 10.498000
770.000000 7.000000 3.906000 10.658000
780.000000 7.000000 3.445000 10.818000
790.000000 7.000000 2.984000 10.978000
800.000000 7.000000 2.523000 11.138000
610.000000 8.000000 0.183000 11.741000
620.000000 8.000000 0.780000 11.617000
630.000000 8.000000 1.378000 11.493000
640.000000 8.000000 1.969000 11.410000
650.000000 8.000000 2.557000 11.344000
660.000000 8.000000 3.145000 11.278000
670.000000 8.000000 3.740000 11.234000
680.000000 8.000000 4.338000 11.196000
690.000000 8.000000 4.959000 10.749000
700.000000 8.000000 5.556000 10.625000
710.000000 8.000000 6.153000 10.501000
720.000000 8.000000 6.750000 10.377000
730.000000 8.000000 7.347000 10.253000
740.000000 8.000000 7.944000 10.129000
750.000000 8.000000 8.541000 10.005000
760.000000 8.000000 9.138000 9.881000
770.000000 8.000000 9.735000 9.757000
780.000000 8.000000 10.332000 9.633000
790.000000 8.000000 10.929000 9.509000
800.000000 8.000000 11.526000 9.385000
680.000000 9.000000 15.115000 9.127000
690.000000 9.000000 14.450000 9.261000
700.000000 9.000000 13.785000 9.395000
710.000000 9.000000 13.126000 9.534000
720.000000 9.000000 12.479000 9.681000
730.000000 9.000000 11.831000 9.827000
740.000000 9.000000 11.164000 9.893000
750.000000 9.000000 10.493000 9.939000
760.000000 9.000000 9.795000 10.199000
770.000000 9.000000 9.130000 10.333000
780.000000 9.000000 8.465000 10.467000
790.000000 9.000000 7.800000 10.601000
800.000000 9.000000 7.135000 10.735000
810.000000 9.000000 6.470000 10.869000
820.000000 9.000000 5.805000 11.003000
830.000000 9.000000 5.140000 11.137000
840.000000 9.000000 4.475000 11.271000
850.000000 9.000000 3.810000 11.405000
860.000000 9.000000 3.145000 11.539000
870.000000 9.000000 2.480000 11.673000
680.000000 10.000000 15.159000 8.389000
690.000000 10.000000 14.472000 8.508000
700.000000 10.000000 13.784000 8.628000
710.000000 10.000000 13.097000 8.747000
720.000000 10.000000 12.438000 8.846000
730.000000 10.000000 11.784000 8.944000
740.000000 10.000000 11.122000 9.037000
750.000000 10.000000 10.435000 9.117000
760.000000 10.000000 9.663000 9.341000
770.000000 10.000000 8.976000 9.460000
780.000000 10.000000 8.289000 9.579000
790.000000 10.000000 7.602000 9.698000
800.000000 10.000000 6.915000 9.817000
810.000000 10.000000 6.228000 9.936000
820.000000 10.000000 5.541000 10.055000
830.000000 10.000000 4.854000 10.174000
840.000000 10.000000 4.167000 10.293000
850.000000 10.000000 3.480000 10.412000
860.000000 10.000000 2.793000 10.531000
870.000000 10.000000 2.106000 10.650000
680.000000 12.000000 10.430000 6.345000
690.000000 12.000000 10.264000 6.005000
700.000000 12.000000 10.099000 5.665000
710.000000 12.000000 9.933000 5.325000
720.000000 12.000000 9.741000 4.920000
730.000000 12.000000 9.524000 4.451000
740.000000 12.000000 9.306000 3.982000
750.000000 12.000000 9.122000 3.556000
760.000000 12.000000 9.102000 3.625000
770.000000 12.000000 8.936000 3.285000
780.000000 12.000000 8.770000 2.945000
790.000000 12.000000 8.604000 2.605000
800.000000 12.000000 8.438000 2.265000
810.000000 12.000000 8.272000 1.925000
820.000000 12.000000 8.106000 1.585000
830.000000 12.000000 7.940000 1.245000
840.000000 12.000000 7.774000 0.905000
850.000000 12.000000 7.608000 0.565000
860.000000 12.000000 7.442000 0.225000
870.000000 12.000000 7.276000 -0.115000
750.000000 11.000000 0.088000 7.704000
760.000000 11.000000 0.636000 7.441000
770.000000 11.000000 1.183000 7.179000
780.000000 11.000000 1.733000 6.910000
790.000000 11.000000 2.297000 6.618000
800.000000 11.000000 2.860000 6.325000
810.000000 11.000000 3.427000 6.039000
820.000000 11.000000 4.023000 5.807000
830.000000 11.000000 4.472000 5.600000
840.000000 11.000000 5.020000 5.337000
850.000000 11.000000 5.568000 5.074000
860.000000 11.000000 6.116000 4.811000
870.000000 11.000000 6.664000 4.548000
880.000000 11.000000 7.212000 4.285000
890.000000 11.000000 7.760000 4.022000
900.000000 11.000000 8.308000 3.759000
910.000000 11.000000 8.856000 3.496000
920.000000 11.000000 9.404000 3.233000
930.000000 11.000000 9.952000 2.970000
940.000000 11.000000 10.500000 2.707000
890.000000 13.000000 15.111000 8.759000
900.000000 13.000000 14.495000 8.776000
910.000000 13.000000 13.879000 8.793000
920.000000 13.000000 13.255000 8.833000
930.000000 13.000000 12.602000 8.965000
940.000000 13.000000 11.949000 9.096000
950.000000 13.000000 11.298000 9.246000
960.000000 13.000000 10.653000 9.439000
970.000000 13.000000 10.183000 8.895000
980.000000 13.000000 9.567000 8.912000
990.000000 13.000000 8.951000 8.929000
1000.000000 13.000000 8.335000 8.946000
1010.000000 13.000000 7.719000 8.963000
1020.000000 13.000000 7.103000 8.980000
1030.000000 13.000000 6.487000 8.997000
1040.000000 13.000000 5.871000 9.014000
1050.000000 13.000000 5.255000 9.031000
1060.000000 13.000000 4.639000 9.048000
1070.000000 13.000000 4.023000 9.065000
1080.000000 13.000000 3.407000 9.082000
1130.000000 18.000000 15.426000 8.393000
1140.000000 18.000000 14.639000 8.472000
1150.000000 18.000000 13.852000 8.552000
1160.000000 18.000000 13.064000 8.632000
1170.000000 18.000000 12.270000 8.799000
1180.000000 18.000000 11.475000 8.975000
1190.000000 18.000000 10.682000 9.135000
1200.000000 18.000000 9.898000 9.225000
1210.000000 18.000000 9.130000 9.025000
1220.000000 18.000000 8.343000 9.104000
1230.000000 18.000000 7.556000 9.183000
1240.000000 18.000000 6.769000 9.262000
1250.000000 18.000000 5.982000 9.341000
1260.000000 18.000000 5.195000 9.420000
1270.000000 18.000000 4.408000 9.499000
1280.000000 18.000000 3.621000 9.578000
1290.000000 18.000000 2.834000 9.657000
1300.000000 18.000000 2.047000 9.736000
1310.000000 18.000000 1.260000 9.815000
1320.000000 18.000000 0.473000 9.894000
1140.000000 21.000000 1.136000 7.652000
1150.000000 21.000000 1.552000 7.805000
1160.000000 21.000000 1.967000 7.958000
1170.000000 21.000000 2.383000 8.111000
1180.000000 21.000000 2.813000 8.267000
1190.000000 21.000000 3.304000 8.434000
1200.000000 21.000000 3.795000 8.601000
1210.000000 21.000000 4.281000 8.754000
1220.000000 21.000000 4.464000 8.876000
1230.000000 21.000000 4.880000 9.029000
1240.000000 21.000000 5.296000 9.182000
1250.000000 21.000000 5.712000 9.335000
1260.000000 21.000000 6.128000 9.488000
1270.000000 21.000000 6.544000 9.641000
1280.000000 21.000000 6.960000 9.794000
1290.000000 21.000000 7.376000 9.947000
1300.000000 21.000000 7.792000 10.100000
1310.000000 21.000000 8.208000 10.253000
1320.000000 21.000000 8.624000 10.406000
1330.000000 21.000000 9.040000 10.559000
1160.000000 19.000000 12.242000 7.491000
1170.000000 19.000000 11.891000 7.520000
1180.000000 19.000000 11.540000 7.549000
1190.000000 19.000000 11.190000 7.578000
1200.000000 19.000000 10.763000 7.634000
1210.000000 19.000000 10.285000 7.707000
1220.000000 19.000000 9.808000 7.780000
1230.000000 19.000000 9.168000 7.962000
1240.000000 19.000000 9.434000 7.723000
1250.000000 19.000000 9.083000 7.752000
1260.000000 19.000000 8.732000 7.781000
1270.000000 19.000000 8.381000 7.810000
1280.000000 19.000000 8.030000 7.839000
1290.000000 19.000000 7.679000 7.868000
1300.000000 19.000000 7.328000 7.897000
1310.000000 19.000000 6.977000 7.926000
1320.000000 19.000000 6.626000 7.955000
1330.000000 19.000000 6.275000 7.984000
1340.000000 19.000000 5.924000 8.013000
1350.000000 19.000000 5.573000 8.042000
1200.000000 20.000000 11.991000 8.161000
1210.000000 20.000000 11.435000 8.276000
1220.000000 20.000000 10.879000 8.390000
1230.000000 20.000000 10.358000 8.493000
1240.000000 20.000000 9.851000 8.590000
1250.000000 20.000000 9.345000 8.687000
1260.000000 20.000000 8.766000 8.735000
1270.000000 20.000000 8.187000 8.783000
1280.000000 20.000000 7.543000 9.081000
1290.000000 20.000000 6.987000 9.196000
1300.000000 20.000000 6.431000 9.311000
1310.000000 20.000000 5.875000 9.426000
1320.000000 20.000000 5.319000 9.541000
1330.000000 20.000000 4.763000 9.656000
1340.000000 20.000000 4.207000 9.771000
1350.000000 20.000000 3.651000 9.886000
1360.000000 20.000000 3.095000 10.001000
1370.000000 20.000000 2.539000 10.116000
1380.000000 20.000000 1.983000 10.231000
1390.000000 20.000000 1.427000 10.346000
1230.000000 25.000000 3.849000 4.590000
1240.000000 25.000000 4.039000 4.668000
1250.000000 25.000000 4.229000 4.747000
1260.000000 25.000000 4.419000 4.825000
1270.000000 25.000000 4.609000 4.903000
1280.000000 25.000000 4.798000 4.981000
1290.000000 25.000000 4.988000 5.060000
1300.000000 25.000000 5.225000 5.100000
1310.000000 25.000000 5.369000 5.214000
1320.000000 25.000000 5.559000 5.292000
1330.000000 25.000000 5.749000 5.370000
1340.000000 25.000000 5.939000 5.448000
1350.000000 25.000000 6.129000 5.526000
1360.000000 25.000000 6.319000 5.604000
1370.000000 25.000000 6.509000 5.682000
1380.000000 25.000000 6.699000 5.760000
1390.000000 25.000000 6.889000 5.838000
1400.000000 25.000000 7.079000 5.916000
1410.000000 25.000000 7.269000 5.994000
1420.000000 25.000000 7.459000 6.072000
1310.000000 22.000000 14.781000 5.883000
1320.000000 22.000000 14.322000 5.852000
1330.000000 22.000000 13.863000 5.821000
1340.000000 22.000000 13.405000 5.791000
1350.000000 22.000000 12.965000 5.789000
1360.000000 22.000000 12.544000 5.817000
1370.000000 22.000000 12.123000 5.845000
1380.000000 22.000000 11.702000 5.873000
1390.000000 22.000000 11.109000 5.635000
1400.000000 22.000000 10.650000 5.604000
1410.000000 22.000000 10.191000 5.573000
1420.000000 22.000000 9.732000 5.542000
1430.000000 22.000000 9.273000 5.511000
1440.000000 22.000000 8.814000 5.480000
1450.000000 22.000000 8.355000 5.449000
1460.000000 22.000000 7.896000 5.418000
1470.000000 22.000000 7.437000 5.387000
1480.000000 22.000000 6.978000 5.356000
1490.000000 22.000000 6.519000 5.325000
1500.000000 22.000000 6.060000 5.294000
1310.000000 23.000000 14.939000 5.155000
1320.000000 23.000000 14.500000 5.155000
1330.000000 23.000000 14.060000 5.155000
1340.000000 23.000000 13.621000 5.155000
1350.000000 23.000000 13.176000 5.166000
1360.000000 23.000000 12.731000 5.180000
1370.000000 23.000000 12.285000 5.194000
1380.000000 23.000000 11.849000 5.189000
1390.000000 23.000000 11.427000 5.155000
1400.000000 23.000000 10.988000 5.155000
1410.000000 23.000000 10.549000 5.155000
1420.000000 23.000000 10.110000 5.155000
1430.000000 23.000000 9.671000 5.155000
1440.000000 23.000000 9.232000 5.155000
1450.000000 23.000000 8.793000 5.155000
1460.000000 23.000000 8.354000 5.155000
1470.000000 23.000000 7.915000 5.155000
1480.000000 23.000000 7.476000 5.155000
1490.000000 23.000000 7.037000 5.155000
1500.000000 23.000000 6.598000 5.155000
1310.000000 24.000000 14.936000 4.413000
1320.000000 24.000000 14.479000 4.399000
1330.000000 24.000000 14.022000 4.385000
1340.000000 24.000000 13.565000 4.372000
1350.000000 24.000000 13.126000 4.347000
1360.000000 24.000000 12.695000 4.318000
1370.000000 24.000000 12.263000 4.289000
1380.000000 24.000000 11.832000 4.260000
1390.000000 24.000000 11.280000 4.301000
1400.000000 24.000000 10.823000 4.287000
1410.000000 24.000000 10.366000 4.273000
1420.000000 24.000000 9.909000 4.259000
1430.000000 24.000000 9.452000 4.245000
1440.000000 24.000000 8.995000 4.231000
1450.000000 24.000000 8.538000 4.217000
1460.000000 24.000000 8.081000 4.203000
1470.000000 24.000000 7.624000 4.189000
1480.000000 24.000000 7.167000 4.175000
1490.000000 24.000000 6.710000 4.161000
1500.000000 24.000000 6.253000 4.147000
1370.000000 27.000000 6.367000 0.491000
1380.000000 27.000000 6.390000 1.139000
1390.000000 27.000000 6.412000 1.787000
1400.000000 27.000000 6.428000 2.382000
1410.000000 27.000000 6.440000 2.955000
1420.000000 27.000000 6.452000 3.527000
1430.000000 27.000000 6.461000 4.085000
1440.000000 27.000000 6.461000 4.580000
1450.000000 27.000000 6.551000 5.675000
1460.000000 27.000000 6.574000 6.323000
1470.000000 27.000000 6.597000 6.971000
1480.000000 27.000000 6.620000 7.619000
1490.000000 27.000000 6.643000 8.267000
1500.000000 27.000000 6.666000 8.915000
1510.000000 27.000000 6.689000 9.563000
1520.000000 27.000000 6.712000 10.211000
1530.000000 27.000000 6.735000 10.859000
1540.000000 27.000000 6.758000 11.507000
1550.000000 27.000000 6.781000 12.155000
1560.000000 27.000000 6.804000 12.803000
1430.000000 26.000000 8.171000 6.327000
1440.000000 26.000000 8.321000 6.402000
1450.000000 26.000000 8.470000 6.478000
1460.000000 26.000000 8.611000 6.546000
1470.000000 26.000000 8.743000 6.607000
1480.000000 26.000000 8.875000 6.668000
1490.000000 26.000000 9.007000 6.729000
1500.000000 26.000000 9.101000 6.781000
1510.000000 26.000000 9.371000 6.927000
1520.000000 26.000000 9.521000 7.002000
1530.000000 26.000000 9.671000 7.077000
1540.000000 26.000000 9.821000 7.152000
1550.000000 26.000000 9.971000 7.227000
1560.000000 26.000000 10.121000 7.302000
1570.000000 26.000000 10.271000 7.377000
1580.000000 26.000000 10.421000 7.452000
1590.000000 26.000000 10.571000 7.527000
1600.000000 26.000000 10.721000 7.602000
1610.000000 26.000000 10.871000 7.677000
1620.000000 26.000000 11.021000 7.752000
1560.000000 28.000000 9.766000 9.217000
1570.000000 28.000000 9.769000 9.169000
1580.000000 28.000000 9.771000 9.120000
1590.000000 28.000000 9.774000 9.072000
1600.000000 28.000000 9.776000 9.024000
1610.000000 28.000000 9.778000 8.976000
1620.000000 28.000000 9.781000 8.927000
1630.000000 28.000000 9.783000 8.879000
1640.000000 28.000000 9.790000 8.833000
1650.000000 28.000000 9.793000 8.785000
1660.000000 28.000000 9.796000 8.737000
1670.000000 28.000000 9.799000 8.689000
1680.000000 28.000000 9.802000 8.641000
1690.000000 28.000000 9.805000 8.593000
1700.000000 28.000000 9.808000 8.545000
1710.000000 28.000000 9.811000 8.497000
1720.000000 28.000000 9.814000 8.449000
1730.000000 28.000000 9.817000 8.401000
1740.000000 28.000000 9.820000 8.353000
1750.000000 28.000000 9.823000 8.305000
1560.000000 29.000000 0.844000 7.509000
1570.000000 29.000000 1.049000 7.352000
1580.000000 29.000000 1.254000 7.195000
1590.000000 29.000000 1.459000 7.038000
1600.000000 29.000000 1.664000 6.881000
1610.000000 29.000000 1.967000 6.760000
1620.000000 29.000000 2.295000 6.647000
1630.000000 29.000000 2.623000 6.535000
1640.000000 29.000000 2.484000 6.253000
1650.000000 29.000000 2.689000 6.096000
1660.000000 29.000000 2.894000 5.939000
1670.000000 29.000000 3.099000 5.782000
1680.000000 29.000000 3.304000 5.625000
1690.000000 29.000000 3.509000 5.468000
1700.000000 29.000000 3.714000 5.311000
1710.000000 29.000000 3.919000 5.154000
1720.000000 29.000000 4.124000 4.997000
1730.000000 29.000000 4.329000 4.840000
1740.000000 29.000000 4.534000 4.683000
1750.000000 29.000000 4.739000 4.526000
1780.000000 30.000000 12.813000 9.162000
1790.000000 30.000000 12.238000 9.393000
1800.000000 30.000000 11.663000 9.623000
1810.000000 30.000000 11.091000 9.861000
1820.000000 30.000000 10.527000 10.115000
1830.000000 30.000000 9.964000 10.369000
1840.000000 30.000000 9.398000 10.622000
1850.000000 30.000000 8.823000 10.869000
1860.000000 30.000000 8.213000 11.010000
1870.000000 30.000000 7.638000 11.241000
1880.000000 30.000000 7.063000 11.472000
1890.000000 30.000000 6.488000 11.703000
1900.000000 30.000000 5.913000 11.934000
1910.000000 30.000000 5.338000 12.165000
1920.000000 30.000000 4.763000 12.396000
1930.000000 30.000000 4.188000 12.627000
1940.000000 30.000000 3.613000 12.858000
1950.000000 30.000000 3.038000 13.089000
1960.000000 30.000000 2.463000 13.320000
1970.000000 30.000000 1.888000 13.551000
1780.000000 31.000000 1.784000 11.060000
1790.000000 31.000000 2.400000 10.857000
1800.000000 31.000000 3.016000 10.654000
1810.000000 31.000000 3.591000 10.450000
1820.000000 31.000000 4.140000 10.245000
1830.000000 31.000000 4.689000 10.041000
1840.000000 31.000000 5.321000 9.899000
1850.000000 31.000000 5.975000 9.774000
1860.000000 31.000000 6.712000 9.436000
1870.000000 31.000000 7.328000 9.233000
1880.000000 31.000000 7.944000 9.030000
1890.000000 31.000000 8.560000 8.827000
1900.000000 31.000000 9.176000 8.624000
1910.000000 31.000000 9.792000 8.421000
1920.000000 31.000000 10.408000 8.218000
1930.000000 31.000000 11.024000 8.015000
1940.000000 31.000000 11.640000 7.812000
1950.000000 31.000000 12.256000 7.609000
1960.000000 31.000000 12.872000 7.406000
1970.000000 31.000000 13.488000 7.203000
2040.000000 33.000000 0.146000 10.352000
2050.000000 33.000000 0.763000 10.294000
2060.000000 33.000000 1.380000 10.237000
2070.000000 33.000000 1.996000 10.154000
2080.000000 33.000000 2.613000 9.974000
2090.000000 33.000000 3.230000 9.792000
2100.000000 33.000000 3.825000 9.619000
2110.000000 33.000000 4.370000 9.462000
2120.000000 33.000000 5.082000 9.888000
2130.000000 33.000000 5.699000 9.830000
2140.000000 33.000000 6.316000 9.772000
2150.000000 33.000000 6.933000 9.714000
2160.000000 33.000000 7.550000 9.656000
2170.000000 33.000000 8.167000 9.598000
2180.000000 33.000000 8.784000 9.540000
2190.000000 33.000000 9.401000 9.482000
2200.000000 33.000000 10.018000 9.424000
2210.000000 33.000000 10.635000 9.366000
2220.000000 33.000000 11.252000 9.308000
2230.000000 33.000000 11.869000 9.250000
2110.000000 35.000000 0.182000 8.361000
2120.000000 35.000000 0.638000 8.321000
2130.000000 35.000000 1.094000 8.281000
2140.000000 35.000000 1.560000 8.228000
2150.000000 35.000000 2.040000 8.153000
2160.000000 35.000000 2.520000 8.079000
2170.000000 35.000000 2.993000 8.024000
2180.000000 35.000000 3.437000 8.050000
2190.000000 35.000000 3.830000 8.041000
2200.000000 35.000000 4.286000 8.001000
2210.000000 35.000000 4.742000 7.961000
2220.000000 35.000000 5.198000 7.921000
2230.000000 35.000000 5.654000 7.881000
2240.000000 35.000000 6.110000 7.841000
2250.000000 35.000000 6.566000 7.801000
2260.000000 35.000000 7.022000 7.761000
2270.000000 35.000000 7.478000 7.721000
2280.000000 35.000000 7.934000 7.681000
2290.000000 35.000000 8.390000 7.641000
2300.000000 35.000000 8.846000 7.601000
2150.000000 36.000000 14.859000 6.125000
2160.000000 36.000000 14.227000 6.202000
2170.000000 36.000000 13.596000 6.278000
2180.000000 36.000000 12.975000 6.344000
2190.000000 36.000000 12.369000 6.391000
2200.000000 36.000000 11.762000 6.439000
2210.000000 36.000000 11.103000 6.487000
2220.000000 36.000000 10.438000 6.535000
2230.000000 36.000000 9.803000 6.741000
2240.000000 36.000000 9.171000 6.818000
2250.000000 36.000000 8.539000 6.895000
2260.000000 36.000000 7.907000 6.972000
2270.000000 36.000000 7.275000 7.049000
2280.000000 36.000000 6.643000 7.126000
2290.000000 36.000000 6.011000 7.203000
2300.000000 36.000000 5.379000 7.280000
2310.000000 36.000000 4.747000 7.357000
2320.000000 36.000000 4.115000 7.434000
2330.000000 36.000000 3.483000 7.511000
2340.000000 36.000000 2.851000 7.588000
2200.000000 37.000000 6.003000 12.440000
2210.000000 37.000000 6.024000 12.111000
2220.000000 37.000000 6.046000 11.782000
2230.000000 37.000000 6.072000 11.445000
2240.000000 37.000000 6.109000 11.091000
2250.000000 37.000000 6.145000 10.737000
2260.000000 37.000000 6.175000 10.379000
2270.000000 37.000000 6.196000 10.012000
2280.000000 37.000000 6.171000 9.808000
2290.000000 37.000000 6.192000 9.479000
2300.000000 37.000000 6.213000 9.150000
2310.000000 37.000000 6.234000 8.821000
2320.000000 37.000000 6.255000 8.492000
2330.000000 37.000000 6.276000 8.163000
2340.000000 37.000000 6.297000 7.834000
2350.000000 37.000000 6.318000 7.505000
2360.000000 37.000000 6.339000 7.176000
2370.000000 37.000000 6.360000 6.847000
2380.000000 37.000000 6.381000 6.518000
2390.000000 37.000000 6.402000 6.189000
2440.000000 40.000000 14.886000 6.563000
2450.000000 40.000000 14.182000 6.802000
2460.000000 40.000000 13.477000 7.040000
2470.000000 40.000000 12.735000 7.240000
2480.000000 40.000000 11.989000 7.435000
2490.000000 40.000000 11.280000 7.612000
2500.000000 40.000000 10.587000 7.781000
2510.000000 40.000000 9.893000 7.934000
2520.000000 40.000000 9.254000 8.475000
2530.000000 40.000000 8.550000 8.714000
2540.000000 40.000000 7.846000 8.953000
2550.000000 40.000000 7.142000 9.192000
2560.000000 40.000000 6.438000 9.431000
2570.000000 40.000000 5.734000 9.670000
2580.000000 40.000000 5.030000 9.909000
2590.000000 40.000000 4.326000 10.148000
2600.000000 40.000000 3.622000 10.387000
2610.000000 40.000000 2.918000 10.626000
2620.000000 40.000000 2.214000 10.865000
2630.000000 40.000000 1.510000 11.104000
2440.000000 41.000000 15.281000 9.021000
2450.000000 41.000000 14.506000 9.021000
2460.000000 41.000000 13.732000 9.021000
2470.000000 41.000000 12.958000 9.021000
2480.000000 41.000000 12.151000 9.196000
2490.000000 41.000000 11.340000 9.391000
2500.000000 41.000000 10.535000 9.598000
2510.000000 41.000000 9.755000 9.857000
2520.000000 41.000000 9.081000 9.021000
2530.000000 41.000000 8.306000 9.021000
2540.000000 41.000000 7.531000 9.021000
2550.000000 41.000000 6.756000 9.021000
2560.000000 41.000000 5.981000 9.021000
2570.000000 41.000000 5.206000 9.021000
2580.000000 41.000000 4.431000 9.021000
2590.000000 41.000000 3.656000 9.021000
2600.000000 41.000000 2.881000 9.021000
2610.000000 41.000000 2.106000 9.021000
2620.000000 41.000000 1.331000 9.021000
2630.000000 41.000000 0.556000 9.021000
2730.000000 43.000000 15.235000 9.047000
2740.000000 43.000000 14.514000 9.038000
2750.000000 43.000000 13.793000 9.029000
2760.000000 43.000000 13.083000 9.050000
2770.000000 43.000000 12.409000 9.193000
2780.000000 43.000000 11.736000 9.336000
2790.000000 43.000000 11.073000 9.602000
2800.000000 43.000000 10.415000 9.920000
2810.000000 43.000000 9.467000 8.975000
2820.000000 43.000000 8.746000 8.966000
2830.000000 43.000000 8.025000 8.957000
2840.000000 43.000000 7.304000 8.948000
2850.000000 43.000000 6.583000 8.939000
2860.000000 43.000000 5.862000 8.930000
2870.000000 43.000000 5.141000 8.921000
2880.000000 43.000000 4.420000 8.912000
2890.000000 43.000000 3.699000 8.903000
2900.000000 43.000000 2.978000 8.894000
2910.000000 43.000000 2.257000 8.885000
2920.000000 43.000000 1.536000 8.876000
2730.000000 44.000000 10.049000 6.892000
2740.000000 44.000000 10.000000 7.155000
2750.000000 44.000000 9.951000 7.418000
2760.000000 44.000000 9.902000 7.680000
2770.000000 44.000000 9.841000 7.998000
2780.000000 44.000000 9.777000 8.330000
2790.000000 44.000000 9.706000 8.588000
2800.000000 44.000000 9.629000 8.771000
2810.000000 44.000000 9.657000 8.996000
2820.000000 44.000000 9.608000 9.259000
2830.000000 44.000000 9.559000 9.522000
2840.000000 44.000000 9.510000 9.785000
2850.000000 44.000000 9.461000 10.048000
2860.000000 44.000000 9.412000 10.311000
2870.000000 44.000000 9.363000 10.574000
2880.000000 44.000000 9.314000 10.837000
2890.000000 44.000000 9.265000 11.100000
2900.000000 44.000000 9.216000 11.363000
2910.000000 44.000000 9.167000 11.626000
2920.000000 44.000000 9.118000 11.889000
2950.000000 46.000000 15.113000 7.655000
2960.000000 46.000000 14.465000 7.711000
2970.000000 46.000000 13.818000 7.766000
2980.000000 46.000000 13.166000 7.844000
2990.000000 46.000000 12.503000 7.976000
3000.000000 46.000000 11.841000 8.109000
3010.000000 46.000000 11.213000 8.249000
3020.000000 46.000000 10.609000 8.395000
3030.000000 46.000000 9.929000 8.103000
3040.000000 46.000000 9.281000 8.159000
3050.000000 46.000000 8.633000 8.215000
3060.000000 46.000000 7.985000 8.271000
3070.000000 46.000000 7.337000 8.327000
3080.000000 46.000000 6.689000 8.383000
3090.000000 46.000000 6.041000 8.439000
3100.000000 46.000000 5.393000 8.495000
3110.000000 46.000000 4.745000 8.551000
3120.000000 46.000000 4.097000 8.607000
3130.000000 46.000000 3.449000 8.663000
3140.000000 46.000000 2.801000 8.719000
2960.000000 47.000000 14.691000 8.306000
2970.000000 47.000000 14.104000 8.356000
2980.000000 47.000000 13.515000 8.413000
2990.000000 47.000000 12.912000 8.532000
3000.000000 47.000000 12.309000 8.651000
3010.000000 47.000000 11.697000 8.831000
3020.000000 47.000000 11.084000 9.018000
3030.000000 47.000000 10.435000 9.207000
3040.000000 47.000000 9.995000 8.706000
3050.000000 47.000000 9.408000 8.756000
3060.000000 47.000000 8.821000 8.806000
3070.000000 47.000000 8.234000 8.856000
3080.000000 47.000000 7.647000 8.906000
3090.000000 47.000000 7.060000 8.956000
3100.000000 47.000000 6.473000 9.006000
3110.000000 47.000000 5.886000 9.056000
3120.000000 47.000000 5.299000 9.106000
3130.000000 47.000000 4.712000 9.156000
3140.000000 47.000000 4.125000 9.206000
3150.000000 47.000000 3.538000 9.256000
2960.000000 48.000000 14.707000 9.007000
2970.000000 48.000000 14.110000 8.978000
2980.000000 48.000000 13.512000 8.950000
2990.000000 48.000000 12.990000 9.065000
3000.000000 48.000000 12.467000 9.180000
3010.000000 48.000000 11.920000 9.338000
3020.000000 48.000000 11.315000 9.596000
3030.000000 48.000000 10.710000 9.855000
3040.000000 48.000000 9.931000 8.775000
3050.000000 48.000000 9.334000 8.746000
3060.000000 48.000000 8.737000 8.717000
3070.000000 48.000000 8.140000 8.688000
3080.000000 48.000000 7.543000 8.659000
3090.000000 48.000000 6.946000 8.630000
3100.000000 48.000000 6.349000 8.601000
3110.000000 48.000000 5.752000 8.572000
3120.000000 48.000000 5.155000 8.543000
3130.000000 48.000000 4.558000 8.514000
3140.000000 48.000000 3.961000 8.485000
3150.000000 48.000000 3.364000 8.456000
3010.000000 49.000000 8.891000 8.481000
3020.000000 49.000000 9.199000 8.335000
3030.000000 49.000000 9.506000 8.188000
3040.000000 49.000000 9.862000 8.120000
3050.000000 49.000000 10.264000 8.130000
3060.000000 49.000000 10.662000 8.137000
3070.000000 49.000000 11.037000 8.128000
3080.000000 49.000000 11.413000 8.119000
3090.000000 49.000000 11.355000 7.313000
3100.000000 49.000000 11.663000 7.167000
3110.000000 49.000000 11.971000 7.021000
3120.000000 49.000000 12.279000 6.875000
3130.000000 49.000000 12.587000 6.729000
3140.000000 49.000000 12.895000 6.583000
3150.000000 49.000000 13.203000 6.437000
3160.000000 49.000000 13.511000 6.291000
3170.000000 49.000000 13.819000 6.145000
3180.000000 49.000000 14.127000 5.999000
3190.000000 49.000000 14.435000 5.853000
3200.000000 49.000000 14.743000 5.707000
3040.000000 50.000000 0.112000 10.188000
3050.000000 50.000000 0.469000 9.974000
3060.000000 50.000000 0.827000 9.759000
3070.000000 50.000000 1.185000 9.544000
3080.000000 50.000000 1.547000 9.360000
3090.000000 50.000000 1.910000 9.179000
3100.000000 50.000000 2.273000 8.997000
3110.000000 50.000000 2.592000 8.891000
3120.000000 50.000000 2.968000 8.476000
3130.000000 50.000000 3.325000 8.262000
3140.000000 50.000000 3.682000 8.048000
3150.000000 50.000000 4.039000 7.834000
3160.000000 50.000000 4.396000 7.620000
3170.000000 50.000000 4.753000 7.406000
3180.000000 50.000000 5.110000 7.192000
3190.000000 50.000000 5.467000 6.978000
3200.000000 50.000000 5.824000 6.764000
3210.000000 50.000000 6.181000 6.550000
3220.000000 50.000000 6.538000 6.336000
3230.000000 50.000000 6.895000 6.122000
3100.000000 52.000000 0.118000 12.916000
3110.000000 52.000000 0.442000 12.852000
3120.000000 52.000000 0.766000 12.788000
3130.000000 52.000000 1.077000 12.747000
3140.000000 52.000000 1.382000 12.716000
3150.000000 52.000000 1.688000 12.685000
3160.000000 52.000000 1.940000 12.641000
3170.000000 52.000000 2.156000 12.588000
3180.000000 52.000000 2.710000 12.404000
3190.000000 52.000000 3.034000 12.340000
3200.000000 52.000000 3.358000 12.276000
3210.000000 52.000000 3.682000 12.212000
3220.000000 52.000000 4.006000 12.148000
3230.000000 52.000000 4.330000 12.084000
3240.000000 52.000000 4.654000 12.020000
3250.000000 52.000000 4.978000 11.956000
3260.000000 52.000000 5.302000 11.892000
3270.000000 52.000000 5.626000 11.828000
3280.000000 52.000000 5.950000 11.764000
3290.000000 52.000000 6.274000 11.700000
3200.000000 54.000000 14.702000 9.063000
3210.000000 54.000000 14.045000 9.050000
3220.000000 54.000000 13.343000 9.157000
3230.000000 54.000000 12.622000 9.316000
3240.000000 54.000000 11.954000 9.510000
3250.000000 54.000000 11.323000 9.728000
3260.000000 54.000000 10.689000 9.946000
3270.000000 54.000000 10.049000 10.166000
3280.000000 54.000000 9.446000 8.959000
3290.000000 54.000000 8.789000 8.946000
3300.000000 54.000000 8.132000 8.933000
3310.000000 54.000000 7.475000 8.920000
3320.000000 54.000000 6.818000 8.907000
3330.000000 54.000000 6.161000 8.894000
3340.000000 54.000000 5.504000 8.881000
3350.000000 54.000000 4.847000 8.868000
3360.000000 54.000000 4.190000 8.855000
3370.000000 54.000000 3.533000 8.842000
3380.000000 54.000000 2.876000 8.829000
3390.000000 54.000000 2.219000 8.816000
3240.000000 51.000000 4.206000 8.429000
3250.000000 51.000000 4.399000 8.380000
3260.000000 51.000000 4.735000 8.292000
3270.000000 51.000000 5.072000 8.203000
3280.000000 51.000000 5.409000 8.114000
3290.000000 51.000000 5.842000 7.995000
3300.000000 51.000000 6.274000 7.876000
3310.000000 51.000000 6.707000 7.756000
3320.000000 51.000000 5.750000 8.037000
3330.000000 51.000000 5.943000 7.988000
3340.000000 51.000000 6.136000 7.939000
3350.000000 51.000000 6.329000 7.890000
3360.000000 51.000000 6.522000 7.841000
3370.000000 51.000000 6.715000 7.792000
3380.000000 51.000000 6.908000 7.743000
3390.000000 51.000000 7.101000 7.694000
3400.000000 51.000000 7.294000 7.645000
3410.000000 51.000000 7.487000 7.596000
3420.000000 51.000000 7.680000 7.547000
3430.000000 51.000000 7.873000 7.498000
3300.000000 53.000000 3.967000 10.755000
3310.000000 53.000000 4.099000 10.568000
3320.000000 53.000000 4.230000 10.382000
3330.000000 53.000000 4.415000 10.223000
3340.000000 53.000000 4.600000 10.064000
3350.000000 53.000000 4.785000 9.904000
3360.000000 53.000000 4.984000 9.729000
3370.000000 53.000000 5.188000 9.546000
3380.000000 53.000000 5.023000 9.259000
3390.000000 53.000000 5.155000 9.072000
3400.000000 53.000000 5.287000 8.885000
3410.000000 53.000000 5.419000 8.698000
3420.000000 53.000000 5.551000 8.511000
3430.000000 53.000000 5.683000 8.324000
3440.000000 53.000000 5.815000 8.137000
3450.000000 53.000000 5.947000 7.950000
3460.000000 53.000000 6.079000 7.763000
3470.000000 53.000000 6.211000 7.576000
3480.000000 53.000000 6.343000 7.389000
3490.000000 53.000000 6.475000 7.202000
3460.000000 55.000000 -0.162000 11.055000
3470.000000 55.000000 0.728000 10.958000
3480.000000 55.000000 1.618000 10.860000
3490.000000 55.000000 2.498000 10.782000
3500.000000 55.000000 3.369000 10.725000
3510.000000 55.000000 4.240000 10.667000
3520.000000 55.000000 5.077000 10.617000
3530.000000 55.000000 5.893000 10.573000
3540.000000 55.000000 6.958000 10.279000
3550.000000 55.000000 7.848000 10.182000
3560.000000 55.000000 8.738000 10.085000
3570.000000 55.000000 9.628000 9.988000
3580.000000 55.000000 10.518000 9.891000
3590.000000 55.000000 11.408000 9.794000
3600.000000 55.000000 12.298000 9.697000
3610.000000 55.000000 13.188000 9.600000
3620.000000 55.000000 14.078000 9.503000
3630.000000 55.000000 14.968000 9.406000
3640.000000 55.000000 15.858000 9.309000
3650.000000 55.000000 16.748000 9.212000
3520.000000 56.000000 0.132000 11.040000
3530.000000 56.000000 0.816000 10.938000
3540.000000 56.000000 1.500000 10.835000
3550.000000 56.000000 2.181000 10.742000
3560.000000 56.000000 2.857000 10.670000
3570.000000 56.000000 3.533000 10.597000
3580.000000 56.000000 4.209000 10.525000
3590.000000 56.000000 4.888000 10.440000
3600.000000 56.000000 5.604000 10.224000
3610.000000 56.000000 6.288000 10.122000
3620.000000 56.000000 6.972000 10.020000
3630.000000 56.000000 7.656000 9.918000
3640.000000 56.000000 8.340000 9.816000
3650.000000 56.000000 9.024000 9.714000
3660.000000 56.000000 9.708000 9.612000
3670.000000 56.000000 10.392000 9.510000
3680.000000 56.000000 11.076000 9.408000
3690.000000 56.000000 11.760000 9.306000
3700.000000 56.000000 12.444000 9.204000
3710.000000 56.000000 13.128000 9.102000
3970.000000 60.000000 14.764000 8.080000
3980.000000 60.000000 14.000000 8.292000
3990.000000 60.000000 13.236000 8.504000
4000.000000 60.000000 12.553000 8.806000
4010.000000 60.000000 11.906000 9.145000
4020.000000 60.000000 11.256000 9.497000
4030.000000 60.000000 10.582000 9.955000
4040.000000 60.000000 9.909000 10.413000
4050.000000 60.000000 8.652000 9.776000
4060.000000 60.000000 7.888000 9.988000
4070.000000 60.000000 7.124000 10.200000
4080.000000 60.000000 6.360000 10.412000
4090.000000 60.000000 5.596000 10.624000
4100.000000 60.000000 4.832000 10.836000
4110.000000 60.000000 4.068000 11.048000
4120.000000 60.000000 3.304000 11.260000
4130.000000 60.000000 2.540000 11.472000
4140.000000 60.000000 1.776000 11.684000
4150.000000 60.000000 1.012000 11.896000
4160.000000 60.000000 0.248000 12.108000
3990.000000 62.000000 3.379000 7.155000
4000.000000 62.000000 3.688000 7.436000
4010.000000 62.000000 3.998000 7.717000
4020.000000 62.000000 4.307000 7.998000
4030.000000 62.000000 4.736000 8.278000
4040.000000 62.000000 5.285000 8.559000
4050.000000 62.000000 5.829000 8.830000
4060.000000 62.000000 6.352000 9.069000
4070.000000 62.000000 5.851000 9.403000
4080.000000 62.000000 6.160000 9.684000
4090.000000 62.000000 6.469000 9.965000
4100.000000 62.000000 6.778000 10.246000
4110.000000 62.000000 7.087000 10.527000
4120.000000 62.000000 7.396000 10.808000
4130.000000 62.000000 7.705000 11.089000
4140.000000 62.000000 8.014000 11.370000
4150.000000 62.000000 8.323000 11.651000
4160.000000 62.000000 8.632000 11.932000
4170.000000 62.000000 8.941000 12.213000
4180.000000 62.000000 9.250000 12.494000
4220.000000 64.000000 2.294000 11.340000
4230.000000 64.000000 2.925000 11.140000
4240.000000 64.000000 3.557000 10.939000
4250.000000 64.000000 4.180000 10.707000
4260.000000 64.000000 4.799000 10.453000
4270.000000 64.000000 5.417000 10.200000
4280.000000 64.000000 6.031000 9.908000
4290.000000 64.000000 6.640000 9.558000
4300.000000 64.000000 7.342000 9.740000
4310.000000 64.000000 7.973000 9.540000
4320.000000 64.000000 8.604000 9.340000
4330.000000 64.000000 9.235000 9.140000
4340.000000 64.000000 9.866000 8.940000
4350.000000 64.000000 10.497000 8.740000
4360.000000 64.000000 11.128000 8.540000
4370.000000 64.000000 11.759000 8.340000
4380.000000 64.000000 12.390000 8.140000
4390.000000 64.000000 13.021000 7.940000
4400.000000 64.000000 13.652000 7.740000
4410.000000 64.000000 14.283000 7.540000
4220.000000 65.000000 6.877000 9.056000
4230.000000 65.000000 6.742000 9.588000
4240.000000 65.000000 6.609000 10.119000
4250.000000 65.000000 6.417000 10.683000
4260.000000 65.000000 6.226000 11.247000
4270.000000 65.000000 6.044000 11.685000
4280.000000 65.000000 5.865000 12.092000
4290.000000 65.000000 5.680000 12.478000
4300.000000 65.000000 5.797000 13.312000
4310.000000 65.000000 5.662000 13.844000
4320.000000 65.000000 5.527000 14.376000
4330.000000 65.000000 5.392000 14.908000
4340.000000 65.000000 5.257000 15.440000
4350.000000 65.000000 5.122000 15.972000
4360.000000 65.000000 4.987000 16.504000
4370.000000 65.000000 4.852000 17.036000
4380.000000 65.000000 4.717000 17.568000
4390.000000 65.000000 4.582000 18.100000
4400.000000 65.000000 4.447000 18.632000
4410.000000 65.000000 4.312000 19.164000
4270.000000 66.000000 11.245000 7.967000
4280.000000 66.000000 10.843000 8.112000
4290.000000 66.000000 10.441000 8.256000
4300.000000 66.000000 10.039000 8.401000
4310.000000 66.000000 9.481000 8.750000
4320.000000 66.000000 8.922000 9.098000
4330.000000 66.000000 8.331000 9.327000
4340.000000 66.000000 7.691000 9.375000
4350.000000 66.000000 8.029000 9.127000
4360.000000 66.000000 7.627000 9.272000
4370.000000 66.000000 7.225000 9.417000
4380.000000 66.000000 6.823000 9.562000
4390.000000 66.000000 6.421000 9.707000
4400.000000 66.000000 6.019000 9.852000
4410.000000 66.000000 5.617000 9.997000
4420.000000 66.000000 5.215000 10.142000
4430.000000 66.000000 4.813000 10.287000
4440.000000 66.000000 4.411000 10.432000
4450.000000 66.000000 4.009000 10.577000
4460.000000 66.000000 3.607000 10.722000
4280.000000 67.000000 15.224000 7.173000
4290.000000 67.000000 14.450000 7.106000
4300.000000 67.000000 13.675000 7.040000
4310.000000 67.000000 12.888000 6.993000
4320.000000 67.000000 12.070000 6.993000
4330.000000 67.000000 11.253000 6.993000
4340.000000 67.000000 10.467000 7.062000
4350.000000 67.000000 9.695000 7.162000
4360.000000 67.000000 9.032000 6.637000
4370.000000 67.000000 8.258000 6.570000
4380.000000 67.000000 7.484000 6.503000
4390.000000 67.000000 6.710000 6.436000
4400.000000 67.000000 5.936000 6.369000
4410.000000 67.000000 5.162000 6.302000
4420.000000 67.000000 4.388000 6.235000
4430.000000 67.000000 3.614000 6.168000
4440.000000 67.000000 2.840000 6.101000
4450.000000 67.000000 2.066000 6.034000
4460.000000 67.000000 1.292000 5.967000
4470.000000 67.000000 0.518000 5.900000
4310.000000 68.000000 10.313000 9.618000
4320.000000 68.000000 9.892000 9.484000
4330.000000 68.000000 9.408000 9.272000
4340.000000 68.000000 8.829000 8.944000
4350.000000 68.000000 8.261000 8.699000
4360.000000 68.000000 7.698000 8.478000
4370.000000 68.000000 7.145000 8.270000
4380.000000 68.000000 6.609000 8.067000
4390.000000 68.000000 6.945000 8.546000
4400.000000 68.000000 6.524000 8.412000
4410.000000 68.000000 6.103000 8.278000
4420.000000 68.000000 5.682000 8.144000
4430.000000 68.000000 5.261000 8.010000
4440.000000 68.000000 4.840000 7.876000
4450.000000 68.000000 4.419000 7.742000
4460.000000 68.000000 3.998000 7.608000
4470.000000 68.000000 3.577000 7.474000
4480.000000 68.000000 3.156000 7.340000
4490.000000 68.000000 2.735000 7.206000
4500.000000 68.000000 2.314000 7.072000
4510.000000 69.000000 9.428000 13.047000
4520.000000 69.000000 9.374000 12.790000
4530.000000 69.000000 9.320000 12.533000
4540.000000 69.000000 9.266000 12.276000
4550.000000 69.000000 9.239000 11.989000
4560.000000 69.000000 9.239000 11.670000
4570.000000 69.000000 9.239000 11.352000
4580.000000 69.000000 9.245000 11.037000
4590.000000 69.000000 8.996000 10.991000
4600.000000 69.000000 8.942000 10.734000
4610.000000 69.000000 8.888000 10.477000
4620.000000 69.000000 8.834000 10.220000
4630.000000 69.000000 8.780000 9.963000
4640.000000 69.000000 8.726000 9.706000
4650.000000 69.000000 8.672000 9.449000
4660.000000 69.000000 8.618000 9.192000
4670.000000 69.000000 8.564000 8.935000
4680.000000 69.000000 8.510000 8.678000
4690.000000 69.000000 8.456000 8.421000
4700.000000 69.000000 8.402000 8.164000
4510.000000 70.000000 10.198000 13.383000
4520.000000 70.000000 10.227000 13.070000
4530.000000 70.000000 10.256000 12.758000
4540.000000 70.000000 10.268000 12.460000
4550.000000 70.000000 10.263000 12.179000
4560.000000 70.000000 10.257000 11.897000
4570.000000 70.000000 10.252000 11.616000
4580.000000 70.000000 10.273000 11.304000
4590.000000 70.000000 10.430000 10.879000
4600.000000 70.000000 10.459000 10.566000
4610.000000 70.000000 10.488000 10.253000
4620.000000 70.000000 10.517000 9.940000
4630.000000 70.000000 10.546000 9.627000
4640.000000 70.000000 10.575000 9.314000
4650.000000 70.000000 10.604000 9.001000
4660.000000 70.000000 10.633000 8.688000
4670.000000 70.000000 10.662000 8.375000
4680.000000 70.000000 10.691000 8.062000
4690.000000 70.000000 10.720000 7.749000
4700.000000 70.000000 10.749000 7.436000
4600.000000 73.000000 0.170000 9.853000
4610.000000 73.000000 0.818000 9.816000
4620.000000 73.000000 1.465000 9.780000
4630.000000 73.000000 2.099000 9.725000
4640.000000 73.000000 2.720000 9.654000
4650.000000 73.000000 3.342000 9.558000
4660.000000 73.000000 3.963000 9.439000
4670.000000 73.000000 4.583000 9.318000
4680.000000 73.000000 5.354000 9.557000
4690.000000 73.000000 6.002000 9.520000
4700.000000 73.000000 6.650000 9.483000
4710.000000 73.000000 7.298000 9.446000
4720.000000 73.000000 7.946000 9.409000
4730.000000 73.000000 8.594000 9.372000
4740.000000 73.000000 9.242000 9.335000
4750.000000 73.000000 9.890000 9.298000
4760.000000 73.000000 10.538000 9.261000
4770.000000 73.000000 11.186000 9.224000
4780.000000 73.000000 11.834000 9.187000
4790.000000 73.000000 12.482000 9.150000
4610.000000 74.000000 0.449000 10.200000
4620.000000 74.000000 1.178000 10.123000
4630.000000 74.000000 1.907000 10.047000
4640.000000 74.000000 2.593000 10.002000
4650.000000 74.000000 3.261000 9.971000
4660.000000 74.000000 3.919000 9.920000
4670.000000 74.000000 4.560000 9.841000
4680.000000 74.000000 5.214000 9.762000
4690.000000 74.000000 6.281000 9.584000
4700.000000 74.000000 7.010000 9.507000
4710.000000 74.000000 7.739000 9.430000
4720.000000 74.000000 8.468000 9.353000
4730.000000 74.000000 9.197000 9.276000
4740.000000 74.000000 9.926000 9.199000
4750.000000 74.000000 10.655000 9.122000
4760.000000 74.000000 11.384000 9.045000
4770.000000 74.000000 12.113000 8.968000
4780.000000 74.000000 12.842000 8.891000
4790.000000 74.000000 13.571000 8.814000
4800.000000 74.000000 14.300000 8.737000
4640.000000 75.000000 -0.100000 11.481000
4650.000000 75.000000 0.466000 11.298000
4660.000000 75.000000 1.033000 11.114000
4670.000000 75.000000 1.600000 10.931000
4680.000000 75.000000 2.176000 11.006000
4690.000000 75.000000 2.765000 11.047000
4700.000000 75.000000 3.458000 10.859000
4710.000000 75.000000 4.109000 10.859000
4720.000000 75.000000 4.428000 10.017000
4730.000000 75.000000 4.994000 9.834000
4740.000000 75.000000 5.560000 9.651000
4750.000000 75.000000 6.126000 9.468000
4760.000000 75.000000 6.692000 9.285000
4770.000000 75.000000 7.258000 9.102000
4780.000000 75.000000 7.824000 8.919000
4790.000000 75.000000 8.390000 8.736000
4800.000000 75.000000 8.956000 8.553000
4810.000000 75.000000 9.522000 8.370000
4820.000000 75.000000 10.088000 8.187000
4830.000000 75.000000 10.654000 8.004000
4680.000000 76.000000 0.328000 7.055000
4690.000000 76.000000 0.899000 7.370000
4700.000000 76.000000 1.470000 7.686000
4710.000000 76.000000 1.929000 8.114000
4720.000000 76.000000 2.340000 8.592000
4730.000000 76.000000 2.668000 9.063000
4740.000000 76.000000 2.940000 9.530000
4750.000000 76.000000 3.241000 9.967000
4760.000000 76.000000 4.896000 9.575000
4770.000000 76.000000 5.467000 9.890000
4780.000000 76.000000 6.038000 10.205000
4790.000000 76.000000 6.609000 10.520000
4800.000000 76.000000 7.180000 10.835000
4810.000000 76.000000 7.751000 11.150000
4820.000000 76.000000 8.322000 11.465000
4830.000000 76.000000 8.893000 11.780000
4840.000000 76.000000 9.464000 12.095000
4850.000000 76.000000 10.035000 12.410000
4860.000000 76.000000 10.606000 12.725000
4870.000000 76.000000 11.177000 13.040000
4690.000000 77.000000 -0.015000 9.260000
4700.000000 77.000000 0.584000 9.021000
4710.000000 77.000000 1.142000 8.696000
4720.000000 77.000000 1.660000 8.289000
4730.000000 77.000000 2.179000 7.892000
4740.000000 77.000000 2.789000 7.542000
4750.000000 77.000000 3.412000 7.209000
4760.000000 77.000000 4.067000 6.983000
4770.000000 77.000000 4.777000 7.348000
4780.000000 77.000000 5.376000 7.109000
4790.000000 77.000000 5.975000 6.870000
4800.000000 77.000000 6.574000 6.631000
4810.000000 77.000000 7.173000 6.392000
4820.000000 77.000000 7.772000 6.153000
4830.000000 77.000000 8.371000 5.914000
4840.000000 77.000000 8.970000 5.675000
4850.000000 77.000000 9.569000 5.436000
4860.000000 77.000000 10.168000 5.197000
4870.000000 77.000000 10.767000 4.958000
4880.000000 77.000000 11.366000 4.719000
4910.000000 79.000000 0.084000 8.329000
4920.000000 79.000000 0.538000 8.329000
4930.000000 79.000000 1.000000 8.325000
4940.000000 79.000000 1.530000 8.281000
4950.000000 79.000000 2.060000 8.236000
4960.000000 79.000000 2.582000 8.178000
4970.000000 79.000000 3.090000 8.098000
4980.000000 79.000000 3.599000 8.019000
4990.000000 79.000000 3.716000 8.329000
5000.000000 79.000000 4.170000 8.329000
5010.000000 79.000000 4.624000 8.329000
5020.000000 79.000000 5.078000 8.329000
5030.000000 79.000000 5.532000 8.329000
5040.000000 79.000000 5.986000 8.329000
5050.000000 79.000000 6.440000 8.329000
5060.000000 79.000000 6.894000 8.329000
5070.000000 79.000000 7.348000 8.329000
5080.000000 79.000000 7.802000 8.329000
5090.000000 79.000000 8.256000 8.329000
5100.000000 79.000000 8.710000 8.329000
4910.000000 80.000000 -0.039000 8.821000
4920.000000 80.000000 0.472000 8.867000
4930.000000 80.000000 0.983000 8.912000
4940.000000 80.000000 1.496000 8.946000
4950.000000 80.000000 2.010000 8.975000
4960.000000 80.000000 2.523000 8.974000
4970.000000 80.000000 3.034000 8.854000
4980.000000 80.000000 3.545000 8.735000
4990.000000 80.000000 4.049000 9.189000
5000.000000 80.000000 4.560000 9.235000
5010.000000 80.000000 5.071000 9.281000
5020.000000 80.000000 5.582000 9.327000
5030.000000 80.000000 6.093000 9.373000
5040.000000 80.000000 6.604000 9.419000
5050.000000 80.000000 7.115000 9.465000
5060.000000 80.000000 7.626000 9.511000
5070.000000 80.000000 8.137000 9.557000
5080.000000 80.000000 8.648000 9.603000
5090.000000 80.000000 9.159000 9.649000
5100.000000 80.000000 9.670000 9.695000
4960.000000 82.000000 14.943000 9.930000
4970.000000 82.000000 14.312000 10.060000
4980.000000 82.000000 13.680000 10.189000
4990.000000 82.000000 13.049000 10.319000
5000.000000 82.000000 12.449000 10.435000
5010.000000 82.000000 11.863000 10.546000
5020.000000 82.000000 11.277000 10.657000
5030.000000 82.000000 10.656000 10.764000
5040.000000 82.000000 9.895000 10.970000
5050.000000 82.000000 9.264000 11.100000
5060.000000 82.000000 8.633000 11.230000
5070.000000 82.000000 8.002000 11.360000
5080.000000 82.000000 7.371000 11.490000
5090.000000 82.000000 6.740000 11.620000
5100.000000 82.000000 6.109000 11.750000
5110.000000 82.000000 5.478000 11.880000
5120.000000 82.000000 4.847000 12.010000
5130.000000 82.000000 4.216000 12.140000
5140.000000 82.000000 3.585000 12.270000
5150.000000 82.000000 2.954000 12.400000
4960.000000 83.000000 15.153000 8.933000
4970.000000 83.000000 14.522000 9.018000
4980.000000 83.000000 13.891000 9.103000
4990.000000 83.000000 13.259000 9.188000
5000.000000 83.000000 12.598000 9.299000
5010.000000 83.000000 11.936000 9.410000
5020.000000 83.000000 11.282000 9.541000
5030.000000 83.000000 10.658000 9.755000
5040.000000 83.000000 10.105000 9.613000
5050.000000 83.000000 9.474000 9.698000
5060.000000 83.000000 8.843000 9.783000
5070.000000 83.000000 8.212000 9.868000
5080.000000 83.000000 7.581000 9.953000
5090.000000 83.000000 6.950000 10.038000
5100.000000 83.000000 6.319000 10.123000
5110.000000 83.000000 5.688000 10.208000
5120.000000 83.000000 5.057000 10.293000
5130.000000 83.000000 4.426000 10.378000
5140.000000 83.000000 3.795000 10.463000
5150.000000 83.000000 3.164000 10.548000
5010.000000 84.000000 0.180000 11.602000
5020.000000 84.000000 0.925000 11.393000
5030.000000 84.000000 1.670000 11.184000
5040.000000 84.000000 2.405000 10.949000
5050.000000 84.000000 3.134000 10.701000
5060.000000 84.000000 3.863000 10.454000
5070.000000 84.000000 4.609000 10.200000
5080.000000 84.000000 5.356000 9.945000
5090.000000 84.000000 6.140000 9.930000
5100.000000 84.000000 6.885000 9.721000
5110.000000 84.000000 7.630000 9.512000
5120.000000 84.000000 8.375000 9.303000
5130.000000 84.000000 9.120000 9.094000
5140.000000 84.000000 9.865000 8.885000
5150.000000 84.000000 10.610000 8.676000
5160.000000 84.000000 11.355000 8.467000
5170.000000 84.000000 12.100000 8.258000
5180.000000 84.000000 12.845000 8.049000
5190.000000 84.000000 13.590000 7.840000
5200.000000 84.000000 14.335000 7.631000
5230.000000 87.000000 5.098000 11.218000
5240.000000 87.000000 5.612000 11.156000
5250.000000 87.000000 6.127000 11.094000
5260.000000 87.000000 6.641000 11.032000
5270.000000 87.000000 7.149000 10.932000
5280.000000 87.000000 7.655000 10.828000
5290.000000 87.000000 8.161000 10.723000
5300.000000 87.000000 8.684000 10.636000
5310.000000 87.000000 9.210000 10.722000
5320.000000 87.000000 9.724000 10.660000
5330.000000 87.000000 10.238000 10.598000
5340.000000 87.000000 10.752000 10.536000
5350.000000 87.000000 11.266000 10.474000
5360.000000 87.000000 11.780000 10.412000
5370.000000 87.000000 12.294000 10.350000
5380.000000 87.000000 12.808000 10.288000
5390.000000 87.000000 13.322000 10.226000
5400.000000 87.000000 13.836000 10.164000
5410.000000 87.000000 14.350000 10.102000
5420.000000 87.000000 14.864000 10.040000
5240.000000 88.000000 14.842000 8.292000
5250.000000 88.000000 14.346000 8.360000
5260.000000 88.000000 13.850000 8.428000
5270.000000 88.000000 13.346000 8.547000
5280.000000 88.000000 12.839000 8.688000
5290.000000 88.000000 12.353000 8.774000
5300.000000 88.000000 11.889000 8.804000
5310.000000 88.000000 11.421000 8.844000
5320.000000 88.000000 10.874000 8.836000
5330.000000 88.000000 10.378000 8.904000
5340.000000 88.000000 9.882000 8.972000
5350.000000 88.000000 9.386000 9.040000
5360.000000 88.000000 8.890000 9.108000
5370.000000 88.000000 8.394000 9.176000
5380.000000 88.000000 7.898000 9.244000
5390.000000 88.000000 7.402000 9.312000
5400.000000 88.000000 6.906000 9.380000
5410.000000 88.000000 6.410000 9.448000
5420.000000 88.000000 5.914000 9.516000
5430.000000 88.000000 5.418000 9.584000
5240.000000 89.000000 14.810000 8.876000
5250.000000 89.000000 14.377000 8.919000
5260.000000 89.000000 13.943000 8.963000
5270.000000 89.000000 13.490000 9.026000
5280.000000 89.000000 12.961000 9.171000
5290.000000 89.000000 12.432000 9.316000
5300.000000 89.000000 11.902000 9.460000
5310.000000 89.000000 11.442000 9.626000
5320.000000 89.000000 11.346000 9.220000
5330.000000 89.000000 10.913000 9.263000
5340.000000 89.000000 10.480000 9.306000
5350.000000 89.000000 10.047000 9.349000
5360.000000 89.000000 9.614000 9.392000
5370.000000 89.000000 9.181000 9.435000
5380.000000 89.000000 8.748000 9.478000
5390.000000 89.000000 8.315000 9.521000
5400.000000 89.000000 7.882000 9.564000
5410.000000 89.000000 7.449000 9.607000
5420.000000 89.000000 7.016000 9.650000
5430.000000 89.000000 6.583000 9.693000
5270.000000 90.000000 15.242000 7.443000
5280.000000 90.000000 14.484000 7.577000
5290.000000 90.000000 13.727000 7.711000
5300.000000 90.000000 12.981000 7.850000
5310.000000 90.000000 12.266000 8.003000
5320.000000 90.000000 11.550000 8.155000
5330.000000 90.000000 10.863000 8.333000
5340.000000 90.000000 10.183000 8.517000
5350.000000 90.000000 9.178000 8.515000
5360.000000 90.000000 8.420000 8.649000
5370.000000 90.000000 7.662000 8.783000
5380.000000 90.000000 6.904000 8.917000
5390.000000 90.000000 6.146000 9.051000
5400.000000 90.000000 5.388000 9.185000
5410.000000 90.000000 4.630000 9.319000
5420.000000 90.000000 3.872000 9.453000
5430.000000 90.000000 3.114000 9.587000
5440.000000 90.000000 2.356000 9.721000
5450.000000 90.000000 1.598000 9.855000
5460.000000 90.000000 0.840000 9.989000
5300.000000 91.000000 2.649000 8.875000
5310.000000 91.000000 3.189000 9.009000
5320.000000 91.000000 3.728000 9.144000
5330.000000 91.000000 4.267000 9.278000
5340.000000 91.000000 4.821000 9.395000
5350.000000 91.000000 5.385000 9.500000
5360.000000 91.000000 5.959000 9.599000
5370.000000 91.000000 6.621000 9.650000
5380.000000 91.000000 6.969000 9.947000
5390.000000 91.000000 7.509000 10.081000
5400.000000 91.000000 8.049000 10.215000
5410.000000 91.000000 8.589000 10.349000
5420.000000 91.000000 9.129000 10.483000
5430.000000 91.000000 9.669000 10.617000
5440.000000 91.000000 10.209000 10.751000
5450.000000 91.000000 10.749000 10.885000
5460.000000 91.000000 11.289000 11.019000
5470.000000 91.000000 11.829000 11.153000
5480.000000 91.000000 12.369000 11.287000
5490.000000 91.000000 12.909000 11.421000
5410.000000 92.000000 0.360000 12.524000
5420.000000 92.000000 1.071000 12.424000
5430.000000 92.000000 1.781000 12.325000
5440.000000 92.000000 2.564000 12.144000
5450.000000 92.000000 3.355000 11.955000
5460.000000 92.000000 4.146000 11.766000
5470.000000 92.000000 4.778000 11.570000
5480.000000 92.000000 5.409000 11.374000
5490.000000 92.000000 6.048000 11.724000
5500.000000 92.000000 6.759000 11.624000
5510.000000 92.000000 7.470000 11.524000
5520.000000 92.000000 8.181000 11.424000
5530.000000 92.000000 8.892000 11.324000
5540.000000 92.000000 9.603000 11.224000
5550.000000 92.000000 10.314000 11.124000
5560.000000 92.000000 11.025000 11.024000
5570.000000 92.000000 11.736000 10.924000
5580.000000 92.000000 12.447000 10.824000
5590.000000 92.000000 13.158000 10.724000
5600.000000 92.000000 13.869000 10.624000
5410.000000 93.000000 0.511000 13.619000
5420.000000 93.000000 1.022000 13.432000
5430.000000 93.000000 1.533000 13.244000
5440.000000 93.000000 2.014000 13.107000
5450.000000 93.000000 2.465000 13.022000
5460.000000 93.000000 2.916000 12.937000
5470.000000 93.000000 3.450000 12.828000
5480.000000 93.000000 4.018000 12.709000
5490.000000 93.000000 4.599000 12.123000
5500.000000 93.000000 5.110000 11.936000
5510.000000 93.000000 5.621000 11.749000
5520.000000 93.000000 6.132000 11.562000
5530.000000 93.000000 6.643000 11.375000
5540.000000 93.000000 7.154000 11.188000
5550.000000 93.000000 7.665000 11.001000
5560.000000 93.000000 8.176000 10.814000
5570.000000 93.000000 8.687000 10.627000
5580.000000 93.000000 9.198000 10.440000
5590.000000 93.000000 9.709000 10.253000
5600.000000 93.000000 10.220000 10.066000
5480.000000 94.000000 0.358000 11.885000
5490.000000 94.000000 0.989000 11.838000
5500.000000 94.000000 1.621000 11.790000
5510.000000 94.000000 2.163000 11.739000
5520.000000 94.000000 2.705000 11.679000
5530.000000 94.000000 3.235000 11.526000
5540.000000 94.000000 3.766000 11.374000
5550.000000 94.000000 4.351000 11.232000
5560.000000 94.000000 5.406000 11.509000
5570.000000 94.000000 6.037000 11.462000
5580.000000 94.000000 6.668000 11.415000
5590.000000 94.000000 7.299000 11.368000
5600.000000 94.000000 7.930000 11.321000
5610.000000 94.000000 8.561000 11.274000
5620.000000 94.000000 9.192000 11.227000
5630.000000 94.000000 9.823000 11.180000
5640.000000 94.000000 10.454000 11.133000
5650.000000 94.000000 11.085000 11.086000
5660.000000 94.000000 11.716000 11.039000
5670.000000 94.000000 12.347000 10.992000
5660.000000 95.000000 0.031000 12.330000
5670.000000 95.000000 0.507000 12.135000
5680.000000 95.000000 0.982000 11.941000
5690.000000 95.000000 1.459000 11.752000
5700.000000 95.000000 1.942000 11.610000
5710.000000 95.000000 2.425000 11.469000
5720.000000 95.000000 2.937000 11.326000
5730.000000 95.000000 3.494000 11.181000
5740.000000 95.000000 3.839000 10.770000
5750.000000 95.000000 4.315000 10.575000
5760.000000 95.000000 4.791000 10.380000
5770.000000 95.000000 5.267000 10.185000
5780.000000 95.000000 5.743000 9.990000
5790.000000 95.000000 6.219000 9.795000
5800.000000 95.000000 6.695000 9.600000
5810.000000 95.000000 7.171000 9.405000
5820.000000 95.000000 7.647000 9.210000
5830.000000 95.000000 8.123000 9.015000
5840.000000 95.000000 8.599000 8.820000
5850.000000 95.000000 9.075000 8.625000
5670.000000 96.000000 0.229000 11.467000
5680.000000 96.000000 0.743000 11.286000
5690.000000 96.000000 1.256000 11.104000
5700.000000 96.000000 1.737000 10.927000
5710.000000 96.000000 2.204000 10.750000
5720.000000 96.000000 2.694000 10.593000
5730.000000 96.000000 3.220000 10.466000
5740.000000 96.000000 3.746000 10.339000
5750.000000 96.000000 4.341000 10.019000
5760.000000 96.000000 4.855000 9.838000
5770.000000 96.000000 5.369000 9.657000
5780.000000 96.000000 5.883000 9.476000
5790.000000 96.000000 6.397000 9.295000
5800.000000 96.000000 6.911000 9.114000
5810.000000 96.000000 7.425000 8.933000
5820.000000 96.000000 7.939000 8.752000
5830.000000 96.000000 8.453000 8.571000
5840.000000 96.000000 8.967000 8.390000
5850.000000 96.000000 9.481000 8.209000
5860.000000 96.000000 9.995000 8.028000
5970.000000 97.000000 14.796000 8.119000
5980.000000 97.000000 14.250000 8.223000
5990.000000 97.000000 13.705000 8.328000
6000.000000 97.000000 13.160000 8.426000
6010.000000 97.000000 12.616000 8.511000
6020.000000 97.000000 12.073000 8.596000
6030.000000 97.000000 11.520000 8.698000
6040.000000 97.000000 10.928000 8.869000
6050.000000 97.000000 10.428000 8.951000
6060.000000 97.000000 9.882000 9.055000
6070.000000 97.000000 9.336000 9.159000
6080.000000 97.000000 8.790000 9.263000
6090.000000 97.000000 8.244000 9.367000
6100.000000 97.000000 7.698000 9.471000
6110.000000 97.000000 7.152000 9.575000
6120.000000 97.000000 6.606000 9.679000
6130.000000 97.000000 6.060000 9.783000
6140.000000 97.000000 5.514000 9.887000
6150.000000 97.000000 4.968000 9.991000
6160.000000 97.000000 4.422000 10.095000
5970.000000 98.000000 14.748000 8.769000
5980.000000 98.000000 14.275000 8.836000
5990.000000 98.000000 13.801000 8.903000
6000.000000 98.000000 13.304000 8.988000
6010.000000 98.000000 12.752000 9.115000
6020.000000 98.000000 12.199000 9.241000
6030.000000 98.000000 11.650000 9.369000
6040.000000 98.000000 11.134000 9.499000
6050.000000 98.000000 10.964000 9.305000
6060.000000 98.000000 10.491000 9.372000
6070.000000 98.000000 10.018000 9.439000
6080.000000 98.000000 9.545000 9.506000
6090.000000 98.000000 9.072000 9.573000
6100.000000 98.000000 8.599000 9.640000
6110.000000 98.000000 8.126000 9.707000
6120.000000 98.000000 7.653000 9.774000
6130.000000 98.000000 7.180000 9.841000
6140.000000 98.000000 6.707000 9.908000
6150.000000 98.000000 6.234000 9.975000
6160.000000 98.000000 5.761000 10.042000
6040.000000 99.000000 14.923000 8.732000
6050.000000 99.000000 14.300000 8.834000
6060.000000 99.000000 13.676000 8.936000
6070.000000 99.000000 13.055000 9.022000
6080.000000 99.000000 12.439000 9.084000
6090.000000 99.000000 11.824000 9.146000
6100.000000 99.000000 11.192000 9.235000
6110.000000 99.000000 10.554000 9.337000
6120.000000 99.000000 9.939000 9.548000
6130.000000 99.000000 9.316000 9.650000
6140.000000 99.000000 8.693000 9.752000
6150.000000 99.000000 8.070000 9.854000
6160.000000 99.000000 7.447000 9.956000
6170.000000 99.000000 6.824000 10.058000
6180.000000 99.000000 6.201000 10.160000
6190.000000 99.000000 5.578000 10.262000
6200.000000 99.000000 4.955000 10.364000
6210.000000 99.000000 4.332000 10.466000
6220.000000 99.000000 3.709000 10.568000
6230.000000 99.000000 3.086000 10.670000
6290.000000 104.000000 0.542000 13.766000
6300.000000 104.000000 1.198000 13.670000
6310.000000 104.000000 1.853000 13.575000
6320.000000 104.000000 2.509000 13.480000
6330.000000 104.000000 3.161000 13.386000
6340.000000 104.000000 3.807000 13.299000
6350.000000 104.000000 4.452000 13.211000
6360.000000 104.000000 5.120000 13.120000
6370.000000 104.000000 5.790000 12.998000
6380.000000 104.000000 6.446000 12.902000
6390.000000 104.000000 7.102000 12.806000
6400.000000 104.000000 7.758000 12.710000
6410.000000 104.000000 8.414000 12.614000
6420.000000 104.000000 9.070000 12.518000
6430.000000 104.000000 9.726000 12.422000
6440.000000 104.000000 10.382000 12.326000
6450.000000 104.000000 11.038000 12.230000
6460.000000 104.000000 11.694000 12.134000
6470.000000 104.000000 12.350000 12.038000
6480.000000 104.000000 13.006000 11.942000
6360.000000 105.000000 -0.063000 13.025000
6370.000000 105.000000 0.358000 12.964000
6380.000000 105.000000 0.779000 12.903000
6390.000000 105.000000 1.200000 12.842000
6400.000000 105.000000 1.621000 12.780000
6410.000000 105.000000 2.076000 12.719000
6420.000000 105.000000 2.540000 12.658000
6430.000000 105.000000 3.004000 12.597000
6440.000000 105.000000 3.305000 12.537000
6450.000000 105.000000 3.726000 12.476000
6460.000000 105.000000 4.147000 12.415000
6470.000000 105.000000 4.568000 12.354000
6480.000000 105.000000 4.989000 12.293000
6490.000000 105.000000 5.410000 12.232000
6500.000000 105.000000 5.831000 12.171000
6510.000000 105.000000 6.252000 12.110000
6520.000000 105.000000 6.673000 12.049000
6530.000000 105.000000 7.094000 11.988000
6540.000000 105.000000 7.515000 11.927000
6550.000000 105.000000 7.936000 11.866000
6430.000000 106.000000 14.985000 8.759000
6440.000000 106.000000 14.404000 8.768000
6450.000000 106.000000 13.823000 8.778000
6460.000000 106.000000 13.237000 8.847000
6470.000000 106.000000 12.646000 8.976000
6480.000000 106.000000 12.056000 9.104000
6490.000000 106.000000 11.515000 9.282000
6500.000000 106.000000 10.980000 9.467000
6510.000000 106.000000 10.337000 8.831000
6520.000000 106.000000 9.756000 8.840000
6530.000000 106.000000 9.175000 8.849000
6540.000000 106.000000 8.594000 8.858000
6550.000000 106.000000 8.013000 8.867000
6560.000000 106.000000 7.432000 8.876000
6570.000000 106.000000 6.851000 8.885000
6580.000000 106.000000 6.270000 8.894000
6590.000000 106.000000 5.689000 8.903000
6600.000000 106.000000 5.108000 8.912000
6610.000000 106.000000 4.527000 8.921000
6620.000000 106.000000 3.946000 8.930000
6430.000000 107.000000 15.256000 8.168000
6440.000000 107.000000 14.633000 8.228000
6450.000000 107.000000 14.011000 8.287000
6460.000000 107.000000 13.388000 8.354000
6470.000000 107.000000 12.764000 8.436000
6480.000000 107.000000 12.139000 8.518000
6490.000000 107.000000 11.526000 8.645000
6500.000000 107.000000 10.927000 8.839000
6510.000000 107.000000 10.272000 8.648000
6520.000000 107.000000 9.649000 8.708000
6530.000000 107.000000 9.026000 8.768000
6540.000000 107.000000 8.403000 8.828000
6550.000000 107.000000 7.780000 8.888000
6560.000000 107.000000 7.157000 8.948000
6570.000000 107.000000 6.534000 9.008000
6580.000000 107.000000 5.911000 9.068000
6590.000000 107.000000 5.288000 9.128000
6600.000000 107.000000 4.665000 9.188000
6610.000000 107.000000 4.042000 9.248000
6620.000000 107.000000 3.419000 9.308000
6890.000000 112.000000 14.822000 7.432000
6900.000000 112.000000 14.138000 7.575000
6910.000000 112.000000 13.454000 7.718000
6920.000000 112.000000 12.808000 7.883000
6930.000000 112.000000 12.166000 8.050000
6940.000000 112.000000 11.499000 8.203000
6950.000000 112.000000 10.829000 8.355000
6960.000000 112.000000 10.210000 8.506000
6970.000000 112.000000 9.350000 8.576000
6980.000000 112.000000 8.666000 8.719000
6990.000000 112.000000 7.982000 8.862000
7000.000000 112.000000 7.298000 9.005000
7010.000000 112.000000 6.614000 9.148000
7020.000000 112.000000 5.930000 9.291000
7030.000000 112.000000 5.246000 9.434000
7040.000000 112.000000 4.562000 9.577000
7050.000000 112.000000 3.878000 9.720000
7060.000000 112.000000 3.194000 9.863000
7070.000000 112.000000 2.510000 10.006000
7080.000000 112.000000 1.826000 10.149000
6890.000000 113.000000 15.008000 8.077000
6900.000000 113.000000 14.358000 8.208000
6910.000000 113.000000 13.707000 8.338000
6920.000000 113.000000 13.098000 8.473000
6930.000000 113.000000 12.507000 8.611000
6940.000000 113.000000 11.917000 8.748000
6950.000000 113.000000 11.329000 8.877000
6960.000000 113.000000 10.742000 9.007000
6970.000000 113.000000 9.808000 9.125000
6980.000000 113.000000 9.158000 9.256000
6990.000000 113.000000 8.508000 9.387000
7000.000000 113.000000 7.858000 9.518000
7010.000000 113.000000 7.208000 9.649000
7020.000000 113.000000 6.558000 9.780000
7030.000000 113.000000 5.908000 9.911000
7040.000000 113.000000 5.258000 10.042000
7050.000000 113.000000 4.608000 10.173000
7060.000000 113.000000 3.958000 10.304000
7070.000000 113.000000 3.308000 10.435000
7080.000000 113.000000 2.658000 10.566000
7170.000000 116.000000 0.084000 11.050000
7180.000000 116.000000 0.602000 10.967000
7190.000000 116.000000 1.120000 10.885000
7200.000000 116.000000 1.610000 10.795000
7210.000000 116.000000 2.056000 10.693000
7220.000000 116.000000 2.503000 10.592000
7230.000000 116.000000 2.956000 10.490000
7240.000000 116.000000 3.470000 10.375000
7250.000000 116.000000 4.228000 10.386000
7260.000000 116.000000 4.746000 10.303000
7270.000000 116.000000 5.264000 10.220000
7280.000000 116.000000 5.782000 10.137000
7290.000000 116.000000 6.300000 10.054000
7300.000000 116.000000 6.818000 9.971000
7310.000000 116.000000 7.336000 9.888000
7320.000000 116.000000 7.854000 9.805000
7330.000000 116.000000 8.372000 9.722000
7340.000000 116.000000 8.890000 9.639000
7350.000000 116.000000 9.408000 9.556000
7360.000000 116.000000 9.926000 9.473000
7180.000000 117.000000 0.255000 10.400000
7190.000000 117.000000 0.755000 10.300000
7200.000000 117.000000 1.255000 10.201000
7210.000000 117.000000 1.765000 10.106000
7220.000000 117.000000 2.276000 10.013000
7230.000000 117.000000 2.792000 9.914000
7240.000000 117.000000 3.347000 9.771000
7250.000000 117.000000 3.903000 9.628000
7260.000000 117.000000 4.255000 9.600000
7270.000000 117.000000 4.755000 9.500000
7280.000000 117.000000 5.255000 9.400000
7290.000000 117.000000 5.755000 9.300000
7300.000000 117.000000 6.255000 9.200000
7310.000000 117.000000 6.755000 9.100000
7320.000000 117.000000 7.255000 9.000000
7330.000000 117.000000 7.755000 8.900000
7340.000000 117.000000 8.255000 8.800000
7350.000000 117.000000 8.755000 8.700000
7360.000000 117.000000 9.255000 8.600000
7370.000000 117.000000 9.755000 8.500000