 5 4
 6 3 2
 9 10
 13 11 12
 16 15 14 17 18 20
 23 24
 28 29
 34 33
 42 41 44 43
 51 52
 53 54
 59 60
 61 62
 65 66
 70 71 72 73
 74 75 76
 84 85
 88 89
 92 93
 98 99
 100 101
 103 104 105
 109 110
 106 107
 121 122
 126 127
 130 131
 137 139 138
 142 143
 145 146
 149 150
 153 154
 180 181
 182 183 184
 178 179
 186 187 188
 202 203
 192 193
 196 197
 211 210
 212 213 214
 217 218
 227 228
 230 231
 234 235
 237 239 240 243
 241 242
 246 245
 247 248 249
 251 252 253
 250 255 256
 257 260
 259 258
 261 262
 263 264
 269 268 267 266 265 270
 275 278 279 283
 298 297 295 296
 300 301
 304 303
 307 308 309 310
 312 311
 313 314
 320 321 322 323 324
 329 328 327 326 325
 332 333
 334 335 336 337 338 339
 343 344
 347 346
 351 352 353
 357 358
 360 361
 362 363
 364 365 366
